       101  ES12.5    
 1.00000E-10 1.00000E-09 1.00000E-08 2.30000E-08 5.00000E-08 7.60000E-08 1.15000E-07
 1.70000E-07 2.55000E-07 3.80000E-07 5.50000E-07 8.40000E-07 1.27500E-06 1.90000E-06
 2.80000E-06 4.25000E-06 6.30000E-06 9.20000E-06 1.35000E-05 2.10000E-05 3.00000E-05
 4.50000E-05 6.90000E-05 1.00000E-04 1.35000E-04 1.70000E-04 2.20000E-04 2.80000E-04
 3.60000E-04 4.50000E-04 5.75000E-04 7.60000E-04 9.60000E-04 1.27500E-03 1.60000E-03
 2.00000E-03 2.70000E-03 3.40000E-03 4.50000E-03 5.50000E-03 7.20000E-03 9.20000E-03
 1.20000E-02 1.50000E-02 1.90000E-02 2.55000E-02 3.20000E-02 4.00000E-02 5.25000E-02
 6.60000E-02 8.80000E-02 1.10000E-01 1.35000E-01 1.60000E-01 1.90000E-01 2.20000E-01
 2.55000E-01 2.90000E-01 3.20000E-01 3.60000E-01 4.00000E-01 4.50000E-01 5.00000E-01
 5.50000E-01 6.00000E-01 6.60000E-01 7.20000E-01 7.80000E-01 8.40000E-01 9.20000E-01
 1.00000E+00 1.20000E+00 1.40000E+00 1.60000E+00 1.80000E+00 2.00000E+00 2.30000E+00
 2.60000E+00 2.90000E+00 3.30000E+00 3.70000E+00 4.10000E+00 4.50000E+00 5.00000E+00
 5.50000E+00 6.00000E+00 6.70000E+00 7.40000E+00 8.20000E+00 9.00000E+00 1.00000E+01
 1.10000E+01 1.20000E+01 1.30000E+01 1.40000E+01 1.50000E+01 1.60000E+01 1.70000E+01
 1.80000E+01 1.90000E+01 2.00000E+01
         4
B     
 5.81548E+03 1.83897E+03 9.61748E+02 6.44914E+02 4.84671E+02 3.93572E+02 3.22004E+02
 2.63783E+02 2.15755E+02 1.78168E+02 1.45935E+02 1.18280E+02 9.64759E+01 7.92746E+01
 6.47702E+01 5.29146E+01 4.36355E+01 3.60456E+01 2.92695E+01 2.40040E+01 1.98071E+01
 1.60645E+01 1.31714E+01 1.11485E+01 9.77205E+00 8.63715E+00 7.62176E+00 6.73308E+00
 5.97599E+00 5.30892E+00 4.65057E+00 4.08891E+00 3.58378E+00 3.15275E+00 2.81174E+00
 2.45957E+00 2.15190E+00 1.88875E+00 1.67229E+00 1.48292E+00 1.30114E+00 1.14214E+00
 1.00930E+00 8.98576E-01 7.85572E-01 6.91442E-01 6.20370E-01 5.50981E-01 4.91668E-01
 4.39189E-01 3.95690E-01 3.62458E-01 3.34201E-01 3.06945E-01 2.79118E-01 2.51142E-01
 2.24449E-01 2.02632E-01 1.84371E-01 1.71522E-01 1.67563E-01 1.64003E-01 1.45953E-01
 1.20863E-01 9.80286E-02 8.04918E-02 6.84091E-02 5.97595E-02 5.25064E-02 4.65647E-02
 4.23172E-02 4.55465E-02 5.95215E-02 9.26893E-02 9.92653E-02 7.35422E-02 5.82133E-02
 7.24825E-02 6.12453E-02 6.20532E-02 6.94148E-02 5.18647E-02 3.57108E-02 2.54206E-02
 2.25833E-02 2.32843E-02 2.14104E-02 1.70236E-02 1.50150E-02 1.74714E-02 2.59664E-02
 3.22885E-02 3.42312E-02 3.46707E-02 3.38758E-02 3.20357E-02 2.90513E-02 2.56295E-02
 2.23519E-02 1.93727E-02
CD    
 1.43927E+04 4.76088E+03 2.82320E+03 2.39299E+03 2.57497E+03 3.49581E+03 5.99637E+03
 4.89300E+03 1.01070E+03 2.09723E+02 5.22246E+01 1.43840E+01 4.51980E+00 1.58924E+00
 5.74033E-01 2.21139E-01 1.00849E-01 5.95499E-02 6.40895E-01 8.28150E+00 6.53948E-02
 1.47282E+01 1.74369E+01 1.28531E+01 4.98155E+00 2.14600E+00 5.43137E+00 1.62795E+00
 6.10352E+00 1.32682E+00 2.71710E+00 6.42431E-01 9.29986E-01 8.33962E-01 1.44909E+00
 1.52236E+00 1.39913E+00 1.30252E+00 1.19848E+00 1.07826E+00 9.54601E-01 8.14301E-01
 6.75885E-01 5.52916E-01 4.28504E-01 3.42337E-01 2.85042E-01 2.37847E-01 2.02207E-01
 1.73336E-01 1.52056E-01 1.37454E-01 1.27817E-01 1.19812E-01 1.14271E-01 1.08991E-01
 1.06367E-01 1.04669E-01 1.02636E-01 1.00787E-01 9.89288E-02 9.64873E-02 9.29629E-02
 8.94737E-02 8.55956E-02 8.08000E-02 7.61870E-02 7.21055E-02 6.61818E-02 6.02524E-02
 5.25442E-02 4.38126E-02 3.69501E-02 3.16791E-02 2.77066E-02 2.37663E-02 2.02084E-02
 1.75417E-02 1.49867E-02 1.30146E-02 1.13786E-02 1.00716E-02 8.93430E-03 7.95001E-03
 7.15001E-03 6.44429E-03 5.68572E-03 5.06001E-03 4.45126E-03 3.90001E-03 3.40001E-03
 3.00001E-03 2.67500E-03 2.40001E-03 2.20001E-03 2.10001E-03 2.10001E-03 2.10000E-03
 2.10000E-03 2.10000E-03
GD    
 2.89677E+05 9.75210E+04 5.80320E+04 4.02267E+04 2.29123E+04 1.06826E+04 4.09548E+03
 1.45360E+03 5.03720E+02 1.86128E+02 6.97222E+01 2.78182E+01 2.61362E+01 3.18721E+02
 3.51098E+01 3.07638E+01 3.92876E+01 1.28389E+01 9.48493E+01 7.07198E+01 4.89082E+01
 3.18878E+01 2.36067E+01 2.67879E+01 2.68226E+01 2.73757E+01 1.66799E+01 1.36612E+01
 1.33793E+01 1.28206E+01 9.12300E+00 8.82786E+00 6.54885E+00 5.92146E+00 5.02478E+00
 4.02018E+00 3.23337E+00 2.78213E+00 2.34983E+00 1.99577E+00 1.69366E+00 1.45804E+00
 1.28105E+00 1.13246E+00 9.86387E-01 8.77656E-01 7.94685E-01 7.08692E-01 6.11024E-01
 4.81366E-01 3.79886E-01 3.26172E-01 2.88631E-01 2.59318E-01 2.37446E-01 2.24559E-01
 2.13179E-01 1.99604E-01 1.91852E-01 1.85374E-01 1.80817E-01 1.75113E-01 1.71843E-01
 1.69234E-01 1.65437E-01 1.61069E-01 1.58869E-01 1.55920E-01 1.51292E-01 1.46330E-01
 1.37237E-01 1.17623E-01 1.00876E-01 8.84256E-02 7.87530E-02 6.88808E-02 5.97203E-02
 5.22140E-02 4.33623E-02 3.48501E-02 2.83178E-02 2.31100E-02 1.86937E-02 1.28246E-02
 7.87286E-03 4.88390E-03 3.15167E-03 2.57181E-03 2.21053E-03 1.91756E-03 1.82427E-03
 1.91973E-03 2.03912E-03 2.17061E-03 2.30420E-03 2.44708E-03 2.59870E-03 2.75071E-03
 2.90304E-03 3.05563E-03
AU197G
 7.48095E+02 2.36939E+02 1.24465E+02 8.40874E+01 6.38524E+01 5.24876E+01 4.37285E+01
 3.68047E+01 3.13854E+01 2.75395E+01 2.49108E+01 2.39408E+01 2.60185E+01 3.61338E+01
 1.29946E+02 3.29874E+03 2.19441E+01 3.11414E+00 8.15681E-01 3.41791E-01 2.91702E-01
 8.41971E+01 9.60946E+00 5.57476E+00 2.51908E+01 5.55832E+00 1.44818E+01 1.99689E+01
 1.20811E+01 9.65113E+00 1.67677E+01 9.68380E+00 7.89957E+00 6.14485E+00 4.06739E+00
 3.28769E+00 2.45720E+00 2.10830E+00 1.59507E+00 1.79924E+00 1.42526E+00 1.14383E+00
 9.76143E-01 8.13962E-01 6.67410E-01 5.97962E-01 5.34589E-01 4.55879E-01 3.99285E-01
 3.49624E-01 3.11842E-01 2.90933E-01 2.74131E-01 2.59615E-01 2.48683E-01 2.39403E-01
 2.23083E-01 1.97914E-01 1.81920E-01 1.67664E-01 1.53845E-01 1.39188E-01 1.26584E-01
 1.16197E-01 1.03595E-01 9.72304E-02 9.29550E-02 8.92124E-02 8.54528E-02 8.18301E-02
 7.72584E-02 7.17667E-02 6.79499E-02 6.30499E-02 5.64999E-02 4.60583E-02 3.50179E-02
 2.90599E-02 2.31707E-02 1.72746E-02 1.30305E-02 1.06218E-02 8.41945E-03 6.75819E-03
 5.46052E-03 3.91578E-03 2.24039E-03 9.20795E-04 9.69159E-04 1.24000E-03 1.54735E-03
 1.77370E-03 1.80220E-03 1.52000E-03 1.12447E-03 7.40351E-04 4.22583E-04 2.58921E-04
 1.78466E-04 1.21116E-04
        66
LI6A    LI6(N,A)T           
 7.19790E+03 2.27613E+03 1.19042E+03 7.98294E+02 5.99973E+02 4.87236E+02 3.98632E+02
 3.26535E+02 2.67127E+02 2.20612E+02 1.80713E+02 1.46456E+02 1.19491E+02 9.81765E+01
 8.02197E+01 6.55376E+01 5.40450E+01 4.46647E+01 3.62701E+01 2.97629E+01 2.45664E+01
 1.99304E+01 1.63462E+01 1.38362E+01 1.21323E+01 1.07276E+01 9.46955E+00 8.36950E+00
 7.43514E+00 6.61002E+00 5.79291E+00 5.09804E+00 4.47493E+00 3.94129E+00 3.52234E+00
 3.08513E+00 2.70495E+00 2.37894E+00 2.11338E+00 1.87913E+00 1.65547E+00 1.46084E+00
 1.29786E+00 1.16263E+00 1.02544E+00 9.12479E-01 8.28987E-01 7.51637E-01 6.91862E-01
 6.54106E-01 6.53598E-01 7.12358E-01 8.70784E-01 1.26906E+00 2.18223E+00 3.11490E+00
 2.32007E+00 1.38922E+00 9.03040E-01 6.39651E-01 4.95673E-01 4.08256E-01 3.56636E-01
 3.22909E-01 2.97294E-01 2.77478E-01 2.62935E-01 2.51676E-01 2.41886E-01 2.33426E-01
 2.23502E-01 2.15459E-01 2.12706E-01 2.14311E-01 2.17130E-01 2.10648E-01 1.96000E-01
 1.78994E-01 1.57826E-01 1.31256E-01 1.12135E-01 1.01294E-01 8.91402E-02 7.94000E-02
 7.12005E-02 6.37860E-02 5.65717E-02 5.05377E-02 4.54002E-02 4.02502E-02 3.60002E-02
 3.27499E-02 2.92502E-02 2.70002E-02 2.50001E-02 2.32750E-02 2.15000E-02 1.95000E-02
 1.76250E-02 1.59002E-02
B10A    B10(N,A)LI7         
 2.93705E+04 9.28752E+03 4.85800E+03 3.25753E+03 2.44828E+03 1.98797E+03 1.62657E+03
 1.33238E+03 1.08976E+03 8.99889E+02 7.37064E+02 5.97340E+02 4.87287E+02 4.00363E+02
 3.27125E+02 2.67251E+02 2.20377E+02 1.82056E+02 1.47811E+02 1.21244E+02 1.00038E+02
 8.11321E+01 6.65236E+01 5.62931E+01 4.93478E+01 4.36150E+01 3.84844E+01 3.39934E+01
 3.01770E+01 2.68076E+01 2.34818E+01 2.06482E+01 1.80918E+01 1.59154E+01 1.41996E+01
 1.24183E+01 1.08666E+01 9.53484E+00 8.44504E+00 7.48663E+00 6.56883E+00 5.76804E+00
 5.09665E+00 4.53788E+00 3.96739E+00 3.49194E+00 3.13216E+00 2.78200E+00 2.48281E+00
 2.21756E+00 1.99778E+00 1.83064E+00 1.68784E+00 1.54996E+00 1.41024E+00 1.26833E+00
 1.13328E+00 1.02364E+00 9.31351E-01 8.66262E-01 8.46376E-01 8.28328E-01 7.37013E-01
 6.10272E-01 4.95141E-01 4.06603E-01 3.45459E-01 3.01864E-01 2.65179E-01 2.35173E-01
 2.13714E-01 2.30020E-01 3.00625E-01 4.68179E-01 5.01311E-01 3.71552E-01 2.94029E-01
 3.66066E-01 3.09321E-01 3.13599E-01 3.50581E-01 2.61910E-01 1.80330E-01 1.28430E-01
 1.14034E-01 1.17593E-01 1.08141E-01 8.52076E-02 6.71994E-02 5.50048E-02 4.68849E-02
 4.24164E-02 4.14666E-02 4.31814E-02 4.46960E-02 4.31557E-02 4.01914E-02 3.72470E-02
 3.43409E-02 3.14349E-02
F192    F19(N,2N)F18        
 0.00000E+00 0.00000E+00 0.00000E+00 0.00000E+00 0.00000E+00 0.00000E+00 0.00000E+00
 0.00000E+00 0.00000E+00 0.00000E+00 0.00000E+00 0.00000E+00 0.00000E+00 0.00000E+00
 0.00000E+00 0.00000E+00 0.00000E+00 0.00000E+00 0.00000E+00 0.00000E+00 0.00000E+00
 0.00000E+00 0.00000E+00 0.00000E+00 0.00000E+00 0.00000E+00 0.00000E+00 0.00000E+00
 0.00000E+00 0.00000E+00 0.00000E+00 0.00000E+00 0.00000E+00 0.00000E+00 0.00000E+00
 0.00000E+00 0.00000E+00 0.00000E+00 0.00000E+00 0.00000E+00 0.00000E+00 0.00000E+00
 0.00000E+00 0.00000E+00 0.00000E+00 0.00000E+00 0.00000E+00 0.00000E+00 0.00000E+00
 0.00000E+00 0.00000E+00 0.00000E+00 0.00000E+00 0.00000E+00 0.00000E+00 0.00000E+00
 0.00000E+00 0.00000E+00 0.00000E+00 0.00000E+00 0.00000E+00 0.00000E+00 0.00000E+00
 0.00000E+00 0.00000E+00 0.00000E+00 0.00000E+00 0.00000E+00 0.00000E+00 0.00000E+00
 0.00000E+00 0.00000E+00 0.00000E+00 0.00000E+00 0.00000E+00 0.00000E+00 0.00000E+00
 0.00000E+00 0.00000E+00 0.00000E+00 0.00000E+00 0.00000E+00 0.00000E+00 0.00000E+00
 0.00000E+00 0.00000E+00 0.00000E+00 0.00000E+00 0.00000E+00 0.00000E+00 1.99373E-07
 1.60626E-03 1.12559E-02 2.65220E-02 4.24862E-02 5.68924E-02 6.86458E-02 7.70158E-02
 8.17411E-02 8.30101E-02
NA232   NA23(N,2N)NA22      
 0.00000E+00 0.00000E+00 0.00000E+00 0.00000E+00 0.00000E+00 0.00000E+00 0.00000E+00
 0.00000E+00 0.00000E+00 0.00000E+00 0.00000E+00 0.00000E+00 0.00000E+00 0.00000E+00
 0.00000E+00 0.00000E+00 0.00000E+00 0.00000E+00 0.00000E+00 0.00000E+00 0.00000E+00
 0.00000E+00 0.00000E+00 0.00000E+00 0.00000E+00 0.00000E+00 0.00000E+00 0.00000E+00
 0.00000E+00 0.00000E+00 0.00000E+00 0.00000E+00 0.00000E+00 0.00000E+00 0.00000E+00
 0.00000E+00 0.00000E+00 0.00000E+00 0.00000E+00 0.00000E+00 0.00000E+00 0.00000E+00
 0.00000E+00 0.00000E+00 0.00000E+00 0.00000E+00 0.00000E+00 0.00000E+00 0.00000E+00
 0.00000E+00 0.00000E+00 0.00000E+00 0.00000E+00 0.00000E+00 0.00000E+00 0.00000E+00
 0.00000E+00 0.00000E+00 0.00000E+00 0.00000E+00 0.00000E+00 0.00000E+00 0.00000E+00
 0.00000E+00 0.00000E+00 0.00000E+00 0.00000E+00 0.00000E+00 0.00000E+00 0.00000E+00
 0.00000E+00 0.00000E+00 0.00000E+00 0.00000E+00 0.00000E+00 0.00000E+00 0.00000E+00
 0.00000E+00 0.00000E+00 0.00000E+00 0.00000E+00 0.00000E+00 0.00000E+00 0.00000E+00
 0.00000E+00 0.00000E+00 0.00000E+00 0.00000E+00 0.00000E+00 0.00000E+00 0.00000E+00
 0.00000E+00 1.46540E-05 6.82495E-03 3.23499E-02 5.53000E-02 7.15999E-02 8.85499E-02
 1.02775E-01 1.08800E-01
NA23G   NA23(N,G)NA24       
 4.03881E+00 1.27717E+00 6.67977E-01 4.47920E-01 3.36705E-01 2.73496E-01 2.23778E-01
 1.83303E-01 1.49950E-01 1.23833E-01 1.01453E-01 8.22533E-02 6.71880E-02 5.52724E-02
 4.52135E-02 3.69838E-02 3.05309E-02 2.53073E-02 2.07045E-02 1.71094E-02 1.42163E-02
 1.16789E-02 9.78047E-03 8.47973E-03 7.63069E-03 6.97171E-03 6.43590E-03 5.99960E-03
 5.71227E-03 5.56129E-03 5.64791E-03 6.00562E-03 6.99908E-03 9.36819E-03 1.55719E-02
 8.49323E-02 1.65880E-01 1.02773E-02 2.07674E-03 7.26184E-04 1.32512E-03 1.21807E-04
 6.18230E-05 3.65359E-05 2.39254E-05 2.15369E-05 5.15373E-03 5.95284E-04 2.29117E-03
 2.46436E-05 1.38827E-05 2.09122E-03 7.91896E-04 1.26581E-04 1.50928E-03 1.26657E-03
 5.35832E-05 1.31508E-03 7.43904E-05 6.24054E-04 5.71437E-04 2.43349E-04 2.95766E-04
 3.31933E-04 3.49905E-04 3.39680E-04 3.14494E-04 2.67918E-04 2.42778E-04 2.33334E-04
 2.24541E-04 2.14946E-04 2.06981E-04 2.00295E-04 1.94550E-04 1.88399E-04 1.82057E-04
 1.76668E-04 1.71132E-04 1.65862E-04 1.61269E-04 1.60002E-04 1.60886E-04 1.62501E-04
 1.64116E-04 1.65812E-04 1.67589E-04 1.69506E-04 1.71858E-04 1.74609E-04 1.77343E-04
 1.81058E-04 1.91112E-04 2.03823E-04 2.21176E-04 2.31540E-04 2.34623E-04 2.37705E-04
 2.40787E-04 2.43870E-04
MG24P   MG24(N,P)NA24       
 0.00000E+00 0.00000E+00 0.00000E+00 0.00000E+00 0.00000E+00 0.00000E+00 0.00000E+00
 0.00000E+00 0.00000E+00 0.00000E+00 0.00000E+00 0.00000E+00 0.00000E+00 0.00000E+00
 0.00000E+00 0.00000E+00 0.00000E+00 0.00000E+00 0.00000E+00 0.00000E+00 0.00000E+00
 0.00000E+00 0.00000E+00 0.00000E+00 0.00000E+00 0.00000E+00 0.00000E+00 0.00000E+00
 0.00000E+00 0.00000E+00 0.00000E+00 0.00000E+00 0.00000E+00 0.00000E+00 0.00000E+00
 0.00000E+00 0.00000E+00 0.00000E+00 0.00000E+00 0.00000E+00 0.00000E+00 0.00000E+00
 0.00000E+00 0.00000E+00 0.00000E+00 0.00000E+00 0.00000E+00 0.00000E+00 0.00000E+00
 0.00000E+00 0.00000E+00 0.00000E+00 0.00000E+00 0.00000E+00 0.00000E+00 0.00000E+00
 0.00000E+00 0.00000E+00 0.00000E+00 0.00000E+00 0.00000E+00 0.00000E+00 0.00000E+00
 0.00000E+00 0.00000E+00 0.00000E+00 0.00000E+00 0.00000E+00 0.00000E+00 0.00000E+00
 0.00000E+00 0.00000E+00 0.00000E+00 0.00000E+00 0.00000E+00 0.00000E+00 0.00000E+00
 0.00000E+00 0.00000E+00 0.00000E+00 0.00000E+00 0.00000E+00 3.86563E-06 4.05124E-05
 6.64996E-04 1.55768E-02 4.50902E-02 9.04293E-02 1.23661E-01 1.30814E-01 1.57242E-01
 1.74887E-01 1.92129E-01 2.01242E-01 1.86444E-01 1.63240E-01 1.40608E-01 1.19352E-01
 1.09111E-01 9.61217E-02
AL27P   AL27(N,P)MG27       
 0.00000E+00 0.00000E+00 0.00000E+00 0.00000E+00 0.00000E+00 0.00000E+00 0.00000E+00
 0.00000E+00 0.00000E+00 0.00000E+00 0.00000E+00 0.00000E+00 0.00000E+00 0.00000E+00
 0.00000E+00 0.00000E+00 0.00000E+00 0.00000E+00 0.00000E+00 0.00000E+00 0.00000E+00
 0.00000E+00 0.00000E+00 0.00000E+00 0.00000E+00 0.00000E+00 0.00000E+00 0.00000E+00
 0.00000E+00 0.00000E+00 0.00000E+00 0.00000E+00 0.00000E+00 0.00000E+00 0.00000E+00
 0.00000E+00 0.00000E+00 0.00000E+00 0.00000E+00 0.00000E+00 0.00000E+00 0.00000E+00
 0.00000E+00 0.00000E+00 0.00000E+00 0.00000E+00 0.00000E+00 0.00000E+00 0.00000E+00
 0.00000E+00 0.00000E+00 0.00000E+00 0.00000E+00 0.00000E+00 0.00000E+00 0.00000E+00
 0.00000E+00 0.00000E+00 0.00000E+00 0.00000E+00 0.00000E+00 0.00000E+00 0.00000E+00
 0.00000E+00 0.00000E+00 0.00000E+00 0.00000E+00 0.00000E+00 0.00000E+00 0.00000E+00
 0.00000E+00 0.00000E+00 0.00000E+00 0.00000E+00 2.97833E-07 2.81090E-06 2.39562E-05
 2.38637E-04 1.43824E-03 5.07572E-03 6.42746E-03 9.82122E-03 1.83772E-02 2.94357E-02
 4.71914E-02 5.53636E-02 6.78886E-02 7.95272E-02 9.06427E-02 1.00684E-01 1.06664E-01
 1.04952E-01 9.59419E-02 8.30280E-02 6.97738E-02 5.84553E-02 4.97301E-02 4.30158E-02
 3.77095E-02 3.34290E-02
AL27A   AL27(N,A)NA24       
 0.00000E+00 0.00000E+00 0.00000E+00 0.00000E+00 0.00000E+00 0.00000E+00 0.00000E+00
 0.00000E+00 0.00000E+00 0.00000E+00 0.00000E+00 0.00000E+00 0.00000E+00 0.00000E+00
 0.00000E+00 0.00000E+00 0.00000E+00 0.00000E+00 0.00000E+00 0.00000E+00 0.00000E+00
 0.00000E+00 0.00000E+00 0.00000E+00 0.00000E+00 0.00000E+00 0.00000E+00 0.00000E+00
 0.00000E+00 0.00000E+00 0.00000E+00 0.00000E+00 0.00000E+00 0.00000E+00 0.00000E+00
 0.00000E+00 0.00000E+00 0.00000E+00 0.00000E+00 0.00000E+00 0.00000E+00 0.00000E+00
 0.00000E+00 0.00000E+00 0.00000E+00 0.00000E+00 0.00000E+00 0.00000E+00 0.00000E+00
 0.00000E+00 0.00000E+00 0.00000E+00 0.00000E+00 0.00000E+00 0.00000E+00 0.00000E+00
 0.00000E+00 0.00000E+00 0.00000E+00 0.00000E+00 0.00000E+00 0.00000E+00 0.00000E+00
 0.00000E+00 0.00000E+00 0.00000E+00 0.00000E+00 0.00000E+00 0.00000E+00 0.00000E+00
 0.00000E+00 0.00000E+00 0.00000E+00 0.00000E+00 0.00000E+00 0.00000E+00 0.00000E+00
 0.00000E+00 3.57323E-09 2.85244E-07 7.41519E-07 1.19779E-06 5.95259E-06 6.67336E-05
 7.59526E-04 4.62594E-03 1.78454E-02 3.58460E-02 5.88095E-02 8.18459E-02 9.76587E-02
 1.13214E-01 1.22603E-01 1.24768E-01 1.15929E-01 1.02409E-01 8.59136E-02 6.82782E-02
 5.65000E-02 4.37129E-02
P31P    P31(N,P)SI31        
 0.00000E+00 0.00000E+00 0.00000E+00 0.00000E+00 0.00000E+00 0.00000E+00 0.00000E+00
 0.00000E+00 0.00000E+00 0.00000E+00 0.00000E+00 0.00000E+00 0.00000E+00 0.00000E+00
 0.00000E+00 0.00000E+00 0.00000E+00 0.00000E+00 0.00000E+00 0.00000E+00 0.00000E+00
 0.00000E+00 0.00000E+00 0.00000E+00 0.00000E+00 0.00000E+00 0.00000E+00 0.00000E+00
 0.00000E+00 0.00000E+00 0.00000E+00 0.00000E+00 0.00000E+00 0.00000E+00 0.00000E+00
 0.00000E+00 0.00000E+00 0.00000E+00 0.00000E+00 0.00000E+00 0.00000E+00 0.00000E+00
 0.00000E+00 0.00000E+00 0.00000E+00 0.00000E+00 0.00000E+00 0.00000E+00 0.00000E+00
 0.00000E+00 0.00000E+00 0.00000E+00 0.00000E+00 0.00000E+00 0.00000E+00 0.00000E+00
 0.00000E+00 0.00000E+00 0.00000E+00 0.00000E+00 0.00000E+00 0.00000E+00 0.00000E+00
 0.00000E+00 0.00000E+00 0.00000E+00 1.00199E-06 4.16546E-06 7.94199E-06 1.85444E-05
 5.93055E-05 3.07821E-04 9.29864E-04 5.08438E-03 7.88625E-03 1.59825E-02 3.87933E-02
 6.06634E-02 6.35425E-02 6.90850E-02 8.30400E-02 9.61925E-02 1.18470E-01 1.25844E-01
 1.29548E-01 1.38478E-01 1.36656E-01 1.34180E-01 1.38095E-01 1.41664E-01 1.40745E-01
 1.30045E-01 1.14538E-01 9.94125E-02 8.76000E-02 7.88550E-02 7.05500E-02 6.34550E-02
 5.73550E-02 5.21400E-02
S32P    S32(N,P)P32         
 0.00000E+00 0.00000E+00 0.00000E+00 0.00000E+00 0.00000E+00 0.00000E+00 0.00000E+00
 0.00000E+00 0.00000E+00 0.00000E+00 0.00000E+00 0.00000E+00 0.00000E+00 0.00000E+00
 0.00000E+00 0.00000E+00 0.00000E+00 0.00000E+00 0.00000E+00 0.00000E+00 0.00000E+00
 0.00000E+00 0.00000E+00 0.00000E+00 0.00000E+00 0.00000E+00 0.00000E+00 0.00000E+00
 0.00000E+00 0.00000E+00 0.00000E+00 0.00000E+00 0.00000E+00 0.00000E+00 0.00000E+00
 0.00000E+00 0.00000E+00 0.00000E+00 0.00000E+00 0.00000E+00 0.00000E+00 0.00000E+00
 0.00000E+00 0.00000E+00 0.00000E+00 0.00000E+00 0.00000E+00 0.00000E+00 0.00000E+00
 0.00000E+00 0.00000E+00 0.00000E+00 0.00000E+00 0.00000E+00 0.00000E+00 0.00000E+00
 0.00000E+00 0.00000E+00 0.00000E+00 0.00000E+00 0.00000E+00 0.00000E+00 0.00000E+00
 0.00000E+00 0.00000E+00 0.00000E+00 0.00000E+00 0.00000E+00 0.00000E+00 3.39223E-06
 2.82000E-05 1.26000E-04 5.18999E-04 2.03150E-03 7.56101E-03 3.30283E-02 7.07746E-02
 8.01456E-02 1.45439E-01 2.16992E-01 2.31376E-01 3.33319E-01 2.64876E-01 2.04488E-01
 2.82301E-01 3.04554E-01 3.21519E-01 3.22829E-01 3.23672E-01 3.44910E-01 3.76358E-01
 3.84763E-01 3.52880E-01 2.89755E-01 2.28090E-01 1.87405E-01 1.45335E-01 1.13600E-01
 9.36730E-02 8.17130E-02
TI462   TI46(N,2N)TI45      
 0.00000E+00 0.00000E+00 0.00000E+00 0.00000E+00 0.00000E+00 0.00000E+00 0.00000E+00
 0.00000E+00 0.00000E+00 0.00000E+00 0.00000E+00 0.00000E+00 0.00000E+00 0.00000E+00
 0.00000E+00 0.00000E+00 0.00000E+00 0.00000E+00 0.00000E+00 0.00000E+00 0.00000E+00
 0.00000E+00 0.00000E+00 0.00000E+00 0.00000E+00 0.00000E+00 0.00000E+00 0.00000E+00
 0.00000E+00 0.00000E+00 0.00000E+00 0.00000E+00 0.00000E+00 0.00000E+00 0.00000E+00
 0.00000E+00 0.00000E+00 0.00000E+00 0.00000E+00 0.00000E+00 0.00000E+00 0.00000E+00
 0.00000E+00 0.00000E+00 0.00000E+00 0.00000E+00 0.00000E+00 0.00000E+00 0.00000E+00
 0.00000E+00 0.00000E+00 0.00000E+00 0.00000E+00 0.00000E+00 0.00000E+00 0.00000E+00
 0.00000E+00 0.00000E+00 0.00000E+00 0.00000E+00 0.00000E+00 0.00000E+00 0.00000E+00
 0.00000E+00 0.00000E+00 0.00000E+00 0.00000E+00 0.00000E+00 0.00000E+00 0.00000E+00
 0.00000E+00 0.00000E+00 0.00000E+00 0.00000E+00 0.00000E+00 0.00000E+00 0.00000E+00
 0.00000E+00 0.00000E+00 0.00000E+00 0.00000E+00 0.00000E+00 0.00000E+00 0.00000E+00
 0.00000E+00 0.00000E+00 0.00000E+00 0.00000E+00 0.00000E+00 0.00000E+00 0.00000E+00
 0.00000E+00 0.00000E+00 1.87970E-03 3.30086E-02 8.81506E-02 1.39396E-01 1.79145E-01
 2.08496E-01 2.30259E-01
TI46P   TI46(N,P)SC46       
 0.00000E+00 0.00000E+00 0.00000E+00 0.00000E+00 0.00000E+00 0.00000E+00 0.00000E+00
 0.00000E+00 0.00000E+00 0.00000E+00 0.00000E+00 0.00000E+00 0.00000E+00 0.00000E+00
 0.00000E+00 0.00000E+00 0.00000E+00 0.00000E+00 0.00000E+00 0.00000E+00 0.00000E+00
 0.00000E+00 0.00000E+00 0.00000E+00 0.00000E+00 0.00000E+00 0.00000E+00 0.00000E+00
 0.00000E+00 0.00000E+00 0.00000E+00 0.00000E+00 0.00000E+00 0.00000E+00 0.00000E+00
 0.00000E+00 0.00000E+00 0.00000E+00 0.00000E+00 0.00000E+00 0.00000E+00 0.00000E+00
 0.00000E+00 0.00000E+00 0.00000E+00 0.00000E+00 0.00000E+00 0.00000E+00 0.00000E+00
 0.00000E+00 0.00000E+00 0.00000E+00 0.00000E+00 0.00000E+00 0.00000E+00 0.00000E+00
 0.00000E+00 0.00000E+00 0.00000E+00 0.00000E+00 0.00000E+00 0.00000E+00 0.00000E+00
 0.00000E+00 0.00000E+00 0.00000E+00 0.00000E+00 0.00000E+00 0.00000E+00 0.00000E+00
 0.00000E+00 0.00000E+00 0.00000E+00 0.00000E+00 0.00000E+00 4.56275E-06 2.69849E-05
 2.71968E-04 1.91608E-03 7.87657E-03 1.92319E-02 3.72018E-02 6.26293E-02 8.28161E-02
 1.08995E-01 1.58132E-01 2.05950E-01 2.34129E-01 2.53386E-01 2.72943E-01 2.92347E-01
 3.02814E-01 2.97263E-01 2.74615E-01 2.40854E-01 2.04221E-01 1.70045E-01 1.41069E-01
 1.17607E-01 9.89240E-02
TI47P   TI47(N,P)SC47       
 0.00000E+00 0.00000E+00 0.00000E+00 0.00000E+00 0.00000E+00 0.00000E+00 0.00000E+00
 0.00000E+00 0.00000E+00 0.00000E+00 0.00000E+00 0.00000E+00 0.00000E+00 0.00000E+00
 0.00000E+00 0.00000E+00 0.00000E+00 0.00000E+00 0.00000E+00 0.00000E+00 0.00000E+00
 0.00000E+00 0.00000E+00 0.00000E+00 0.00000E+00 0.00000E+00 0.00000E+00 0.00000E+00
 0.00000E+00 0.00000E+00 0.00000E+00 0.00000E+00 0.00000E+00 0.00000E+00 0.00000E+00
 0.00000E+00 0.00000E+00 0.00000E+00 0.00000E+00 0.00000E+00 0.00000E+00 0.00000E+00
 0.00000E+00 0.00000E+00 0.00000E+00 0.00000E+00 0.00000E+00 0.00000E+00 0.00000E+00
 0.00000E+00 0.00000E+00 0.00000E+00 0.00000E+00 0.00000E+00 0.00000E+00 0.00000E+00
 0.00000E+00 0.00000E+00 0.00000E+00 0.00000E+00 0.00000E+00 0.00000E+00 0.00000E+00
 0.00000E+00 0.00000E+00 2.58376E-05 3.87586E-04 7.69247E-04 8.94662E-04 1.01415E-03
 1.61888E-03 2.70884E-03 4.11166E-03 7.39168E-03 1.09846E-02 1.61551E-02 2.28699E-02
 2.90798E-02 3.54503E-02 4.18814E-02 4.93730E-02 5.49056E-02 6.02330E-02 6.75475E-02
 7.45570E-02 8.29053E-02 9.20637E-02 1.04046E-01 1.17164E-01 1.26120E-01 1.32110E-01
 1.31160E-01 1.25458E-01 1.17853E-01 1.09063E-01 9.86075E-02 8.85088E-02 7.92423E-02
 7.26130E-02 6.85972E-02
TI47X   TI47(N,X)SC46       
 0.00000E+00 0.00000E+00 0.00000E+00 0.00000E+00 0.00000E+00 0.00000E+00 0.00000E+00
 0.00000E+00 0.00000E+00 0.00000E+00 0.00000E+00 0.00000E+00 0.00000E+00 0.00000E+00
 0.00000E+00 0.00000E+00 0.00000E+00 0.00000E+00 0.00000E+00 0.00000E+00 0.00000E+00
 0.00000E+00 0.00000E+00 0.00000E+00 0.00000E+00 0.00000E+00 0.00000E+00 0.00000E+00
 0.00000E+00 0.00000E+00 0.00000E+00 0.00000E+00 0.00000E+00 0.00000E+00 0.00000E+00
 0.00000E+00 0.00000E+00 0.00000E+00 0.00000E+00 0.00000E+00 0.00000E+00 0.00000E+00
 0.00000E+00 0.00000E+00 0.00000E+00 0.00000E+00 0.00000E+00 0.00000E+00 0.00000E+00
 0.00000E+00 0.00000E+00 0.00000E+00 0.00000E+00 0.00000E+00 0.00000E+00 0.00000E+00
 0.00000E+00 0.00000E+00 0.00000E+00 0.00000E+00 0.00000E+00 0.00000E+00 0.00000E+00
 0.00000E+00 0.00000E+00 0.00000E+00 0.00000E+00 0.00000E+00 0.00000E+00 0.00000E+00
 0.00000E+00 0.00000E+00 0.00000E+00 0.00000E+00 0.00000E+00 0.00000E+00 0.00000E+00
 0.00000E+00 0.00000E+00 0.00000E+00 0.00000E+00 0.00000E+00 0.00000E+00 0.00000E+00
 0.00000E+00 0.00000E+00 0.00000E+00 0.00000E+00 6.02396E-08 4.02247E-06 1.97762E-04
 1.54485E-03 5.65961E-03 2.22518E-02 5.42507E-02 9.29226E-02 1.31459E-01 1.65978E-01
 1.95008E-01 2.18714E-01
TI48P   TI48(N,P)SC48       
 0.00000E+00 0.00000E+00 0.00000E+00 0.00000E+00 0.00000E+00 0.00000E+00 0.00000E+00
 0.00000E+00 0.00000E+00 0.00000E+00 0.00000E+00 0.00000E+00 0.00000E+00 0.00000E+00
 0.00000E+00 0.00000E+00 0.00000E+00 0.00000E+00 0.00000E+00 0.00000E+00 0.00000E+00
 0.00000E+00 0.00000E+00 0.00000E+00 0.00000E+00 0.00000E+00 0.00000E+00 0.00000E+00
 0.00000E+00 0.00000E+00 0.00000E+00 0.00000E+00 0.00000E+00 0.00000E+00 0.00000E+00
 0.00000E+00 0.00000E+00 0.00000E+00 0.00000E+00 0.00000E+00 0.00000E+00 0.00000E+00
 0.00000E+00 0.00000E+00 0.00000E+00 0.00000E+00 0.00000E+00 0.00000E+00 0.00000E+00
 0.00000E+00 0.00000E+00 0.00000E+00 0.00000E+00 0.00000E+00 0.00000E+00 0.00000E+00
 0.00000E+00 0.00000E+00 0.00000E+00 0.00000E+00 0.00000E+00 0.00000E+00 0.00000E+00
 0.00000E+00 0.00000E+00 0.00000E+00 0.00000E+00 0.00000E+00 0.00000E+00 0.00000E+00
 0.00000E+00 0.00000E+00 0.00000E+00 0.00000E+00 0.00000E+00 0.00000E+00 0.00000E+00
 0.00000E+00 1.09859E-09 4.55846E-07 1.62719E-06 6.03966E-06 4.36793E-05 2.60476E-04
 1.00629E-03 3.35424E-03 8.01402E-03 1.36295E-02 1.94074E-02 2.63988E-02 3.55712E-02
 4.58402E-02 5.53277E-02 6.11953E-02 6.18294E-02 5.80376E-02 5.20307E-02 4.56513E-02
 3.97658E-02 3.47481E-02
TI48X   TI48(N,X)SC47       
 0.00000E+00 0.00000E+00 0.00000E+00 0.00000E+00 0.00000E+00 0.00000E+00 0.00000E+00
 0.00000E+00 0.00000E+00 0.00000E+00 0.00000E+00 0.00000E+00 0.00000E+00 0.00000E+00
 0.00000E+00 0.00000E+00 0.00000E+00 0.00000E+00 0.00000E+00 0.00000E+00 0.00000E+00
 0.00000E+00 0.00000E+00 0.00000E+00 0.00000E+00 0.00000E+00 0.00000E+00 0.00000E+00
 0.00000E+00 0.00000E+00 0.00000E+00 0.00000E+00 0.00000E+00 0.00000E+00 0.00000E+00
 0.00000E+00 0.00000E+00 0.00000E+00 0.00000E+00 0.00000E+00 0.00000E+00 0.00000E+00
 0.00000E+00 0.00000E+00 0.00000E+00 0.00000E+00 0.00000E+00 0.00000E+00 0.00000E+00
 0.00000E+00 0.00000E+00 0.00000E+00 0.00000E+00 0.00000E+00 0.00000E+00 0.00000E+00
 0.00000E+00 0.00000E+00 0.00000E+00 0.00000E+00 0.00000E+00 0.00000E+00 0.00000E+00
 0.00000E+00 0.00000E+00 0.00000E+00 0.00000E+00 0.00000E+00 0.00000E+00 0.00000E+00
 0.00000E+00 0.00000E+00 0.00000E+00 0.00000E+00 0.00000E+00 0.00000E+00 0.00000E+00
 0.00000E+00 0.00000E+00 0.00000E+00 0.00000E+00 0.00000E+00 0.00000E+00 0.00000E+00
 0.00000E+00 0.00000E+00 0.00000E+00 0.00000E+00 0.00000E+00 9.72986E-07 9.88551E-06
 7.87612E-05 6.16581E-04 3.25759E-03 1.02324E-02 2.09799E-02 3.82642E-02 6.26527E-02
 8.87926E-02 1.11446E-01
TI49X   TI49(N,X)SC48       
 0.00000E+00 0.00000E+00 0.00000E+00 0.00000E+00 0.00000E+00 0.00000E+00 0.00000E+00
 0.00000E+00 0.00000E+00 0.00000E+00 0.00000E+00 0.00000E+00 0.00000E+00 0.00000E+00
 0.00000E+00 0.00000E+00 0.00000E+00 0.00000E+00 0.00000E+00 0.00000E+00 0.00000E+00
 0.00000E+00 0.00000E+00 0.00000E+00 0.00000E+00 0.00000E+00 0.00000E+00 0.00000E+00
 0.00000E+00 0.00000E+00 0.00000E+00 0.00000E+00 0.00000E+00 0.00000E+00 0.00000E+00
 0.00000E+00 0.00000E+00 0.00000E+00 0.00000E+00 0.00000E+00 0.00000E+00 0.00000E+00
 0.00000E+00 0.00000E+00 0.00000E+00 0.00000E+00 0.00000E+00 0.00000E+00 0.00000E+00
 0.00000E+00 0.00000E+00 0.00000E+00 0.00000E+00 0.00000E+00 0.00000E+00 0.00000E+00
 0.00000E+00 0.00000E+00 0.00000E+00 0.00000E+00 0.00000E+00 0.00000E+00 0.00000E+00
 0.00000E+00 0.00000E+00 0.00000E+00 0.00000E+00 0.00000E+00 0.00000E+00 0.00000E+00
 0.00000E+00 0.00000E+00 0.00000E+00 0.00000E+00 0.00000E+00 0.00000E+00 0.00000E+00
 0.00000E+00 0.00000E+00 0.00000E+00 0.00000E+00 0.00000E+00 0.00000E+00 0.00000E+00
 0.00000E+00 0.00000E+00 0.00000E+00 0.00000E+00 0.00000E+00 7.58963E-09 1.40343E-06
 5.22785E-05 4.36620E-04 1.85152E-03 5.59812E-03 1.32722E-02 2.52728E-02 3.93495E-02
 5.23877E-02 6.28305E-02
V51A    V51(N,A)SC48        
 0.00000E+00 0.00000E+00 0.00000E+00 0.00000E+00 0.00000E+00 0.00000E+00 0.00000E+00
 0.00000E+00 0.00000E+00 0.00000E+00 0.00000E+00 0.00000E+00 0.00000E+00 0.00000E+00
 0.00000E+00 0.00000E+00 0.00000E+00 0.00000E+00 0.00000E+00 0.00000E+00 0.00000E+00
 0.00000E+00 0.00000E+00 0.00000E+00 0.00000E+00 0.00000E+00 0.00000E+00 0.00000E+00
 0.00000E+00 0.00000E+00 0.00000E+00 0.00000E+00 0.00000E+00 0.00000E+00 0.00000E+00
 0.00000E+00 0.00000E+00 0.00000E+00 0.00000E+00 0.00000E+00 0.00000E+00 0.00000E+00
 0.00000E+00 0.00000E+00 0.00000E+00 0.00000E+00 0.00000E+00 0.00000E+00 0.00000E+00
 0.00000E+00 0.00000E+00 0.00000E+00 0.00000E+00 0.00000E+00 0.00000E+00 0.00000E+00
 0.00000E+00 0.00000E+00 0.00000E+00 0.00000E+00 0.00000E+00 0.00000E+00 0.00000E+00
 0.00000E+00 0.00000E+00 0.00000E+00 0.00000E+00 0.00000E+00 0.00000E+00 0.00000E+00
 0.00000E+00 0.00000E+00 0.00000E+00 0.00000E+00 0.00000E+00 1.62983E-09 8.48070E-09
 1.57239E-08 2.17474E-08 4.27092E-08 9.94218E-08 1.83986E-07 3.49225E-07 8.75205E-07
 2.99455E-06 2.45964E-05 1.49315E-04 6.77538E-04 1.93512E-03 3.64546E-03 5.60000E-03
 7.91480E-03 1.06338E-02 1.35164E-02 1.62426E-02 1.84313E-02 1.97214E-02 1.98508E-02
 1.88088E-02 1.69048E-02
CR522   CR52(N,2N)CR51      
 0.00000E+00 0.00000E+00 0.00000E+00 0.00000E+00 0.00000E+00 0.00000E+00 0.00000E+00
 0.00000E+00 0.00000E+00 0.00000E+00 0.00000E+00 0.00000E+00 0.00000E+00 0.00000E+00
 0.00000E+00 0.00000E+00 0.00000E+00 0.00000E+00 0.00000E+00 0.00000E+00 0.00000E+00
 0.00000E+00 0.00000E+00 0.00000E+00 0.00000E+00 0.00000E+00 0.00000E+00 0.00000E+00
 0.00000E+00 0.00000E+00 0.00000E+00 0.00000E+00 0.00000E+00 0.00000E+00 0.00000E+00
 0.00000E+00 0.00000E+00 0.00000E+00 0.00000E+00 0.00000E+00 0.00000E+00 0.00000E+00
 0.00000E+00 0.00000E+00 0.00000E+00 0.00000E+00 0.00000E+00 0.00000E+00 0.00000E+00
 0.00000E+00 0.00000E+00 0.00000E+00 0.00000E+00 0.00000E+00 0.00000E+00 0.00000E+00
 0.00000E+00 0.00000E+00 0.00000E+00 0.00000E+00 0.00000E+00 0.00000E+00 0.00000E+00
 0.00000E+00 0.00000E+00 0.00000E+00 0.00000E+00 0.00000E+00 0.00000E+00 0.00000E+00
 0.00000E+00 0.00000E+00 0.00000E+00 0.00000E+00 0.00000E+00 0.00000E+00 0.00000E+00
 0.00000E+00 0.00000E+00 0.00000E+00 0.00000E+00 0.00000E+00 0.00000E+00 0.00000E+00
 0.00000E+00 0.00000E+00 0.00000E+00 0.00000E+00 0.00000E+00 0.00000E+00 0.00000E+00
 0.00000E+00 2.27293E-02 1.61917E-01 3.47498E-01 4.81326E-01 5.60162E-01 6.07879E-01
 6.33158E-01 6.48160E-01
MN55G   MN55(N,G)MN56       
 1.02576E+02 3.24372E+01 1.69648E+01 1.13791E+01 8.55368E+00 6.94707E+00 5.68454E+00
 4.65714E+00 3.81040E+00 3.14859E+00 2.58017E+00 2.09311E+00 1.70976E+00 1.40745E+00
 1.15317E+00 9.46011E-01 7.85146E-01 6.54612E-01 5.40091E-01 4.53579E-01 3.88136E-01
 3.36206E-01 3.08285E-01 3.09346E-01 3.43970E-01 4.61116E-01 1.02885E+00 1.60749E+01
 1.94942E+00 2.27425E-01 9.39781E-02 9.20871E-02 2.16005E+00 6.99308E-02 5.91894E-01
 3.56467E-01 5.04947E-02 1.56870E-02 1.16671E-01 1.27808E-01 1.36234E-01 2.78601E-02
 2.97592E-02 5.30482E-02 3.28819E-02 3.31835E-02 2.77460E-02 1.68739E-02 1.97841E-02
 1.77836E-02 1.22582E-02 1.41547E-02 9.15198E-03 8.08163E-03 6.56958E-03 5.75120E-03
 5.64540E-03 5.82605E-03 5.43862E-03 4.35619E-03 5.15188E-03 4.98299E-03 4.04517E-03
 4.43880E-03 3.71495E-03 3.86778E-03 3.31869E-03 3.25239E-03 3.16422E-03 2.88465E-03
 2.55502E-03 2.33250E-03 2.06713E-03 1.92750E-03 1.85750E-03 1.78600E-03 1.73800E-03
 1.67480E-03 1.51204E-03 1.37200E-03 1.26422E-03 1.17210E-03 1.07854E-03 9.82837E-04
 9.01522E-04 8.25031E-04 7.56301E-04 7.12351E-04 6.95754E-04 6.88667E-04 6.83250E-04
 6.79750E-04 6.74852E-04 6.68422E-04 6.59071E-04 6.47294E-04 6.25999E-04 5.70499E-04
 4.71071E-04 3.30549E-04
FE542   FE54(N,2N)FE53      
 0.00000E+00 0.00000E+00 0.00000E+00 0.00000E+00 0.00000E+00 0.00000E+00 0.00000E+00
 0.00000E+00 0.00000E+00 0.00000E+00 0.00000E+00 0.00000E+00 0.00000E+00 0.00000E+00
 0.00000E+00 0.00000E+00 0.00000E+00 0.00000E+00 0.00000E+00 0.00000E+00 0.00000E+00
 0.00000E+00 0.00000E+00 0.00000E+00 0.00000E+00 0.00000E+00 0.00000E+00 0.00000E+00
 0.00000E+00 0.00000E+00 0.00000E+00 0.00000E+00 0.00000E+00 0.00000E+00 0.00000E+00
 0.00000E+00 0.00000E+00 0.00000E+00 0.00000E+00 0.00000E+00 0.00000E+00 0.00000E+00
 0.00000E+00 0.00000E+00 0.00000E+00 0.00000E+00 0.00000E+00 0.00000E+00 0.00000E+00
 0.00000E+00 0.00000E+00 0.00000E+00 0.00000E+00 0.00000E+00 0.00000E+00 0.00000E+00
 0.00000E+00 0.00000E+00 0.00000E+00 0.00000E+00 0.00000E+00 0.00000E+00 0.00000E+00
 0.00000E+00 0.00000E+00 0.00000E+00 0.00000E+00 0.00000E+00 0.00000E+00 0.00000E+00
 0.00000E+00 0.00000E+00 0.00000E+00 0.00000E+00 0.00000E+00 0.00000E+00 0.00000E+00
 0.00000E+00 0.00000E+00 0.00000E+00 0.00000E+00 0.00000E+00 0.00000E+00 0.00000E+00
 0.00000E+00 0.00000E+00 0.00000E+00 0.00000E+00 0.00000E+00 0.00000E+00 0.00000E+00
 0.00000E+00 0.00000E+00 1.82622E-04 5.63094E-03 2.29677E-02 4.68097E-02 6.74129E-02
 8.06380E-02 8.77650E-02
FE54P   FE54(N,P)MN54       
 0.00000E+00 0.00000E+00 0.00000E+00 0.00000E+00 0.00000E+00 0.00000E+00 0.00000E+00
 0.00000E+00 0.00000E+00 0.00000E+00 0.00000E+00 0.00000E+00 0.00000E+00 0.00000E+00
 0.00000E+00 0.00000E+00 0.00000E+00 0.00000E+00 0.00000E+00 0.00000E+00 0.00000E+00
 0.00000E+00 0.00000E+00 0.00000E+00 0.00000E+00 0.00000E+00 0.00000E+00 0.00000E+00
 0.00000E+00 0.00000E+00 0.00000E+00 0.00000E+00 0.00000E+00 0.00000E+00 0.00000E+00
 0.00000E+00 0.00000E+00 0.00000E+00 0.00000E+00 0.00000E+00 0.00000E+00 0.00000E+00
 0.00000E+00 0.00000E+00 0.00000E+00 0.00000E+00 0.00000E+00 0.00000E+00 0.00000E+00
 0.00000E+00 0.00000E+00 0.00000E+00 0.00000E+00 0.00000E+00 0.00000E+00 0.00000E+00
 0.00000E+00 0.00000E+00 0.00000E+00 0.00000E+00 0.00000E+00 0.00000E+00 0.00000E+00
 0.00000E+00 0.00000E+00 1.93230E-07 2.89860E-06 1.56613E-05 6.61424E-05 1.26487E-04
 4.75068E-04 1.33970E-03 2.87898E-03 5.53745E-03 1.68328E-02 3.46589E-02 6.08581E-02
 1.06239E-01 1.76640E-01 2.06123E-01 2.73135E-01 3.07994E-01 3.64460E-01 4.17815E-01
 4.53245E-01 4.76194E-01 4.80992E-01 4.82076E-01 4.83436E-01 4.80840E-01 4.73855E-01
 4.62800E-01 4.30475E-01 3.79273E-01 3.05700E-01 2.42570E-01 1.99110E-01 1.66530E-01
 1.42223E-01 1.26188E-01
FE54A   FE54(N,A)CR51       
 0.00000E+00 0.00000E+00 0.00000E+00 0.00000E+00 0.00000E+00 0.00000E+00 0.00000E+00
 0.00000E+00 0.00000E+00 0.00000E+00 0.00000E+00 0.00000E+00 0.00000E+00 0.00000E+00
 0.00000E+00 0.00000E+00 0.00000E+00 0.00000E+00 0.00000E+00 0.00000E+00 0.00000E+00
 0.00000E+00 0.00000E+00 0.00000E+00 0.00000E+00 0.00000E+00 0.00000E+00 0.00000E+00
 0.00000E+00 0.00000E+00 0.00000E+00 0.00000E+00 0.00000E+00 0.00000E+00 0.00000E+00
 0.00000E+00 0.00000E+00 0.00000E+00 0.00000E+00 0.00000E+00 0.00000E+00 0.00000E+00
 0.00000E+00 0.00000E+00 0.00000E+00 0.00000E+00 0.00000E+00 0.00000E+00 0.00000E+00
 0.00000E+00 0.00000E+00 0.00000E+00 0.00000E+00 0.00000E+00 0.00000E+00 0.00000E+00
 0.00000E+00 0.00000E+00 0.00000E+00 0.00000E+00 0.00000E+00 0.00000E+00 0.00000E+00
 0.00000E+00 0.00000E+00 0.00000E+00 0.00000E+00 0.00000E+00 0.00000E+00 0.00000E+00
 0.00000E+00 0.00000E+00 0.00000E+00 0.00000E+00 0.00000E+00 0.00000E+00 7.00925E-08
 1.05142E-06 3.85760E-06 2.97924E-05 1.38752E-04 4.40885E-04 1.26092E-03 3.20334E-03
 6.79101E-03 1.34630E-02 2.26350E-02 3.14717E-02 3.90710E-02 4.66805E-02 5.53917E-02
 6.49393E-02 7.49056E-02 8.39778E-02 8.99380E-02 9.07287E-02 8.58075E-02 7.65493E-02
 6.54047E-02 5.42229E-02
FE56P   FE56(N,P)MN56       
 0.00000E+00 0.00000E+00 0.00000E+00 0.00000E+00 0.00000E+00 0.00000E+00 0.00000E+00
 0.00000E+00 0.00000E+00 0.00000E+00 0.00000E+00 0.00000E+00 0.00000E+00 0.00000E+00
 0.00000E+00 0.00000E+00 0.00000E+00 0.00000E+00 0.00000E+00 0.00000E+00 0.00000E+00
 0.00000E+00 0.00000E+00 0.00000E+00 0.00000E+00 0.00000E+00 0.00000E+00 0.00000E+00
 0.00000E+00 0.00000E+00 0.00000E+00 0.00000E+00 0.00000E+00 0.00000E+00 0.00000E+00
 0.00000E+00 0.00000E+00 0.00000E+00 0.00000E+00 0.00000E+00 0.00000E+00 0.00000E+00
 0.00000E+00 0.00000E+00 0.00000E+00 0.00000E+00 0.00000E+00 0.00000E+00 0.00000E+00
 0.00000E+00 0.00000E+00 0.00000E+00 0.00000E+00 0.00000E+00 0.00000E+00 0.00000E+00
 0.00000E+00 0.00000E+00 0.00000E+00 0.00000E+00 0.00000E+00 0.00000E+00 0.00000E+00
 0.00000E+00 0.00000E+00 0.00000E+00 0.00000E+00 0.00000E+00 0.00000E+00 0.00000E+00
 0.00000E+00 0.00000E+00 0.00000E+00 0.00000E+00 0.00000E+00 0.00000E+00 0.00000E+00
 0.00000E+00 1.40830E-10 6.94682E-09 3.46644E-06 6.33563E-05 4.67445E-04 2.42886E-03
 8.73954E-03 1.99952E-02 3.11479E-02 4.28442E-02 5.53036E-02 6.67461E-02 8.02085E-02
 9.58788E-02 1.09932E-01 1.15428E-01 1.09172E-01 9.53640E-02 8.00960E-02 6.68292E-02
 5.65527E-02 4.90406E-02
FE58G   FE58(N,G)FE59       
 9.94400E+00 3.14454E+00 1.64469E+00 1.10304E+00 8.29073E-01 6.73307E-01 5.50894E-01
 4.51244E-01 3.69151E-01 3.04819E-01 2.49751E-01 2.02427E-01 1.65144E-01 1.35693E-01
 1.10862E-01 9.06004E-02 7.47010E-02 6.17491E-02 5.01462E-02 4.11646E-02 3.39960E-02
 2.76127E-02 2.26889E-02 1.93075E-02 1.71645E-02 1.80165E-02 4.69370E-01 2.30816E+00
 2.22710E-01 9.84473E-03 8.08894E-03 6.97861E-03 6.05635E-03 5.28548E-03 4.69121E-03
 4.09260E-03 3.60077E-03 3.25508E-03 3.13944E-03 5.86300E-02 7.58708E-03 1.64209E-01
 3.44031E-03 1.21413E-03 8.91902E-03 9.53635E-03 1.02613E-02 1.44195E-02 5.26988E-03
 7.38988E-03 8.79990E-03 6.98112E-03 9.13459E-03 2.14648E-03 4.85851E-03 4.05392E-03
 5.04327E-03 2.16017E-03 3.18071E-03 3.18841E-03 3.12175E-03 3.05533E-03 3.05945E-03
 3.13237E-03 3.20558E-03 3.28317E-03 3.35849E-03 3.37462E-03 2.21688E-03 1.58996E-03
 1.36527E-03 1.25276E-03 1.27009E-03 1.35303E-03 1.27993E-03 1.16496E-03 9.79627E-04
 9.39783E-04 9.04076E-04 8.69338E-04 8.36736E-04 7.92238E-04 7.42803E-04 6.84786E-04
 6.25809E-04 5.53457E-04 4.72596E-04 3.91977E-04 3.21337E-04 2.70273E-04 2.41322E-04
 2.90594E-04 4.83506E-04 8.22536E-04 1.13656E-03 1.24212E-03 1.18192E-03 1.08627E-03
 1.00837E-03 9.56741E-04
CO592   CO59(N,2N)CO58      
 0.00000E+00 0.00000E+00 0.00000E+00 0.00000E+00 0.00000E+00 0.00000E+00 0.00000E+00
 0.00000E+00 0.00000E+00 0.00000E+00 0.00000E+00 0.00000E+00 0.00000E+00 0.00000E+00
 0.00000E+00 0.00000E+00 0.00000E+00 0.00000E+00 0.00000E+00 0.00000E+00 0.00000E+00
 0.00000E+00 0.00000E+00 0.00000E+00 0.00000E+00 0.00000E+00 0.00000E+00 0.00000E+00
 0.00000E+00 0.00000E+00 0.00000E+00 0.00000E+00 0.00000E+00 0.00000E+00 0.00000E+00
 0.00000E+00 0.00000E+00 0.00000E+00 0.00000E+00 0.00000E+00 0.00000E+00 0.00000E+00
 0.00000E+00 0.00000E+00 0.00000E+00 0.00000E+00 0.00000E+00 0.00000E+00 0.00000E+00
 0.00000E+00 0.00000E+00 0.00000E+00 0.00000E+00 0.00000E+00 0.00000E+00 0.00000E+00
 0.00000E+00 0.00000E+00 0.00000E+00 0.00000E+00 0.00000E+00 0.00000E+00 0.00000E+00
 0.00000E+00 0.00000E+00 0.00000E+00 0.00000E+00 0.00000E+00 0.00000E+00 0.00000E+00
 0.00000E+00 0.00000E+00 0.00000E+00 0.00000E+00 0.00000E+00 0.00000E+00 0.00000E+00
 0.00000E+00 0.00000E+00 0.00000E+00 0.00000E+00 0.00000E+00 0.00000E+00 0.00000E+00
 0.00000E+00 0.00000E+00 0.00000E+00 0.00000E+00 0.00000E+00 0.00000E+00 4.90930E-03
 1.47779E-01 4.15792E-01 6.15778E-01 7.49187E-01 7.81517E-01 8.11604E-01 8.39623E-01
 8.57446E-01 8.74375E-01
CO59G   CO59(N,G)CO60       
 2.84216E+02 8.98809E+01 4.70157E+01 3.15393E+01 2.37145E+01 1.92660E+01 1.57718E+01
 1.29294E+01 1.05892E+01 8.76107E+00 7.19528E+00 5.85746E+00 4.80896E+00 3.98737E+00
 3.30431E+00 2.75778E+00 2.34673E+00 2.03244E+00 1.79195E+00 1.66665E+00 1.69489E+00
 2.11470E+00 4.44790E+00 1.63546E+02 4.75186E+01 1.85499E+00 4.66140E-01 1.92550E-01
 1.04673E-01 6.75903E-02 4.69730E-02 3.57268E-02 2.86309E-02 5.50844E-02 2.16065E-02
 4.20802E-02 1.46166E-01 2.86676E-01 3.23659E-01 9.98865E-02 7.10415E-02 9.18080E-02
 4.84341E-02 5.01657E-02 3.62060E-02 3.96670E-02 2.30249E-02 1.87198E-02 1.91198E-02
 1.65544E-02 1.79017E-02 1.76439E-02 1.52004E-02 1.34950E-02 1.20115E-02 1.09085E-02
 1.00003E-02 9.33738E-03 8.80137E-03 8.30749E-03 7.89759E-03 7.53270E-03 7.24580E-03
 7.02234E-03 6.83364E-03 6.68323E-03 6.58184E-03 6.50706E-03 6.45776E-03 6.44000E-03
 6.36746E-03 5.36501E-03 4.29004E-03 3.71253E-03 3.33752E-03 2.98501E-03 2.66168E-03
 2.42501E-03 2.19125E-03 1.95000E-03 1.71313E-03 1.54501E-03 1.38750E-03 1.23750E-03
 1.11250E-03 9.88752E-04 8.66253E-04 7.38129E-04 6.70004E-04 6.25005E-04 6.37504E-04
 7.12502E-04 7.99999E-04 8.74997E-04 8.74888E-04 7.49995E-04 5.50003E-04 3.75004E-04
 2.87505E-04 2.62503E-04
CO59A   CO59(N,A)MN56       
 0.00000E+00 0.00000E+00 0.00000E+00 0.00000E+00 0.00000E+00 0.00000E+00 0.00000E+00
 0.00000E+00 0.00000E+00 0.00000E+00 0.00000E+00 0.00000E+00 0.00000E+00 0.00000E+00
 0.00000E+00 0.00000E+00 0.00000E+00 0.00000E+00 0.00000E+00 0.00000E+00 0.00000E+00
 0.00000E+00 0.00000E+00 0.00000E+00 0.00000E+00 0.00000E+00 0.00000E+00 0.00000E+00
 0.00000E+00 0.00000E+00 0.00000E+00 0.00000E+00 0.00000E+00 0.00000E+00 0.00000E+00
 0.00000E+00 0.00000E+00 0.00000E+00 0.00000E+00 0.00000E+00 0.00000E+00 0.00000E+00
 0.00000E+00 0.00000E+00 0.00000E+00 0.00000E+00 0.00000E+00 0.00000E+00 0.00000E+00
 0.00000E+00 0.00000E+00 0.00000E+00 0.00000E+00 0.00000E+00 0.00000E+00 0.00000E+00
 0.00000E+00 0.00000E+00 8.48860E-11 4.62510E-10 9.15120E-10 1.41802E-09 1.92092E-09
 2.42382E-09 2.97701E-09 3.58049E-09 4.18397E-09 4.78745E-09 5.49151E-09 6.29615E-09
 7.70428E-09 9.71588E-09 1.17275E-08 1.37391E-08 1.57507E-08 1.82652E-08 2.12826E-08
 2.43000E-08 2.78203E-08 6.99342E-08 8.25277E-07 6.52891E-06 4.25401E-05 2.04438E-04
 6.51403E-04 1.70492E-03 3.73170E-03 6.90732E-03 1.06371E-02 1.43347E-02 1.81046E-02
 2.21606E-02 2.65014E-02 3.01347E-02 3.14060E-02 2.94825E-02 2.53641E-02 2.07108E-02
 1.65580E-02 1.32431E-02
NI582   NI58(N,2N)NI57      
 0.00000E+00 0.00000E+00 0.00000E+00 0.00000E+00 0.00000E+00 0.00000E+00 0.00000E+00
 0.00000E+00 0.00000E+00 0.00000E+00 0.00000E+00 0.00000E+00 0.00000E+00 0.00000E+00
 0.00000E+00 0.00000E+00 0.00000E+00 0.00000E+00 0.00000E+00 0.00000E+00 0.00000E+00
 0.00000E+00 0.00000E+00 0.00000E+00 0.00000E+00 0.00000E+00 0.00000E+00 0.00000E+00
 0.00000E+00 0.00000E+00 0.00000E+00 0.00000E+00 0.00000E+00 0.00000E+00 0.00000E+00
 0.00000E+00 0.00000E+00 0.00000E+00 0.00000E+00 0.00000E+00 0.00000E+00 0.00000E+00
 0.00000E+00 0.00000E+00 0.00000E+00 0.00000E+00 0.00000E+00 0.00000E+00 0.00000E+00
 0.00000E+00 0.00000E+00 0.00000E+00 0.00000E+00 0.00000E+00 0.00000E+00 0.00000E+00
 0.00000E+00 0.00000E+00 0.00000E+00 0.00000E+00 0.00000E+00 0.00000E+00 0.00000E+00
 0.00000E+00 0.00000E+00 0.00000E+00 0.00000E+00 0.00000E+00 0.00000E+00 0.00000E+00
 0.00000E+00 0.00000E+00 0.00000E+00 0.00000E+00 0.00000E+00 0.00000E+00 0.00000E+00
 0.00000E+00 0.00000E+00 0.00000E+00 0.00000E+00 0.00000E+00 0.00000E+00 0.00000E+00
 0.00000E+00 0.00000E+00 0.00000E+00 0.00000E+00 0.00000E+00 0.00000E+00 0.00000E+00
 0.00000E+00 1.29048E-03 1.31817E-02 3.31540E-02 5.03213E-02 6.25473E-02 6.93303E-02
 7.63122E-02 8.17570E-02
NI58P   NI58(N,P)CO58       
 0.00000E+00 0.00000E+00 0.00000E+00 0.00000E+00 0.00000E+00 0.00000E+00 0.00000E+00
 0.00000E+00 0.00000E+00 0.00000E+00 0.00000E+00 0.00000E+00 0.00000E+00 0.00000E+00
 0.00000E+00 0.00000E+00 0.00000E+00 0.00000E+00 0.00000E+00 0.00000E+00 0.00000E+00
 0.00000E+00 0.00000E+00 0.00000E+00 0.00000E+00 0.00000E+00 0.00000E+00 0.00000E+00
 0.00000E+00 0.00000E+00 0.00000E+00 0.00000E+00 0.00000E+00 0.00000E+00 0.00000E+00
 0.00000E+00 0.00000E+00 0.00000E+00 0.00000E+00 0.00000E+00 0.00000E+00 0.00000E+00
 0.00000E+00 0.00000E+00 0.00000E+00 0.00000E+00 0.00000E+00 0.00000E+00 0.00000E+00
 0.00000E+00 0.00000E+00 0.00000E+00 0.00000E+00 0.00000E+00 0.00000E+00 0.00000E+00
 0.00000E+00 0.00000E+00 0.00000E+00 0.00000E+00 1.95844E-07 5.87532E-07 1.00923E-06
 4.81764E-06 1.90895E-05 4.37180E-05 1.10598E-04 2.05004E-04 3.74267E-04 6.46892E-04
 2.42924E-03 6.00094E-03 1.13704E-02 2.04664E-02 3.41609E-02 5.89525E-02 9.89099E-02
 1.47525E-01 2.09112E-01 2.78932E-01 3.44342E-01 4.03987E-01 4.64090E-01 5.21417E-01
 5.67707E-01 6.07360E-01 6.34167E-01 6.44767E-01 6.44006E-01 6.36862E-01 6.22522E-01
 5.89096E-01 5.19770E-01 4.18278E-01 3.13707E-01 2.29887E-01 1.71533E-01 1.32752E-01
 1.06787E-01 8.89188E-02
NI60P   NI60(N,P)CO60       
 0.00000E+00 0.00000E+00 0.00000E+00 0.00000E+00 0.00000E+00 0.00000E+00 0.00000E+00
 0.00000E+00 0.00000E+00 0.00000E+00 0.00000E+00 0.00000E+00 0.00000E+00 0.00000E+00
 0.00000E+00 0.00000E+00 0.00000E+00 0.00000E+00 0.00000E+00 0.00000E+00 0.00000E+00
 0.00000E+00 0.00000E+00 0.00000E+00 0.00000E+00 0.00000E+00 0.00000E+00 0.00000E+00
 0.00000E+00 0.00000E+00 0.00000E+00 0.00000E+00 0.00000E+00 0.00000E+00 0.00000E+00
 0.00000E+00 0.00000E+00 0.00000E+00 0.00000E+00 0.00000E+00 0.00000E+00 0.00000E+00
 0.00000E+00 0.00000E+00 0.00000E+00 0.00000E+00 0.00000E+00 0.00000E+00 0.00000E+00
 0.00000E+00 0.00000E+00 0.00000E+00 0.00000E+00 0.00000E+00 0.00000E+00 0.00000E+00
 0.00000E+00 0.00000E+00 0.00000E+00 0.00000E+00 0.00000E+00 0.00000E+00 0.00000E+00
 0.00000E+00 0.00000E+00 0.00000E+00 0.00000E+00 0.00000E+00 0.00000E+00 0.00000E+00
 0.00000E+00 0.00000E+00 0.00000E+00 0.00000E+00 0.00000E+00 0.00000E+00 0.00000E+00
 1.69720E-08 5.29467E-06 5.58397E-05 3.38845E-04 1.45832E-03 5.02920E-03 1.14379E-02
 1.92500E-02 3.08214E-02 4.54571E-02 6.14125E-02 7.63750E-02 9.22500E-02 1.09500E-01
 1.26500E-01 1.40500E-01 1.47125E-01 1.39488E-01 1.12800E-01 9.11266E-02 7.78158E-02
 6.94000E-02 6.18000E-02
CU632   CU63(N,2N)CU62      
 0.00000E+00 0.00000E+00 0.00000E+00 0.00000E+00 0.00000E+00 0.00000E+00 0.00000E+00
 0.00000E+00 0.00000E+00 0.00000E+00 0.00000E+00 0.00000E+00 0.00000E+00 0.00000E+00
 0.00000E+00 0.00000E+00 0.00000E+00 0.00000E+00 0.00000E+00 0.00000E+00 0.00000E+00
 0.00000E+00 0.00000E+00 0.00000E+00 0.00000E+00 0.00000E+00 0.00000E+00 0.00000E+00
 0.00000E+00 0.00000E+00 0.00000E+00 0.00000E+00 0.00000E+00 0.00000E+00 0.00000E+00
 0.00000E+00 0.00000E+00 0.00000E+00 0.00000E+00 0.00000E+00 0.00000E+00 0.00000E+00
 0.00000E+00 0.00000E+00 0.00000E+00 0.00000E+00 0.00000E+00 0.00000E+00 0.00000E+00
 0.00000E+00 0.00000E+00 0.00000E+00 0.00000E+00 0.00000E+00 0.00000E+00 0.00000E+00
 0.00000E+00 0.00000E+00 0.00000E+00 0.00000E+00 0.00000E+00 0.00000E+00 0.00000E+00
 0.00000E+00 0.00000E+00 0.00000E+00 0.00000E+00 0.00000E+00 0.00000E+00 0.00000E+00
 0.00000E+00 0.00000E+00 0.00000E+00 0.00000E+00 0.00000E+00 0.00000E+00 0.00000E+00
 0.00000E+00 0.00000E+00 0.00000E+00 0.00000E+00 0.00000E+00 0.00000E+00 0.00000E+00
 0.00000E+00 0.00000E+00 0.00000E+00 0.00000E+00 0.00000E+00 0.00000E+00 0.00000E+00
 2.31065E-02 1.65888E-01 3.60051E-01 5.13591E-01 6.33297E-01 7.05121E-01 7.43499E-01
 7.78746E-01 8.10320E-01
CU63G   CU63(N,G)CU64       
 3.41835E+01 1.08094E+01 5.65313E+00 3.79110E+00 2.84896E+00 2.31343E+00 1.89223E+00
 1.54960E+00 1.26686E+00 1.04527E+00 8.55357E-01 6.91768E-01 5.62920E-01 4.60556E-01
 3.74111E-01 3.02742E-01 2.46587E-01 2.00066E-01 1.57857E-01 1.24547E-01 9.74689E-02
 7.30345E-02 5.41753E-02 4.14195E-02 3.32132E-02 2.70572E-02 2.23096E-02 1.95191E-02
 4.13214E-02 4.45605E-01 6.46970E+00 7.49194E-02 1.16971E-01 1.22859E-02 1.48823E-01
 1.18580E+00 3.46221E-02 2.25739E-01 4.69721E-01 2.01752E-01 3.02908E-01 1.45243E-01
 1.25981E-01 1.05521E-01 1.02512E-01 6.38811E-02 5.64581E-02 4.65060E-02 3.57756E-02
 3.33102E-02 3.14750E-02 2.90845E-02 2.80895E-02 2.69950E-02 2.56627E-02 2.37474E-02
 2.16511E-02 1.99012E-02 1.88000E-02 1.76000E-02 1.65032E-02 1.55013E-02 1.47535E-02
 1.42506E-02 1.39818E-02 1.39382E-02 1.38968E-02 1.38554E-02 1.38028E-02 1.36200E-02
 1.26000E-02 1.08000E-02 9.10005E-03 8.00006E-03 7.00007E-03 6.36506E-03 6.09504E-03
 5.82502E-03 5.54376E-03 5.30001E-03 5.06001E-03 4.82001E-03 4.55001E-03 4.33334E-03
 4.20001E-03 4.04001E-03 3.85334E-03 3.65500E-03 3.48000E-03 3.30000E-03 3.14000E-03
 3.02000E-03 2.90000E-03 2.78000E-03 2.66000E-03 2.57000E-03 2.51001E-03 2.45001E-03
 2.39001E-03 2.33001E-03
CU63A   CU63(N,A)CO60       
 0.00000E+00 0.00000E+00 0.00000E+00 0.00000E+00 0.00000E+00 0.00000E+00 0.00000E+00
 0.00000E+00 0.00000E+00 0.00000E+00 0.00000E+00 0.00000E+00 0.00000E+00 0.00000E+00
 0.00000E+00 0.00000E+00 0.00000E+00 0.00000E+00 0.00000E+00 0.00000E+00 0.00000E+00
 0.00000E+00 0.00000E+00 0.00000E+00 0.00000E+00 0.00000E+00 0.00000E+00 0.00000E+00
 0.00000E+00 0.00000E+00 0.00000E+00 0.00000E+00 0.00000E+00 0.00000E+00 0.00000E+00
 0.00000E+00 0.00000E+00 0.00000E+00 0.00000E+00 0.00000E+00 0.00000E+00 0.00000E+00
 0.00000E+00 0.00000E+00 0.00000E+00 0.00000E+00 0.00000E+00 0.00000E+00 0.00000E+00
 0.00000E+00 0.00000E+00 0.00000E+00 0.00000E+00 0.00000E+00 0.00000E+00 0.00000E+00
 0.00000E+00 0.00000E+00 0.00000E+00 0.00000E+00 0.00000E+00 0.00000E+00 0.00000E+00
 0.00000E+00 0.00000E+00 0.00000E+00 0.00000E+00 0.00000E+00 0.00000E+00 0.00000E+00
 0.00000E+00 0.00000E+00 0.00000E+00 0.00000E+00 0.00000E+00 1.86548E-08 8.44141E-07
 2.60218E-06 1.48836E-05 6.43378E-05 1.96284E-04 4.85477E-04 1.14391E-03 2.48182E-03
 4.62435E-03 8.14430E-03 1.27570E-02 1.75767E-02 2.25103E-02 2.81895E-02 3.49133E-02
 4.15570E-02 4.63346E-02 4.71024E-02 4.32280E-02 3.64368E-02 2.90940E-02 2.25942E-02
 1.74074E-02 1.34312E-02
CU652   CU65(N,2N)CU64      
 0.00000E+00 0.00000E+00 0.00000E+00 0.00000E+00 0.00000E+00 0.00000E+00 0.00000E+00
 0.00000E+00 0.00000E+00 0.00000E+00 0.00000E+00 0.00000E+00 0.00000E+00 0.00000E+00
 0.00000E+00 0.00000E+00 0.00000E+00 0.00000E+00 0.00000E+00 0.00000E+00 0.00000E+00
 0.00000E+00 0.00000E+00 0.00000E+00 0.00000E+00 0.00000E+00 0.00000E+00 0.00000E+00
 0.00000E+00 0.00000E+00 0.00000E+00 0.00000E+00 0.00000E+00 0.00000E+00 0.00000E+00
 0.00000E+00 0.00000E+00 0.00000E+00 0.00000E+00 0.00000E+00 0.00000E+00 0.00000E+00
 0.00000E+00 0.00000E+00 0.00000E+00 0.00000E+00 0.00000E+00 0.00000E+00 0.00000E+00
 0.00000E+00 0.00000E+00 0.00000E+00 0.00000E+00 0.00000E+00 0.00000E+00 0.00000E+00
 0.00000E+00 0.00000E+00 0.00000E+00 0.00000E+00 0.00000E+00 0.00000E+00 0.00000E+00
 0.00000E+00 0.00000E+00 0.00000E+00 0.00000E+00 0.00000E+00 0.00000E+00 0.00000E+00
 0.00000E+00 0.00000E+00 0.00000E+00 0.00000E+00 0.00000E+00 0.00000E+00 0.00000E+00
 0.00000E+00 0.00000E+00 0.00000E+00 0.00000E+00 0.00000E+00 0.00000E+00 0.00000E+00
 0.00000E+00 0.00000E+00 0.00000E+00 0.00000E+00 0.00000E+00 0.00000E+00 4.75452E-02
 3.00993E-01 6.08937E-01 8.18725E-01 9.43885E-01 1.00981E+00 1.05680E+00 1.07848E+00
 1.07051E+00 9.98133E-01
ZN64P   ZN64(N,P)CU64       
 0.00000E+00 0.00000E+00 0.00000E+00 0.00000E+00 0.00000E+00 0.00000E+00 0.00000E+00
 0.00000E+00 0.00000E+00 0.00000E+00 0.00000E+00 0.00000E+00 0.00000E+00 0.00000E+00
 0.00000E+00 0.00000E+00 0.00000E+00 0.00000E+00 0.00000E+00 0.00000E+00 0.00000E+00
 0.00000E+00 0.00000E+00 0.00000E+00 0.00000E+00 0.00000E+00 0.00000E+00 0.00000E+00
 0.00000E+00 0.00000E+00 0.00000E+00 0.00000E+00 0.00000E+00 0.00000E+00 0.00000E+00
 0.00000E+00 0.00000E+00 0.00000E+00 0.00000E+00 0.00000E+00 0.00000E+00 0.00000E+00
 0.00000E+00 0.00000E+00 0.00000E+00 0.00000E+00 0.00000E+00 0.00000E+00 0.00000E+00
 0.00000E+00 0.00000E+00 0.00000E+00 0.00000E+00 0.00000E+00 0.00000E+00 0.00000E+00
 0.00000E+00 0.00000E+00 0.00000E+00 0.00000E+00 0.00000E+00 0.00000E+00 5.64515E-06
 1.69355E-05 2.93548E-05 4.29032E-05 5.64516E-05 7.00000E-05 8.58065E-05 1.03871E-04
 1.53204E-04 3.84978E-04 1.04500E-03 2.39306E-03 5.03706E-03 1.20325E-02 2.70900E-02
 5.47521E-02 9.45363E-02 1.20476E-01 1.34997E-01 1.51607E-01 1.70814E-01 1.84983E-01
 1.85591E-01 1.98706E-01 2.05760E-01 2.12894E-01 2.24919E-01 2.32407E-01 2.46748E-01
 2.67683E-01 2.53473E-01 2.03601E-01 1.63386E-01 1.51482E-01 1.22710E-01 1.08490E-01
 9.66900E-02 8.47700E-02
AS752   AS75(N,2N)AS74      
 0.00000E+00 0.00000E+00 0.00000E+00 0.00000E+00 0.00000E+00 0.00000E+00 0.00000E+00
 0.00000E+00 0.00000E+00 0.00000E+00 0.00000E+00 0.00000E+00 0.00000E+00 0.00000E+00
 0.00000E+00 0.00000E+00 0.00000E+00 0.00000E+00 0.00000E+00 0.00000E+00 0.00000E+00
 0.00000E+00 0.00000E+00 0.00000E+00 0.00000E+00 0.00000E+00 0.00000E+00 0.00000E+00
 0.00000E+00 0.00000E+00 0.00000E+00 0.00000E+00 0.00000E+00 0.00000E+00 0.00000E+00
 0.00000E+00 0.00000E+00 0.00000E+00 0.00000E+00 0.00000E+00 0.00000E+00 0.00000E+00
 0.00000E+00 0.00000E+00 0.00000E+00 0.00000E+00 0.00000E+00 0.00000E+00 0.00000E+00
 0.00000E+00 0.00000E+00 0.00000E+00 0.00000E+00 0.00000E+00 0.00000E+00 0.00000E+00
 0.00000E+00 0.00000E+00 0.00000E+00 0.00000E+00 0.00000E+00 0.00000E+00 0.00000E+00
 0.00000E+00 0.00000E+00 0.00000E+00 0.00000E+00 0.00000E+00 0.00000E+00 0.00000E+00
 0.00000E+00 0.00000E+00 0.00000E+00 0.00000E+00 0.00000E+00 0.00000E+00 0.00000E+00
 0.00000E+00 0.00000E+00 0.00000E+00 0.00000E+00 0.00000E+00 0.00000E+00 0.00000E+00
 0.00000E+00 0.00000E+00 0.00000E+00 0.00000E+00 0.00000E+00 0.00000E+00 1.62212E-02
 2.42577E-01 5.91547E-01 8.52134E-01 1.00939E+00 1.09781E+00 1.14362E+00 1.16136E+00
 1.15745E+00 1.13516E+00
Y892    Y89(N,2N)Y88        
 0.00000E+00 0.00000E+00 0.00000E+00 0.00000E+00 0.00000E+00 0.00000E+00 0.00000E+00
 0.00000E+00 0.00000E+00 0.00000E+00 0.00000E+00 0.00000E+00 0.00000E+00 0.00000E+00
 0.00000E+00 0.00000E+00 0.00000E+00 0.00000E+00 0.00000E+00 0.00000E+00 0.00000E+00
 0.00000E+00 0.00000E+00 0.00000E+00 0.00000E+00 0.00000E+00 0.00000E+00 0.00000E+00
 0.00000E+00 0.00000E+00 0.00000E+00 0.00000E+00 0.00000E+00 0.00000E+00 0.00000E+00
 0.00000E+00 0.00000E+00 0.00000E+00 0.00000E+00 0.00000E+00 0.00000E+00 0.00000E+00
 0.00000E+00 0.00000E+00 0.00000E+00 0.00000E+00 0.00000E+00 0.00000E+00 0.00000E+00
 0.00000E+00 0.00000E+00 0.00000E+00 0.00000E+00 0.00000E+00 0.00000E+00 0.00000E+00
 0.00000E+00 0.00000E+00 0.00000E+00 0.00000E+00 0.00000E+00 0.00000E+00 0.00000E+00
 0.00000E+00 0.00000E+00 0.00000E+00 0.00000E+00 0.00000E+00 0.00000E+00 0.00000E+00
 0.00000E+00 0.00000E+00 0.00000E+00 0.00000E+00 0.00000E+00 0.00000E+00 0.00000E+00
 0.00000E+00 0.00000E+00 0.00000E+00 0.00000E+00 0.00000E+00 0.00000E+00 0.00000E+00
 0.00000E+00 0.00000E+00 0.00000E+00 0.00000E+00 0.00000E+00 0.00000E+00 0.00000E+00
 1.77621E-02 2.62553E-01 6.59850E-01 9.54300E-01 1.09750E+00 1.18850E+00 1.21500E+00
 1.20700E+00 1.20500E+00
ZR902   ZR90(N,2N)ZR89      
 0.00000E+00 0.00000E+00 0.00000E+00 0.00000E+00 0.00000E+00 0.00000E+00 0.00000E+00
 0.00000E+00 0.00000E+00 0.00000E+00 0.00000E+00 0.00000E+00 0.00000E+00 0.00000E+00
 0.00000E+00 0.00000E+00 0.00000E+00 0.00000E+00 0.00000E+00 0.00000E+00 0.00000E+00
 0.00000E+00 0.00000E+00 0.00000E+00 0.00000E+00 0.00000E+00 0.00000E+00 0.00000E+00
 0.00000E+00 0.00000E+00 0.00000E+00 0.00000E+00 0.00000E+00 0.00000E+00 0.00000E+00
 0.00000E+00 0.00000E+00 0.00000E+00 0.00000E+00 0.00000E+00 0.00000E+00 0.00000E+00
 0.00000E+00 0.00000E+00 0.00000E+00 0.00000E+00 0.00000E+00 0.00000E+00 0.00000E+00
 0.00000E+00 0.00000E+00 0.00000E+00 0.00000E+00 0.00000E+00 0.00000E+00 0.00000E+00
 0.00000E+00 0.00000E+00 0.00000E+00 0.00000E+00 0.00000E+00 0.00000E+00 0.00000E+00
 0.00000E+00 0.00000E+00 0.00000E+00 0.00000E+00 0.00000E+00 0.00000E+00 0.00000E+00
 0.00000E+00 0.00000E+00 0.00000E+00 0.00000E+00 0.00000E+00 0.00000E+00 0.00000E+00
 0.00000E+00 0.00000E+00 0.00000E+00 0.00000E+00 0.00000E+00 0.00000E+00 0.00000E+00
 0.00000E+00 0.00000E+00 0.00000E+00 0.00000E+00 0.00000E+00 0.00000E+00 0.00000E+00
 0.00000E+00 8.56896E-02 4.27647E-01 7.35882E-01 9.38114E-01 1.07712E+00 1.15313E+00
 1.19590E+00 1.19815E+00
NB93G   NB93(N,G)NB94       
 8.77246E+00 2.77920E+00 1.45840E+00 9.81876E-01 7.41018E-01 6.04206E-01 4.96691E-01
 4.09492E-01 3.37334E-01 2.81056E-01 2.32840E-01 1.91397E-01 1.58765E-01 1.32955E-01
 1.11107E-01 9.32001E-02 7.91573E-02 6.77240E-02 5.78251E-02 5.20958E-02 7.54199E-01
 4.29152E-02 2.86221E-01 2.23144E+00 4.33438E-02 6.45379E+00 3.49486E-01 1.31399E+00
 4.43269E+00 4.63783E-01 1.75203E+00 1.48750E+00 3.94788E+00 2.07839E+00 1.37649E+00
 1.91965E+00 7.72740E-01 9.09169E-01 6.22919E-01 7.84235E-01 5.50188E-01 5.41979E-01
 4.76383E-01 3.87770E-01 3.44094E-01 2.86542E-01 2.47496E-01 2.04157E-01 1.69520E-01
 1.39839E-01 1.15211E-01 1.00493E-01 9.14795E-02 8.15645E-02 7.23878E-02 6.83750E-02
 6.45251E-02 6.14016E-02 5.95599E-02 5.75931E-02 5.58253E-02 5.42990E-02 5.29614E-02
 5.17870E-02 5.07522E-02 4.98413E-02 4.88425E-02 4.75145E-02 4.48361E-02 3.98717E-02
 3.10003E-02 2.20003E-02 1.72501E-02 1.40001E-02 1.17501E-02 1.01900E-02 8.59336E-03
 7.30003E-03 6.12503E-03 5.30003E-03 4.51252E-03 4.00002E-03 3.55001E-03 3.10001E-03
 2.70001E-03 2.29001E-03 1.87001E-03 1.42876E-03 1.15001E-03 9.25007E-04 7.70006E-04
 7.10005E-04 6.50004E-04 5.90003E-04 5.30001E-04 4.80001E-04 4.40002E-04 4.00002E-04
 3.60002E-04 3.20002E-04
NB93N   NB93(N,N')NB93M     
 0.00000E+00 0.00000E+00 0.00000E+00 0.00000E+00 0.00000E+00 0.00000E+00 0.00000E+00
 0.00000E+00 0.00000E+00 0.00000E+00 0.00000E+00 0.00000E+00 0.00000E+00 0.00000E+00
 0.00000E+00 0.00000E+00 0.00000E+00 0.00000E+00 0.00000E+00 0.00000E+00 0.00000E+00
 0.00000E+00 0.00000E+00 0.00000E+00 0.00000E+00 0.00000E+00 0.00000E+00 0.00000E+00
 0.00000E+00 0.00000E+00 0.00000E+00 0.00000E+00 0.00000E+00 0.00000E+00 0.00000E+00
 0.00000E+00 0.00000E+00 0.00000E+00 0.00000E+00 0.00000E+00 0.00000E+00 0.00000E+00
 0.00000E+00 0.00000E+00 0.00000E+00 2.05572E-06 5.40959E-05 1.64707E-04 3.18387E-04
 5.56911E-04 8.56225E-04 1.29988E-03 1.79720E-03 2.34425E-03 2.95769E-03 3.68131E-03
 4.46507E-03 5.23009E-03 6.20004E-03 7.31921E-03 8.96127E-03 1.11262E-02 1.38201E-02
 1.70428E-02 2.12568E-02 2.65284E-02 3.26608E-02 3.92657E-02 4.77945E-02 5.81946E-02
 7.75462E-02 1.05906E-01 1.33458E-01 1.58953E-01 1.81706E-01 2.05680E-01 2.28295E-01
 2.44526E-01 2.56411E-01 2.63488E-01 2.65443E-01 2.64196E-01 2.60993E-01 2.56760E-01
 2.52578E-01 2.49144E-01 2.47206E-01 2.45818E-01 2.36787E-01 1.99178E-01 1.32815E-01
 8.15679E-02 5.56914E-02 4.35264E-02 3.70997E-02 3.30702E-02 3.01337E-02 2.77411E-02
 2.56742E-02 2.38233E-02
NB932   NB93(N,2N)NB92M     
 0.00000E+00 0.00000E+00 0.00000E+00 0.00000E+00 0.00000E+00 0.00000E+00 0.00000E+00
 0.00000E+00 0.00000E+00 0.00000E+00 0.00000E+00 0.00000E+00 0.00000E+00 0.00000E+00
 0.00000E+00 0.00000E+00 0.00000E+00 0.00000E+00 0.00000E+00 0.00000E+00 0.00000E+00
 0.00000E+00 0.00000E+00 0.00000E+00 0.00000E+00 0.00000E+00 0.00000E+00 0.00000E+00
 0.00000E+00 0.00000E+00 0.00000E+00 0.00000E+00 0.00000E+00 0.00000E+00 0.00000E+00
 0.00000E+00 0.00000E+00 0.00000E+00 0.00000E+00 0.00000E+00 0.00000E+00 0.00000E+00
 0.00000E+00 0.00000E+00 0.00000E+00 0.00000E+00 0.00000E+00 0.00000E+00 0.00000E+00
 0.00000E+00 0.00000E+00 0.00000E+00 0.00000E+00 0.00000E+00 0.00000E+00 0.00000E+00
 0.00000E+00 0.00000E+00 0.00000E+00 0.00000E+00 0.00000E+00 0.00000E+00 0.00000E+00
 0.00000E+00 0.00000E+00 0.00000E+00 0.00000E+00 0.00000E+00 0.00000E+00 0.00000E+00
 0.00000E+00 0.00000E+00 0.00000E+00 0.00000E+00 0.00000E+00 0.00000E+00 0.00000E+00
 0.00000E+00 0.00000E+00 0.00000E+00 0.00000E+00 0.00000E+00 0.00000E+00 0.00000E+00
 0.00000E+00 0.00000E+00 0.00000E+00 0.00000E+00 2.14251E-05 4.07931E-02 2.03340E-01
 3.38255E-01 4.16333E-01 4.51612E-01 4.58871E-01 4.48754E-01 4.28373E-01 4.02378E-01
 3.73561E-01 3.43747E-01
RH103N  RH103(N,N')RH103M   
 0.00000E+00 0.00000E+00 0.00000E+00 0.00000E+00 0.00000E+00 0.00000E+00 0.00000E+00
 0.00000E+00 0.00000E+00 0.00000E+00 0.00000E+00 0.00000E+00 0.00000E+00 0.00000E+00
 0.00000E+00 0.00000E+00 0.00000E+00 0.00000E+00 0.00000E+00 0.00000E+00 0.00000E+00
 0.00000E+00 0.00000E+00 0.00000E+00 0.00000E+00 0.00000E+00 0.00000E+00 0.00000E+00
 0.00000E+00 0.00000E+00 0.00000E+00 0.00000E+00 0.00000E+00 0.00000E+00 0.00000E+00
 0.00000E+00 0.00000E+00 0.00000E+00 0.00000E+00 0.00000E+00 0.00000E+00 0.00000E+00
 0.00000E+00 0.00000E+00 0.00000E+00 0.00000E+00 0.00000E+00 7.24041E-04 2.26568E-03
 4.37074E-03 6.97983E-03 1.15242E-02 2.34179E-02 3.68014E-02 5.10310E-02 6.55870E-02
 8.03715E-02 9.33908E-02 1.06368E-01 1.20223E-01 1.35042E-01 1.52115E-01 1.73784E-01
 2.07410E-01 2.68365E-01 3.61116E-01 4.53821E-01 5.21506E-01 5.68573E-01 6.01229E-01
 6.41536E-01 6.93734E-01 7.43883E-01 7.90626E-01 8.33495E-01 8.81130E-01 9.30468E-01
 9.72526E-01 1.01317E+00 1.05142E+00 1.08280E+00 1.10892E+00 1.13450E+00 1.16025E+00
 1.18474E+00 1.21261E+00 1.24505E+00 1.27260E+00 1.27502E+00 1.19919E+00 9.86013E-01
 7.06639E-01 4.81433E-01 3.46600E-01 2.74640E-01 2.36399E-01 2.14678E-01 2.00903E-01
 1.90929E-01 1.82820E-01
AG109G  AG109(N,G)AG110M    
 3.20094E+01 1.01376E+01 5.32727E+00 3.60178E+00 2.73903E+00 2.25137E+00 1.87571E+00
 1.58006E+00 1.34747E+00 1.18142E+00 1.06606E+00 1.02095E+00 1.09612E+00 1.46193E+00
 4.08313E+00 1.51290E+02 1.49391E+00 1.68355E-01 4.30656E-02 2.31999E-01 3.48709E+00
 1.07821E+00 1.72363E+00 1.47062E+00 1.05966E-01 8.82701E-01 1.34557E-01 4.88827E-01
 3.64086E-01 4.64223E-01 1.59975E-01 1.26092E-01 1.81239E-01 2.02690E-01 1.16692E-01
 1.21490E-01 1.19314E-01 7.94989E-02 7.70190E-02 7.16031E-02 7.30883E-02 6.85942E-02
 6.63028E-02 6.43342E-02 6.16992E-02 5.86978E-02 5.62047E-02 5.34769E-02 4.86659E-02
 4.30680E-02 3.87503E-02 3.54797E-02 3.28352E-02 3.08413E-02 2.90650E-02 2.71926E-02
 2.55396E-02 2.42193E-02 2.28974E-02 2.16080E-02 2.03434E-02 1.91221E-02 1.79697E-02
 1.68798E-02 1.58439E-02 1.48621E-02 1.40080E-02 1.32609E-02 1.25015E-02 1.17485E-02
 1.05437E-02 9.14250E-03 8.08187E-03 7.19748E-03 6.48504E-03 5.54371E-03 4.53149E-03
 3.79315E-03 2.92692E-03 1.85987E-03 1.22210E-03 7.19712E-04 3.90743E-04 2.29554E-04
 1.57225E-04 1.36485E-04 1.51362E-04 1.86501E-04 2.21899E-04 2.48295E-04 2.54010E-04
 2.41844E-04 2.24102E-04 2.04764E-04 1.85128E-04 1.66219E-04 1.49098E-04 1.33791E-04
 1.20186E-04 1.08129E-04
IN115N  IN115(N,N')IN115M   
 0.00000E+00 0.00000E+00 0.00000E+00 0.00000E+00 0.00000E+00 0.00000E+00 0.00000E+00
 0.00000E+00 0.00000E+00 0.00000E+00 0.00000E+00 0.00000E+00 0.00000E+00 0.00000E+00
 0.00000E+00 0.00000E+00 0.00000E+00 0.00000E+00 0.00000E+00 0.00000E+00 0.00000E+00
 0.00000E+00 0.00000E+00 0.00000E+00 0.00000E+00 0.00000E+00 0.00000E+00 0.00000E+00
 0.00000E+00 0.00000E+00 0.00000E+00 0.00000E+00 0.00000E+00 0.00000E+00 0.00000E+00
 0.00000E+00 0.00000E+00 0.00000E+00 0.00000E+00 0.00000E+00 0.00000E+00 0.00000E+00
 0.00000E+00 0.00000E+00 0.00000E+00 0.00000E+00 0.00000E+00 0.00000E+00 0.00000E+00
 0.00000E+00 0.00000E+00 0.00000E+00 0.00000E+00 0.00000E+00 0.00000E+00 0.00000E+00
 0.00000E+00 0.00000E+00 1.43913E-04 1.08567E-03 2.04770E-03 3.18874E-03 4.95485E-03
 7.46936E-03 1.12467E-02 1.66969E-02 2.36083E-02 3.19661E-02 4.34198E-02 5.82527E-02
 8.69634E-02 1.28954E-01 1.70290E-01 2.11853E-01 2.54279E-01 3.04064E-01 3.44983E-01
 3.55103E-01 3.43045E-01 3.27770E-01 3.21903E-01 3.23781E-01 3.30088E-01 3.37111E-01
 3.40900E-01 3.39231E-01 3.29897E-01 3.13803E-01 2.93402E-01 2.68247E-01 2.33934E-01
 1.83179E-01 1.21223E-01 7.84519E-02 6.20524E-02 5.77573E-02 5.66672E-02 5.60007E-02
 5.51515E-02 5.40826E-02
IN1152  IN115(N,2N)IN114M   
 0.00000E+00 0.00000E+00 0.00000E+00 0.00000E+00 0.00000E+00 0.00000E+00 0.00000E+00
 0.00000E+00 0.00000E+00 0.00000E+00 0.00000E+00 0.00000E+00 0.00000E+00 0.00000E+00
 0.00000E+00 0.00000E+00 0.00000E+00 0.00000E+00 0.00000E+00 0.00000E+00 0.00000E+00
 0.00000E+00 0.00000E+00 0.00000E+00 0.00000E+00 0.00000E+00 0.00000E+00 0.00000E+00
 0.00000E+00 0.00000E+00 0.00000E+00 0.00000E+00 0.00000E+00 0.00000E+00 0.00000E+00
 0.00000E+00 0.00000E+00 0.00000E+00 0.00000E+00 0.00000E+00 0.00000E+00 0.00000E+00
 0.00000E+00 0.00000E+00 0.00000E+00 0.00000E+00 0.00000E+00 0.00000E+00 0.00000E+00
 0.00000E+00 0.00000E+00 0.00000E+00 0.00000E+00 0.00000E+00 0.00000E+00 0.00000E+00
 0.00000E+00 0.00000E+00 0.00000E+00 0.00000E+00 0.00000E+00 0.00000E+00 0.00000E+00
 0.00000E+00 0.00000E+00 0.00000E+00 0.00000E+00 0.00000E+00 0.00000E+00 0.00000E+00
 0.00000E+00 0.00000E+00 0.00000E+00 0.00000E+00 0.00000E+00 0.00000E+00 0.00000E+00
 0.00000E+00 0.00000E+00 0.00000E+00 0.00000E+00 0.00000E+00 0.00000E+00 0.00000E+00
 0.00000E+00 0.00000E+00 0.00000E+00 0.00000E+00 0.00000E+00 3.74955E-02 3.58899E-01
 7.36050E-01 1.01542E+00 1.19980E+00 1.29490E+00 1.31200E+00 1.28320E+00 1.25480E+00
 1.21150E+00 1.13690E+00
IN115G  IN115(N,G)IN116M    
 1.23185E+03 3.91736E+02 2.08010E+02 1.43238E+02 1.11732E+02 9.49559E+01 8.31433E+01
 7.57323E+01 7.35746E+01 7.99316E+01 1.12408E+02 4.40143E+02 5.23586E+03 6.13469E+01
 9.74701E+01 4.09579E+00 8.25398E+01 1.94024E+01 4.33722E-01 1.75051E+01 1.06205E+01
 2.24437E+00 6.79534E+00 3.32053E+00 6.31922E+00 6.56374E+00 7.04957E+00 4.47092E+00
 4.10416E+00 3.03899E+00 1.66883E+00 2.43352E+00 1.82687E+00 1.61186E+00 1.45141E+00
 1.30503E+00 1.19043E+00 1.10408E+00 1.03281E+00 9.74869E-01 9.15238E-01 8.52893E-01
 7.86199E-01 7.27120E-01 6.70940E-01 6.11737E-01 5.46477E-01 4.78720E-01 4.15713E-01
 3.56795E-01 3.07190E-01 2.70980E-01 2.42516E-01 2.22053E-01 2.03882E-01 1.78795E-01
 1.64778E-01 1.56131E-01 1.50732E-01 1.46329E-01 1.44534E-01 1.45762E-01 1.50036E-01
 1.54017E-01 1.58227E-01 1.62632E-01 1.68567E-01 1.74979E-01 1.79854E-01 1.81758E-01
 1.81671E-01 1.77672E-01 1.63265E-01 1.46728E-01 1.30593E-01 1.10491E-01 8.78377E-02
 6.71569E-02 4.99762E-02 3.57426E-02 2.64719E-02 2.01889E-02 1.53492E-02 1.09407E-02
 7.53055E-03 5.03682E-03 3.32706E-03 2.42459E-03 1.80299E-03 1.33606E-03 1.06841E-03
 9.48455E-04 9.13616E-04 9.49752E-04 9.85753E-04 9.26365E-04 7.92394E-04 6.84060E-04
 5.95380E-04 5.22164E-04
I1272   I127(N,2N)I126      
 0.00000E+00 0.00000E+00 0.00000E+00 0.00000E+00 0.00000E+00 0.00000E+00 0.00000E+00
 0.00000E+00 0.00000E+00 0.00000E+00 0.00000E+00 0.00000E+00 0.00000E+00 0.00000E+00
 0.00000E+00 0.00000E+00 0.00000E+00 0.00000E+00 0.00000E+00 0.00000E+00 0.00000E+00
 0.00000E+00 0.00000E+00 0.00000E+00 0.00000E+00 0.00000E+00 0.00000E+00 0.00000E+00
 0.00000E+00 0.00000E+00 0.00000E+00 0.00000E+00 0.00000E+00 0.00000E+00 0.00000E+00
 0.00000E+00 0.00000E+00 0.00000E+00 0.00000E+00 0.00000E+00 0.00000E+00 0.00000E+00
 0.00000E+00 0.00000E+00 0.00000E+00 0.00000E+00 0.00000E+00 0.00000E+00 0.00000E+00
 0.00000E+00 0.00000E+00 0.00000E+00 0.00000E+00 0.00000E+00 0.00000E+00 0.00000E+00
 0.00000E+00 0.00000E+00 0.00000E+00 0.00000E+00 0.00000E+00 0.00000E+00 0.00000E+00
 0.00000E+00 0.00000E+00 0.00000E+00 0.00000E+00 0.00000E+00 0.00000E+00 0.00000E+00
 0.00000E+00 0.00000E+00 0.00000E+00 0.00000E+00 0.00000E+00 0.00000E+00 0.00000E+00
 0.00000E+00 0.00000E+00 0.00000E+00 0.00000E+00 0.00000E+00 0.00000E+00 0.00000E+00
 0.00000E+00 0.00000E+00 0.00000E+00 0.00000E+00 0.00000E+00 3.81223E-02 4.87957E-01
 1.10823E+00 1.46442E+00 1.59507E+00 1.64905E+00 1.67574E+00 1.68183E+00 1.64570E+00
 1.54412E+00 1.35815E+00
LA139G  LA139(N,G)LA140     
 6.86116E+01 2.17501E+01 1.14165E+01 7.66637E+00 5.75727E+00 4.66986E+00 3.81463E+00
 3.11774E+00 2.54286E+00 2.10166E+00 2.32176E+00 1.38174E+00 1.08338E+00 8.63108E-01
 6.74866E-01 5.17573E-01 3.91949E-01 2.88371E-01 1.97557E-01 1.31697E-01 8.80208E-02
 1.50263E-01 1.81780E+01 1.69758E-02 9.18895E-03 5.75922E-03 2.98385E-02 1.92100E-02
 1.81279E-03 1.45490E-03 4.41840E-01 2.58149E-01 4.71308E-01 3.30851E-02 1.49997E-01
 2.94401E-01 1.65152E-01 1.82567E-01 1.59462E-01 1.53469E-01 1.14444E-01 9.15467E-02
 7.52220E-02 5.60594E-02 4.99341E-02 4.31747E-02 3.68866E-02 3.07869E-02 2.56342E-02
 2.11073E-02 1.75428E-02 1.52010E-02 1.36120E-02 1.17207E-02 9.82887E-03 8.80327E-03
 8.11007E-03 7.65920E-03 7.30158E-03 7.01264E-03 6.79503E-03 6.64581E-03 6.57029E-03
 6.55492E-03 6.58965E-03 6.66528E-03 6.77191E-03 6.90459E-03 7.09091E-03 7.35274E-03
 8.05858E-03 9.29266E-03 9.13368E-03 8.08990E-03 7.20899E-03 6.33895E-03 5.48425E-03
 4.78943E-03 4.13642E-03 3.54697E-03 3.08643E-03 2.71992E-03 2.39029E-03 2.09568E-03
 1.85628E-03 1.62198E-03 1.39526E-03 1.19540E-03 1.02734E-03 9.22988E-04 9.46208E-04
 1.05829E-03 1.13437E-03 1.12134E-03 1.02016E-03 8.49834E-04 6.53205E-04 4.78134E-04
 3.50997E-04 2.69950E-04
PR1412  PR141(N,2N)PR140    
 0.00000E+00 0.00000E+00 0.00000E+00 0.00000E+00 0.00000E+00 0.00000E+00 0.00000E+00
 0.00000E+00 0.00000E+00 0.00000E+00 0.00000E+00 0.00000E+00 0.00000E+00 0.00000E+00
 0.00000E+00 0.00000E+00 0.00000E+00 0.00000E+00 0.00000E+00 0.00000E+00 0.00000E+00
 0.00000E+00 0.00000E+00 0.00000E+00 0.00000E+00 0.00000E+00 0.00000E+00 0.00000E+00
 0.00000E+00 0.00000E+00 0.00000E+00 0.00000E+00 0.00000E+00 0.00000E+00 0.00000E+00
 0.00000E+00 0.00000E+00 0.00000E+00 0.00000E+00 0.00000E+00 0.00000E+00 0.00000E+00
 0.00000E+00 0.00000E+00 0.00000E+00 0.00000E+00 0.00000E+00 0.00000E+00 0.00000E+00
 0.00000E+00 0.00000E+00 0.00000E+00 0.00000E+00 0.00000E+00 0.00000E+00 0.00000E+00
 0.00000E+00 0.00000E+00 0.00000E+00 0.00000E+00 0.00000E+00 0.00000E+00 0.00000E+00
 0.00000E+00 0.00000E+00 0.00000E+00 0.00000E+00 0.00000E+00 0.00000E+00 0.00000E+00
 0.00000E+00 0.00000E+00 0.00000E+00 0.00000E+00 0.00000E+00 0.00000E+00 0.00000E+00
 0.00000E+00 0.00000E+00 0.00000E+00 0.00000E+00 0.00000E+00 0.00000E+00 0.00000E+00
 0.00000E+00 0.00000E+00 0.00000E+00 0.00000E+00 0.00000E+00 2.40301E-02 4.22953E-01
 9.83726E-01 1.34716E+00 1.55339E+00 1.67231E+00 1.74264E+00 1.78240E+00 1.79908E+00
 1.78692E+00 1.70647E+00
TM1692  TM169(N,2N)TM168    
 0.00000E+00 0.00000E+00 0.00000E+00 0.00000E+00 0.00000E+00 0.00000E+00 0.00000E+00
 0.00000E+00 0.00000E+00 0.00000E+00 0.00000E+00 0.00000E+00 0.00000E+00 0.00000E+00
 0.00000E+00 0.00000E+00 0.00000E+00 0.00000E+00 0.00000E+00 0.00000E+00 0.00000E+00
 0.00000E+00 0.00000E+00 0.00000E+00 0.00000E+00 0.00000E+00 0.00000E+00 0.00000E+00
 0.00000E+00 0.00000E+00 0.00000E+00 0.00000E+00 0.00000E+00 0.00000E+00 0.00000E+00
 0.00000E+00 0.00000E+00 0.00000E+00 0.00000E+00 0.00000E+00 0.00000E+00 0.00000E+00
 0.00000E+00 0.00000E+00 0.00000E+00 0.00000E+00 0.00000E+00 0.00000E+00 0.00000E+00
 0.00000E+00 0.00000E+00 0.00000E+00 0.00000E+00 0.00000E+00 0.00000E+00 0.00000E+00
 0.00000E+00 0.00000E+00 0.00000E+00 0.00000E+00 0.00000E+00 0.00000E+00 0.00000E+00
 0.00000E+00 0.00000E+00 0.00000E+00 0.00000E+00 0.00000E+00 0.00000E+00 0.00000E+00
 0.00000E+00 0.00000E+00 0.00000E+00 0.00000E+00 0.00000E+00 0.00000E+00 0.00000E+00
 0.00000E+00 0.00000E+00 0.00000E+00 0.00000E+00 0.00000E+00 0.00000E+00 0.00000E+00
 0.00000E+00 0.00000E+00 0.00000E+00 8.66150E-04 2.04650E-01 8.61040E-01 1.35775E+00
 1.63790E+00 1.89635E+00 2.00487E+00 1.99610E+00 1.99633E+00 1.96900E+00 1.70585E+00
 1.28175E+00 9.80950E-01
TA181G  TA181(N,G)TA182     
 1.57273E+02 4.97783E+01 2.61019E+01 1.75800E+01 1.32933E+01 1.08741E+01 8.99664E+00
 7.49126E+00 6.29278E+00 5.40888E+00 4.75131E+00 4.39231E+00 4.60899E+00 6.60868E+00
 3.89854E+02 5.17914E+02 3.29140E+00 1.52298E+02 3.49318E+01 5.49229E+01 2.01758E+02
 9.50411E+00 5.33853E+01 3.65706E+01 2.38043E+01 4.06098E+01 2.70491E+01 2.10218E+01
 1.73965E+01 1.52087E+01 1.20962E+01 1.06629E+01 9.01723E+00 6.37476E+00 5.23342E+00
 4.38983E+00 3.60782E+00 3.04874E+00 2.59972E+00 2.15934E+00 1.70744E+00 1.40315E+00
 1.18090E+00 1.01393E+00 8.60674E-01 7.39215E-01 6.44628E-01 5.56933E-01 4.85408E-01
 4.25463E-01 3.76207E-01 3.40213E-01 3.00095E-01 2.57316E-01 2.28615E-01 2.09422E-01
 1.93104E-01 1.79859E-01 1.65026E-01 1.55791E-01 1.48099E-01 1.39669E-01 1.27241E-01
 1.21111E-01 1.15419E-01 1.09364E-01 1.05530E-01 1.04697E-01 1.04907E-01 1.05297E-01
 1.03677E-01 9.51029E-02 8.70523E-02 7.47165E-02 6.44146E-02 5.35191E-02 4.30355E-02
 3.42482E-02 2.58079E-02 1.77158E-02 1.25206E-02 7.65645E-03 4.25896E-03 2.03713E-03
 8.75973E-04 3.53826E-04 1.32025E-04 5.45233E-05 2.06407E-05 7.13371E-06 2.40571E-06
 9.65746E-07 4.65099E-07 2.66073E-07 1.67325E-07 1.06091E-07 6.81855E-08 4.79992E-08
 3.62588E-08 2.86182E-08
W186G   W186(N,G)W187       
 2.93554E+02 9.28648E+01 4.86290E+01 3.26729E+01 2.46203E+01 2.00578E+01 1.64839E+01
 1.35969E+01 1.12346E+01 9.41373E+00 7.88906E+00 6.63417E+00 5.71959E+00 5.10857E+00
 4.79313E+00 4.93988E+00 6.06203E+00 1.14933E+01 1.08232E+03 1.71939E+01 1.19386E+00
 2.35621E-01 7.67614E-02 4.44906E-02 5.40481E-01 2.90831E+01 6.16526E-01 3.38923E+00
 3.84741E+00 5.30831E+00 5.76635E+00 5.38368E-01 2.72714E+00 9.07217E-01 4.99447E-01
 9.45075E-01 5.41664E-01 5.16719E-01 4.37397E-01 3.87937E-01 3.01206E-01 2.91307E-01
 2.56549E-01 2.27701E-01 1.99207E-01 1.76803E-01 1.61431E-01 1.48780E-01 1.39695E-01
 1.32976E-01 1.27054E-01 1.04038E-01 7.24853E-02 6.15727E-02 5.63297E-02 5.27790E-02
 5.02088E-02 4.85682E-02 4.73254E-02 4.63335E-02 4.56941E-02 4.53492E-02 4.53526E-02
 4.56189E-02 4.61080E-02 4.67205E-02 4.71635E-02 4.69231E-02 4.55103E-02 4.30571E-02
 3.90829E-02 3.53918E-02 3.31259E-02 3.12456E-02 2.93725E-02 2.68444E-02 2.34107E-02
 1.96764E-02 1.56147E-02 1.20053E-02 9.29130E-03 7.16699E-03 5.32228E-03 3.81391E-03
 2.76620E-03 1.97009E-03 1.45696E-03 1.23520E-03 1.20542E-03 1.28889E-03 1.39843E-03
 1.44384E-03 1.38947E-03 1.24499E-03 1.04785E-03 8.39615E-04 6.50704E-04 4.98125E-04
 3.86605E-04 3.13238E-04
AU1972  AU197(N,2N)AU196    
 0.00000E+00 0.00000E+00 0.00000E+00 0.00000E+00 0.00000E+00 0.00000E+00 0.00000E+00
 0.00000E+00 0.00000E+00 0.00000E+00 0.00000E+00 0.00000E+00 0.00000E+00 0.00000E+00
 0.00000E+00 0.00000E+00 0.00000E+00 0.00000E+00 0.00000E+00 0.00000E+00 0.00000E+00
 0.00000E+00 0.00000E+00 0.00000E+00 0.00000E+00 0.00000E+00 0.00000E+00 0.00000E+00
 0.00000E+00 0.00000E+00 0.00000E+00 0.00000E+00 0.00000E+00 0.00000E+00 0.00000E+00
 0.00000E+00 0.00000E+00 0.00000E+00 0.00000E+00 0.00000E+00 0.00000E+00 0.00000E+00
 0.00000E+00 0.00000E+00 0.00000E+00 0.00000E+00 0.00000E+00 0.00000E+00 0.00000E+00
 0.00000E+00 0.00000E+00 0.00000E+00 0.00000E+00 0.00000E+00 0.00000E+00 0.00000E+00
 0.00000E+00 0.00000E+00 0.00000E+00 0.00000E+00 0.00000E+00 0.00000E+00 0.00000E+00
 0.00000E+00 0.00000E+00 0.00000E+00 0.00000E+00 0.00000E+00 0.00000E+00 0.00000E+00
 0.00000E+00 0.00000E+00 0.00000E+00 0.00000E+00 0.00000E+00 0.00000E+00 0.00000E+00
 0.00000E+00 0.00000E+00 0.00000E+00 0.00000E+00 0.00000E+00 0.00000E+00 0.00000E+00
 0.00000E+00 0.00000E+00 0.00000E+00 6.97123E-04 1.32895E-01 6.71125E-01 1.35999E+00
 1.79379E+00 2.04176E+00 2.10591E+00 2.12372E+00 2.12996E+00 2.01478E+00 1.81209E+00
 1.49056E+00 1.13071E+00
AU197G  AU197(N,G)AU198     
 7.48095E+02 2.36939E+02 1.24465E+02 8.40874E+01 6.38524E+01 5.24876E+01 4.37285E+01
 3.68047E+01 3.13854E+01 2.75395E+01 2.49108E+01 2.39408E+01 2.60185E+01 3.61338E+01
 1.29946E+02 3.29874E+03 2.19441E+01 3.11414E+00 8.15681E-01 3.41791E-01 2.91702E-01
 8.41971E+01 9.60946E+00 5.57476E+00 2.51908E+01 5.55832E+00 1.44818E+01 1.99689E+01
 1.20811E+01 9.65113E+00 1.67677E+01 9.68380E+00 7.89957E+00 6.14485E+00 4.06739E+00
 3.28769E+00 2.45720E+00 2.10830E+00 1.59507E+00 1.79924E+00 1.42526E+00 1.14383E+00
 9.76143E-01 8.13962E-01 6.67410E-01 5.97962E-01 5.34589E-01 4.55879E-01 3.99285E-01
 3.49624E-01 3.11842E-01 2.90933E-01 2.74131E-01 2.59615E-01 2.48683E-01 2.39403E-01
 2.23083E-01 1.97914E-01 1.81920E-01 1.67664E-01 1.53845E-01 1.39188E-01 1.26584E-01
 1.16197E-01 1.03595E-01 9.72304E-02 9.29550E-02 8.92124E-02 8.54528E-02 8.18301E-02
 7.72584E-02 7.17667E-02 6.79499E-02 6.30499E-02 5.64999E-02 4.60583E-02 3.50179E-02
 2.90599E-02 2.31707E-02 1.72746E-02 1.30305E-02 1.06218E-02 8.41945E-03 6.75819E-03
 5.46052E-03 3.91578E-03 2.24039E-03 9.20795E-04 9.69159E-04 1.24000E-03 1.54735E-03
 1.77370E-03 1.80220E-03 1.52000E-03 1.12447E-03 7.40351E-04 4.22583E-04 2.58921E-04
 1.78466E-04 1.21116E-04
HG199N  HG199(N,N')HG199M   
 0.00000E+00 0.00000E+00 0.00000E+00 0.00000E+00 0.00000E+00 0.00000E+00 0.00000E+00
 0.00000E+00 0.00000E+00 0.00000E+00 0.00000E+00 0.00000E+00 0.00000E+00 0.00000E+00
 0.00000E+00 0.00000E+00 0.00000E+00 0.00000E+00 0.00000E+00 0.00000E+00 0.00000E+00
 0.00000E+00 0.00000E+00 0.00000E+00 0.00000E+00 0.00000E+00 0.00000E+00 0.00000E+00
 0.00000E+00 0.00000E+00 0.00000E+00 0.00000E+00 0.00000E+00 0.00000E+00 0.00000E+00
 0.00000E+00 0.00000E+00 0.00000E+00 0.00000E+00 0.00000E+00 0.00000E+00 0.00000E+00
 0.00000E+00 0.00000E+00 0.00000E+00 0.00000E+00 0.00000E+00 0.00000E+00 0.00000E+00
 0.00000E+00 0.00000E+00 0.00000E+00 0.00000E+00 0.00000E+00 0.00000E+00 0.00000E+00
 0.00000E+00 0.00000E+00 0.00000E+00 0.00000E+00 0.00000E+00 0.00000E+00 3.87338E-04
 6.01561E-03 1.40250E-02 2.27625E-02 3.13828E-02 3.93000E-02 4.84000E-02 5.88000E-02
 7.88000E-02 1.13350E-01 1.61100E-01 2.15500E-01 2.60000E-01 3.09750E-01 3.59000E-01
 4.12750E-01 4.63750E-01 5.03000E-01 5.41875E-01 5.70875E-01 5.90000E-01 6.03500E-01
 6.17750E-01 6.33214E-01 6.40000E-01 6.38500E-01 6.20406E-01 5.75000E-01 4.92500E-01
 3.78750E-01 2.50000E-01 1.71250E-01 1.30625E-01 1.06375E-01 9.60000E-02 8.80000E-02
 8.40000E-02 8.07500E-02
PB204N  PB204(N,N')PB204M   
 0.00000E+00 0.00000E+00 0.00000E+00 0.00000E+00 0.00000E+00 0.00000E+00 0.00000E+00
 0.00000E+00 0.00000E+00 0.00000E+00 0.00000E+00 0.00000E+00 0.00000E+00 0.00000E+00
 0.00000E+00 0.00000E+00 0.00000E+00 0.00000E+00 0.00000E+00 0.00000E+00 0.00000E+00
 0.00000E+00 0.00000E+00 0.00000E+00 0.00000E+00 0.00000E+00 0.00000E+00 0.00000E+00
 0.00000E+00 0.00000E+00 0.00000E+00 0.00000E+00 0.00000E+00 0.00000E+00 0.00000E+00
 0.00000E+00 0.00000E+00 0.00000E+00 0.00000E+00 0.00000E+00 0.00000E+00 0.00000E+00
 0.00000E+00 0.00000E+00 0.00000E+00 0.00000E+00 0.00000E+00 0.00000E+00 0.00000E+00
 0.00000E+00 0.00000E+00 0.00000E+00 0.00000E+00 0.00000E+00 0.00000E+00 0.00000E+00
 0.00000E+00 0.00000E+00 0.00000E+00 0.00000E+00 0.00000E+00 0.00000E+00 0.00000E+00
 0.00000E+00 0.00000E+00 0.00000E+00 0.00000E+00 0.00000E+00 0.00000E+00 0.00000E+00
 0.00000E+00 0.00000E+00 0.00000E+00 0.00000E+00 0.00000E+00 1.17349E-05 2.01829E-03
 1.16005E-02 2.54031E-02 4.18182E-02 5.75562E-02 7.25518E-02 8.91241E-02 1.07732E-01
 1.27270E-01 1.53051E-01 1.86749E-01 2.25459E-01 2.60626E-01 2.69220E-01 2.30087E-01
 1.70258E-01 1.21289E-01 8.90142E-02 6.85891E-02 5.51687E-02 4.56837E-02 3.83082E-02
 3.19361E-02 2.58254E-02
TH232F  TH232(N,FISSION)    
 0.00000E+00 0.00000E+00 0.00000E+00 0.00000E+00 0.00000E+00 0.00000E+00 0.00000E+00
 0.00000E+00 0.00000E+00 0.00000E+00 0.00000E+00 0.00000E+00 0.00000E+00 0.00000E+00
 0.00000E+00 0.00000E+00 0.00000E+00 0.00000E+00 0.00000E+00 0.00000E+00 0.00000E+00
 0.00000E+00 0.00000E+00 0.00000E+00 0.00000E+00 0.00000E+00 0.00000E+00 0.00000E+00
 0.00000E+00 0.00000E+00 0.00000E+00 0.00000E+00 0.00000E+00 0.00000E+00 0.00000E+00
 0.00000E+00 0.00000E+00 0.00000E+00 0.00000E+00 0.00000E+00 0.00000E+00 0.00000E+00
 0.00000E+00 0.00000E+00 0.00000E+00 0.00000E+00 0.00000E+00 0.00000E+00 0.00000E+00
 0.00000E+00 0.00000E+00 0.00000E+00 0.00000E+00 0.00000E+00 0.00000E+00 0.00000E+00
 0.00000E+00 0.00000E+00 0.00000E+00 0.00000E+00 0.00000E+00 6.16910E-12 2.74999E-06
 8.25020E-06 1.79001E-05 3.47342E-05 9.52845E-05 1.48071E-04 4.13662E-04 1.12514E-03
 2.53183E-03 2.40916E-02 8.20453E-02 9.09906E-02 1.05855E-01 1.26000E-01 1.17434E-01
 1.24400E-01 1.35800E-01 1.40800E-01 1.41688E-01 1.42400E-01 1.43072E-01 1.44154E-01
 1.41250E-01 2.28843E-01 3.66513E-01 3.69604E-01 3.35988E-01 3.21500E-01 3.13000E-01
 3.04000E-01 3.12563E-01 3.32563E-01 3.77500E-01 4.26625E-01 4.62999E-01 4.72500E-01
 4.92501E-01 5.31000E-01
TH232G  TH232(N,G)TH233     
 5.72599E+01 1.80715E+01 9.40256E+00 6.26410E+00 4.67820E+00 3.77102E+00 3.05246E+00
 2.46209E+00 1.96936E+00 1.57801E+00 1.23784E+00 9.43525E-01 7.13195E-01 5.37192E-01
 3.99184E-01 3.00269E-01 2.85772E-01 2.25494E-01 5.07730E-01 1.05396E+02 1.32611E-01
 1.46693E+01 2.50001E+01 2.28707E+01 1.74493E+00 1.46791E+01 1.10605E+01 9.79292E+00
 4.21237E+00 4.31458E+00 4.24798E+00 2.33070E+00 2.39810E+00 2.24883E+00 2.14818E+00
 1.69752E+00 1.48575E+00 1.11937E+00 9.90463E-01 8.89614E-01 7.97657E-01 7.15947E-01
 6.47570E-01 5.87384E-01 5.20852E-01 4.62754E-01 4.30528E-01 4.05915E-01 3.37273E-01
 2.70889E-01 2.27929E-01 2.05030E-01 1.89034E-01 1.77329E-01 1.63954E-01 1.53861E-01
 1.47853E-01 1.44972E-01 1.43800E-01 1.42601E-01 1.44001E-01 1.48001E-01 1.53808E-01
 1.61146E-01 1.64969E-01 1.64831E-01 1.62466E-01 1.58527E-01 1.50283E-01 1.40200E-01
 1.26200E-01 1.10400E-01 9.89000E-02 8.68749E-02 7.20002E-02 5.74003E-02 4.45335E-02
 3.60002E-02 2.89501E-02 2.40001E-02 1.92876E-02 1.65001E-02 1.42501E-02 1.17501E-02
 9.25005E-03 7.26504E-03 5.79503E-03 4.25002E-03 3.26002E-03 2.45002E-03 1.93751E-03
 1.81251E-03 1.68751E-03 1.56250E-03 1.49167E-03 1.47500E-03 1.45834E-03 1.44167E-03
 1.42500E-03 1.40834E-03
U235F   U235(N,FISSION)     
 4.75928E+03 1.48154E+03 7.53139E+02 4.85273E+02 3.43628E+02 2.61599E+02 2.02016E+02
 1.78792E+02 1.71474E+02 9.41345E+01 6.04643E+01 6.96308E+01 1.64320E+01 1.25562E+01
 2.36461E+01 1.54921E+01 7.69395E+01 4.22617E+01 5.33615E+01 3.64489E+01 4.86939E+01
 3.73709E+01 2.68981E+01 2.23332E+01 1.95312E+01 1.82415E+01 2.44537E+01 1.37748E+01
 1.22718E+01 1.41454E+01 1.15691E+01 8.71964E+00 8.00740E+00 6.96530E+00 6.45721E+00
 5.43929E+00 5.00653E+00 4.63090E+00 3.97433E+00 3.51603E+00 3.04402E+00 2.92917E+00
 2.72259E+00 2.45766E+00 2.27745E+00 2.12229E+00 1.96438E+00 1.84308E+00 1.79500E+00
 1.66015E+00 1.55587E+00 1.49282E+00 1.42948E+00 1.38731E+00 1.34531E+00 1.30661E+00
 1.25042E+00 1.23068E+00 1.22463E+00 1.20994E+00 1.18672E+00 1.15324E+00 1.13474E+00
 1.12304E+00 1.11795E+00 1.11539E+00 1.11207E+00 1.11117E+00 1.13028E+00 1.18234E+00
 1.19629E+00 1.20833E+00 1.23164E+00 1.25270E+00 1.26665E+00 1.26887E+00 1.25384E+00
 1.22800E+00 1.19228E+00 1.15681E+00 1.13382E+00 1.11310E+00 1.08499E+00 1.05125E+00
 1.05192E+00 1.26430E+00 1.55516E+00 1.73161E+00 1.77408E+00 1.75610E+00 1.73278E+00
 1.72284E+00 1.81673E+00 1.97891E+00 2.07725E+00 2.08900E+00 2.06515E+00 2.00805E+00
 1.95365E+00 1.93340E+00
U238F   U238(N,FISSION)     
 8.98510E-05 2.84242E-05 1.48825E-05 9.99752E-06 7.53232E-06 6.13493E-06 5.04071E-06
 4.15528E-06 3.43267E-06 2.87518E-06 2.40914E-06 2.02991E-06 1.76420E-06 1.61669E-06
 1.67717E-06 4.11893E-06 1.27795E-04 5.64302E-07 3.86560E-04 4.61550E-05 4.38832E-05
 7.02896E-05 7.68936E-06 1.11210E-05 2.07561E-07 3.63282E-05 5.44467E-06 2.71191E-05
 9.62769E-07 4.63824E-05 3.93330E-03 7.74716E-05 1.24323E-03 1.42812E-07 1.32309E-08
 2.18630E-09 1.04610E-09 2.81012E-09 1.07212E-08 5.87633E-05 1.68624E-04 6.85638E-05
 1.10302E-04 1.23600E-04 9.88864E-05 6.11220E-05 3.40315E-05 7.70208E-05 9.03318E-05
 4.22416E-05 3.69158E-05 4.21077E-05 6.63346E-05 9.89996E-05 9.89998E-05 9.35616E-05
 8.80070E-05 9.38751E-05 1.68630E-04 2.21505E-04 2.38853E-04 3.74993E-04 4.79542E-04
 6.92810E-04 1.02496E-03 1.62291E-03 2.65345E-03 4.98564E-03 1.12137E-02 1.60083E-02
 2.83728E-02 8.69555E-02 3.35151E-01 4.48625E-01 5.22473E-01 5.48248E-01 5.48566E-01
 5.37397E-01 5.29151E-01 5.38792E-01 5.60823E-01 5.61928E-01 5.43605E-01 5.29237E-01
 5.53712E-01 7.42606E-01 9.55863E-01 9.96086E-01 9.96839E-01 9.84445E-01 9.80200E-01
 9.77950E-01 9.80741E-01 1.07100E+00 1.15765E+00 1.24174E+00 1.24153E+00 1.20135E+00
 1.20068E+00 1.27597E+00
U238G   U238(N,G)U239       
 2.06998E+01 6.55029E+00 3.43236E+00 2.30892E+00 1.74291E+00 1.42286E+00 1.17305E+00
 9.71973E-01 8.09330E-01 6.85846E-01 5.85822E-01 5.10398E-01 4.69817E-01 4.78821E-01
 6.41677E-01 4.27722E+00 2.95136E+02 5.26987E-01 1.63006E+02 1.99233E+01 1.02514E+02
 3.12086E+01 3.22671E+00 3.23803E+01 2.83667E+00 1.51516E+01 6.94673E+00 4.59623E+00
 2.72167E+00 2.76467E+00 3.71671E+00 3.40055E+00 2.64344E+00 1.43597E+00 1.68810E+00
 1.48071E+00 1.20954E+00 9.24840E-01 9.05884E-01 8.68486E-01 6.69382E-01 6.65235E-01
 6.35506E-01 5.74803E-01 5.09327E-01 4.51737E-01 4.07027E-01 3.52558E-01 2.74557E-01
 2.16995E-01 1.79565E-01 1.58242E-01 1.44458E-01 1.33649E-01 1.25799E-01 1.20052E-01
 1.16426E-01 1.14900E-01 1.13868E-01 1.12718E-01 1.11245E-01 1.09943E-01 1.09639E-01
 1.10533E-01 1.14033E-01 1.18138E-01 1.19371E-01 1.20656E-01 1.22418E-01 1.25240E-01
 1.13400E-01 8.81628E-02 7.11002E-02 6.00001E-02 5.10500E-02 3.99123E-02 2.98379E-02
 2.35001E-02 1.81001E-02 1.41000E-02 1.08500E-02 8.80004E-03 7.00002E-03 5.35002E-03
 4.05002E-03 2.91002E-03 2.01001E-03 1.45001E-03 1.12001E-03 1.05001E-03 1.32557E-03
 1.77518E-03 1.74999E-03 1.25000E-03 8.50004E-04 5.50005E-04 3.50005E-04 2.50002E-04
 1.75001E-04 1.25001E-04
NP237F  NP237(N,FISSION)    
 1.70239E-01 5.35070E-02 2.75424E-02 1.79855E-02 1.30630E-02 1.02196E-02 7.99279E-03
 6.28936E-03 5.66550E-03 2.70190E-02 3.64786E-03 6.00430E-03 2.71485E-02 2.51622E-03
 1.55074E-02 3.33173E-02 1.33784E-02 8.60095E-03 3.24577E-03 5.14594E-02 7.18238E-01
 5.81309E-02 3.66933E-03 1.14565E-01 4.87689E-03 1.61555E-01 8.95417E-02 4.66680E-02
 5.93586E-02 2.07634E-02 4.66452E-02 4.99026E-02 4.98584E-02 4.54577E-02 3.86293E-02
 3.32901E-02 3.07653E-02 2.80313E-02 2.50626E-02 2.29317E-02 2.20069E-02 2.09453E-02
 1.96668E-02 1.81239E-02 1.66946E-02 1.62750E-02 1.58401E-02 1.52501E-02 1.53663E-02
 1.60689E-02 1.73064E-02 2.15030E-02 2.64278E-02 3.08556E-02 3.57898E-02 4.25151E-02
 5.48101E-02 7.20235E-02 1.03518E-01 1.59645E-01 2.52180E-01 3.90981E-01 5.56000E-01
 7.27606E-01 9.03274E-01 1.06424E+00 1.19047E+00 1.28734E+00 1.37271E+00 1.44664E+00
 1.50309E+00 1.57228E+00 1.62644E+00 1.65668E+00 1.67541E+00 1.68514E+00 1.68471E+00
 1.67276E+00 1.64966E+00 1.61376E+00 1.57176E+00 1.52949E+00 1.48778E+00 1.47806E+00
 1.55395E+00 1.79113E+00 2.08669E+00 2.22101E+00 2.21774E+00 2.16560E+00 2.10615E+00
 2.06719E+00 2.06931E+00 2.12239E+00 2.18986E+00 2.22053E+00 2.20844E+00 2.18054E+00
 2.15230E+00 2.12407E+00
PU239F  PU239(N,FISSION)    
 5.55763E+03 1.76428E+03 9.34376E+02 6.46552E+02 5.18904E+02 4.79177E+02 5.39195E+02
 1.14116E+03 2.24348E+03 3.42021E+02 8.10096E+01 3.48293E+01 1.99535E+01 1.29839E+01
 8.95001E+00 7.20917E+00 6.13921E+01 1.19554E+02 7.02803E+01 3.50268E+01 9.43490E+00
 6.04572E+01 5.25056E+01 2.27268E+01 1.60232E+01 1.74769E+01 1.97195E+01 1.02074E+01
 8.01465E+00 1.51988E+01 4.80634E+00 5.37844E+00 6.28441E+00 4.52999E+00 3.66911E+00
 3.13046E+00 3.50041E+00 2.81821E+00 2.38655E+00 2.19243E+00 2.24076E+00 1.89451E+00
 1.83363E+00 1.79328E+00 1.71802E+00 1.65233E+00 1.64025E+00 1.61338E+00 1.55333E+00
 1.51919E+00 1.50927E+00 1.50150E+00 1.46383E+00 1.44794E+00 1.45543E+00 1.48128E+00
 1.51043E+00 1.52156E+00 1.52147E+00 1.51809E+00 1.53221E+00 1.55643E+00 1.57120E+00
 1.57675E+00 1.58237E+00 1.60085E+00 1.64934E+00 1.68666E+00 1.69133E+00 1.71234E+00
 1.78023E+00 1.87956E+00 1.95090E+00 1.98795E+00 1.99759E+00 1.97923E+00 1.94362E+00
 1.90782E+00 1.86841E+00 1.82825E+00 1.79857E+00 1.75569E+00 1.69662E+00 1.66339E+00
 1.70141E+00 1.89351E+00 2.16172E+00 2.25359E+00 2.24660E+00 2.23400E+00 2.22365E+00
 2.21915E+00 2.24450E+00 2.30375E+00 2.37725E+00 2.40600E+00 2.37100E+00 2.29950E+00
 2.24400E+00 2.24350E+00
AM241F  AM241(N,FISSION)    
 2.49091E+01 7.75471E+00 3.91100E+00 2.51362E+00 1.85154E+00 1.57083E+00 1.59759E+00
 3.31568E+00 1.66649E+01 2.24300E+00 2.36480E+00 4.63096E+00 3.31130E+00 9.51124E-01
 2.95499E-01 2.46934E+00 1.72830E-01 5.13335E-01 5.04555E-01 2.59509E-01 3.30117E-01
 1.27282E-01 1.75013E-01 1.85195E-01 1.95341E-01 1.47612E-01 1.30607E-01 1.40654E-01
 1.22795E-01 9.70014E-02 8.24512E-02 7.05729E-02 5.85285E-02 4.79770E-02 4.15481E-02
 3.83156E-02 3.76465E-02 3.41705E-02 2.86356E-02 2.46653E-02 2.19122E-02 2.03004E-02
 1.86880E-02 1.73273E-02 1.62584E-02 1.55644E-02 1.47599E-02 1.40788E-02 1.38907E-02
 1.43250E-02 1.52495E-02 1.66002E-02 1.80480E-02 2.01807E-02 2.27973E-02 2.62802E-02
 3.08236E-02 3.57023E-02 4.18308E-02 5.06380E-02 6.43214E-02 8.65338E-02 1.18934E-01
 1.64133E-01 2.33566E-01 3.42317E-01 4.87969E-01 6.61309E-01 8.84213E-01 1.14658E+00
 1.51828E+00 1.75999E+00 1.83500E+00 1.87000E+00 1.89000E+00 1.89936E+00 1.89033E+00
 1.87726E+00 1.85914E+00 1.83839E+00 1.81600E+00 1.79200E+00 1.76500E+00 1.74000E+00
 1.74966E+00 1.96686E+00 2.32128E+00 2.41288E+00 2.38213E+00 2.36570E+00 2.38627E+00
 2.42054E+00 2.49000E+00 2.60000E+00 2.64956E+00 2.58500E+00 2.47500E+00 2.38500E+00
 2.33500E+00 2.31000E+00
SC45G   SC45(N,G)SC46       
 2.08097E+02 6.58039E+01 3.44134E+01 2.30792E+01 1.73448E+01 1.40821E+01 1.15193E+01
 9.43228E+00 7.71095E+00 6.36346E+00 5.20550E+00 4.21109E+00 3.42501E+00 2.80211E+00
 2.27475E+00 1.84110E+00 1.49778E+00 1.21393E+00 9.56158E-01 7.51609E-01 5.84773E-01
 4.33144E-01 3.14914E-01 2.33548E-01 1.80154E-01 1.38834E-01 1.04487E-01 7.75463E-02
 5.88358E-02 2.01756E-01 3.00972E-02 2.19994E-02 7.69485E-02 1.40512E-02 1.37627E-02
 1.96220E-02 6.07396E-01 4.39738E-01 8.82843E-02 1.55381E-01 1.85956E-01 2.30833E-01
 7.00885E-02 1.06903E-01 7.18515E-02 5.72331E-02 6.57501E-02 5.73279E-02 4.23692E-02
 4.10988E-02 3.08055E-02 2.66156E-02 2.28999E-02 1.99925E-02 1.76171E-02 1.59146E-02
 1.41576E-02 1.26815E-02 1.16932E-02 1.06109E-02 9.63539E-03 8.77719E-03 8.05819E-03
 7.45837E-03 6.89292E-03 6.37452E-03 5.93914E-03 5.55232E-03 5.17185E-03 4.79761E-03
 4.34288E-03 3.78840E-03 3.26556E-03 2.93252E-03 2.63112E-03 2.34759E-03 2.08194E-03
 1.81628E-03 1.53839E-03 1.29450E-03 1.05698E-03 8.81084E-04 7.11565E-04 5.90133E-04
 5.35622E-04 5.37552E-04 6.04352E-04 7.16462E-04 8.19025E-04 8.83812E-04 8.90693E-04
 8.53679E-04 7.96024E-04 7.32445E-04 6.69090E-04 6.09015E-04 5.53985E-04 5.04150E-04
 4.59365E-04 4.19272E-04
