        12.104      7.87681
          12.4      3.79264
          12.6      3.10736
          12.8      2.48442
            13       1.8159
          13.2      1.33572
          13.4      1.09682
          13.6      1.00472
          13.8     0.956344
            14     0.908677
          14.2     0.859885
          14.4     0.822562
          14.6     0.809413
          14.8     0.824611
            15     0.864841
          15.2     0.917017
          15.4      0.97868
          15.6      1.03865
          15.8      1.09776
            16      1.19087
          16.5      1.31411
            17      1.43536
          17.5      1.56355
            18      1.70029
          18.5      1.84664
            19      2.01078
          19.5      2.21032
            20      2.46849
