       12.4298      11.6208
          12.8      4.99276
            13      3.43764
          13.2      2.44645
          13.4      1.91875
          13.6      1.70186
          13.8      1.60523
            14      1.51881
          14.2      1.42176
          14.4      1.33796
          14.6       1.3008
          14.8       1.3297
            15      1.51082
          15.5      1.86686
            16      2.12225
          16.5      2.21364
            17      2.19143
          17.5      2.15593
            18      2.20077
          18.5       2.3663
            19       2.6366
          19.5      2.97716
            20      3.36351