           0.4      6.75831
           1.5      3.16814
             2      2.16493
           2.5       2.1676
             3      2.27397
           3.5      2.40169
             4      2.46355
           4.5        2.411
             5      2.34727
           5.5      2.32763
             6      2.31431
           6.5      2.27827
             7      2.24144
           7.5      2.22948
             8      2.22839
           8.5       2.2039
             9      2.15001
           9.5      2.10806
            10      2.12914
          10.5      2.20405
            11      2.25295
          11.5        2.203
            12      2.06615
          12.5       1.9382
            13          1.9
          13.5      1.94245
            14      2.03901
          14.5      2.21522
            15      2.51141
          15.5      2.94203
            16      3.51169
          16.5      4.23487
            17      5.12748
          17.5      6.19095
            18       7.4072
          18.5      8.74465
            19      10.8593
            20      10.8593
