         1e-10      2.32334
          1e-9      2.32335
          1e-8      2.32279
          2e-8      2.32263
          3e-8      2.32277
        5.6e-8      2.32497
          1e-7      2.32524
          3e-7      2.33273
        5.6e-7       2.3497
          1e-6      3.29979
          2e-6      2.28824
          3e-6      5.70397
          4e-6       3.7492
        4.7e-6      3.44961
          5e-6      6.17203
          6e-6      21.4303
          8e-6      48.8252
          1e-5      38.1721
        1.6e-5      6.31322
        2.5e-5      6.63698
          4e-5      11.2704
        6.3e-5      8.43828
        0.0001      15.4218
     0.0001275       18.791
       0.00016      10.4179
       0.00018      12.2668
        0.0002      24.5382
      0.000235      12.3106
      0.000265      23.5136
      0.000315      20.2389
        0.0004      22.4178
      0.000525      21.6715
       0.00072      21.9951
         0.001      21.0178
       0.00125      23.9937
        0.0016      20.5269
         0.002      5.47606
         0.003       4.9761
         0.004      4.92084
         0.006      4.92452
         0.008      5.09007
          0.01      5.33026
         0.015      5.40919
          0.02      5.11997
          0.03       4.5761
          0.04       4.0833
          0.05      3.69196
          0.06      3.27669
          0.08      2.91027
           0.1      2.56701
          0.15      2.31574
           0.2      2.17974
           0.3       2.2364
           0.4       2.4227
           0.5      2.64292
           0.6      2.85941
           0.7       3.0664
           0.8      3.36921
             1      3.82119
           1.2      4.29104
           1.4      4.65258
           1.6      4.78649
           1.8      4.68993
             2      4.28541
           2.5      4.01192
             3      4.08186
           3.5      4.28928
             4       4.6475
           4.5      5.23971
             5      6.11186
           5.5      7.25956
             6      8.65076
           6.5      10.2465
             7      12.0142
           7.5      13.9438
             8      17.0113
             9      22.0629
            10      24.1774
            11      22.4012
            12      19.4272
            13      15.0156
            14      13.4667
            15      14.9235
            16      18.0877
            18       26.749
            20       26.749