      0.339199      4.65454
           0.6      3.44877
           0.8      3.13971
             1      3.03986
           1.2       3.0898
           1.4       2.9486
           1.6      2.90476
           1.8      2.74547
             2      2.62188
           2.2      2.64287
           2.4      2.60665
           2.6      2.58699
           2.8      2.55714
             3       2.3629
           3.5      2.40917
             4      2.43914
           4.5      2.44964
             5      2.59613
           5.5      2.99281
             6      3.40912
           6.5      3.66576
             7      3.81034
           7.5      3.96505
             8      4.16446
           8.5      4.35557
             9      4.52128
           9.5      4.77309
            10      5.29476
          10.5       6.1394
            11      7.14001
          11.5      7.94772
            12      7.03225
            13       2.9494
            14       2.2701
            15      3.71836
            16      5.41148
            17      6.08109
            18      7.02937
            19      9.22751
            20      9.22751
