       8.11229      15.5851
           8.5      4.27225
             9      3.62751
           9.5      3.06306
            10      3.01196
          10.5      2.80357
            11      2.68877
          11.5      2.58725
            12      2.44825
          12.5      2.27582
            13      1.85809
          13.5      1.24895
            14      1.12422
          14.2      1.11992
          14.4      1.07896
          14.6      1.03069
          14.8      1.08118
            15      1.44453
          15.5      1.97247
            16       2.1919
          16.5      2.20195
            17      2.08415
          17.5      1.96655
            18      1.94681
            19      2.34273
            20      2.92005