        5e-11      2.14473
         1e-10      2.00648
         5e-10      2.10577
          1e-9       2.1631
          5e-9      1.33153
          1e-8     0.883341
        1.5e-8     0.525715
          2e-8     0.218198
       2.51e-8     0.139268
       2.55e-8     0.194077
          3e-8     0.481362
          4e-8     0.799575
          5e-8      1.00614
          6e-8      1.13706
          7e-8      1.21955
          8e-8      1.27199
          9e-8       1.3064
          1e-7      1.35577
        1.5e-7       1.4367
          2e-7      1.51145
        2.5e-7      1.56475
          3e-7      1.59367
          4e-7      1.57916
          5e-7      1.53637
          6e-7      1.49325
          7e-7      1.46146
          8e-7      1.44329
          9e-7      1.43658
          1e-6      1.44423
        1.5e-6      1.45893
          2e-6      1.41944
        2.5e-6      1.36053
          3e-6      1.31515
        3.5e-6      1.30119
        4.1e-6      1.44783
        4.7e-6      2.71046
        5.1e-6      1.42926
          6e-6      1.38199
          7e-6      1.41209
          8e-6      1.43392
          9e-6      1.46136
          1e-5      1.60589
       1.45e-5      2.57172
        2.1e-5       4.8884
        3.1e-5      6.08507
        4.5e-5      11.7946
       5.15e-5      12.2252
       5.85e-5      9.31724
        6.7e-5      5.68326
       7.65e-5      9.12136
       8.75e-5       3.1718
        0.0001      10.5647
     0.0001275      14.0219
       0.00016      9.19944
       0.00018      15.6439
        0.0002      3.66358
      0.000235      6.26422
      0.000265      15.2801
      0.000315      10.4235
        0.0004      12.7863
      0.000525      15.7978
       0.00072      17.0019
         0.001        20.09
        0.0012      18.5791
        0.0014      20.8893
         0.002      40.8078
        0.0029      58.7523
         0.003      58.7523
        0.0036       57.422
         0.004       57.422
        0.0048      1.45671
         0.006        1.499
         0.007      1.42794
         0.008      1.53264
         0.009      1.65801
       0.01225      1.09681
        0.0175      1.28725
         0.022     0.839821
         0.027     0.697209
        0.0375     0.891459
          0.05      0.94361
          0.06     0.934505
          0.07      0.95331
          0.08     0.984327
          0.09      0.97719
        0.0975      1.01686
          0.11     0.955824
         0.135     0.991111
          0.16      1.14061
         0.175      2.29761
         0.185      1.35277
         0.195      1.39964
         0.205      1.29035
         0.215      1.31491
         0.225      1.57575
        0.2325      1.28802
        0.2375      1.83221
        0.2425      1.26689
        0.2475       1.3813
         0.255      1.31111
         0.265      1.63401
         0.275      1.28763
          0.29      1.16533
        0.3125      1.15065
        0.3375      1.06536
        0.3625      1.04594
        0.3875       1.0315
        0.4125      1.18068
        0.4375     0.995942
        0.4625      1.05972
        0.4875       1.0469
          0.51      1.10363
          0.53      1.17856
         0.555       1.5093
         0.585      1.07981
         0.625      1.26293
         0.675      1.12872
         0.725      1.29692
         0.775      1.04786
         0.825      1.62635
         0.875      2.18472
          0.92      1.93261
          0.95      4.24264
          0.97      3.17648
          0.99      1.04115
          1.05      1.39176
         1.175      1.26214
         1.325      1.72453
           1.5      1.50897
           1.7      2.03985
           1.9      1.63463
           2.1      1.86682
           2.3      2.23987
           2.5      2.22036
           2.7      2.04793
           2.9      1.60592
           3.3      2.11414
           3.8      2.85749
           4.4       3.8974
             5      5.23864
           5.8      7.09417
           6.7      9.40078
           7.6      14.0454
           8.7      12.5336
            10      11.8332
            11      11.2676
            12      9.42667
            13      6.88917
            14      5.64708
            15      7.31185
            16      9.49065
            17      11.3044
            18      12.9384
            19      14.4616
            20      16.4992
