       3.24926      20.3027
             6      2.05188
           6.5      1.77422
          6.75      1.65628
             7      1.45343
          7.25      1.16748
           7.5      1.01117
          7.75     0.935524
             8     0.881932
          8.25     0.861027
           8.5     0.865541
          8.75     0.873751
             9     0.876466
          9.25     0.878667
           9.5     0.888137
          9.75      0.90683
            10     0.930206
         10.25     0.951577
          10.5     0.966293
         10.75     0.973446
            11     0.975456
         11.25     0.976641
          11.5     0.981528
         11.75     0.993551
            12      1.01857
          12.5      1.04023
            13     0.795336
          13.5     0.524675
         13.75     0.491278
            14     0.462407
          14.2     0.410431
          14.4     0.374825
          14.6     0.385065
          14.8      0.43699
            15     0.548245
          15.5     0.670301
            16      0.73016
          16.5     0.772471
            17     0.826845
          17.5     0.899126
            18     0.984818
          18.5       1.0806
            19      1.18724
          19.5      1.30787
            20      1.71618
