       6.18032      31.5744
           6.4      6.77973
           6.6      3.85048
           6.8       3.0563
             7      2.72108
           7.2      2.61481
           7.4      2.44938
           7.6      2.26749
           7.8      2.14618
             8      2.09947
           8.2      2.09518
           8.4      2.09714
           8.6       2.0857
           8.8      2.05756
             9      2.01947
           9.2      1.98208
           9.4      1.95541
           9.6      1.94635
           9.8      1.95744
            10      1.98749
          10.2      2.03313
          10.4      2.09068
          10.6      2.15746
          10.8      2.23223
            11      2.32453
         11.25      2.43769
          11.5      2.55459
         11.75      2.66073
            12      2.73473
          12.5       2.6301
            13      2.28467
          13.5      1.90819
            14      1.74704
          14.5      2.03856
            15      2.84884
          15.5      3.92594
            16      4.99617
          16.5      5.90392
            17      6.60143
          17.5      7.10953
            18      7.48067
          18.5      7.77312
            19      8.03614
          19.5      8.30486
            20      9.05225
