66   3.25649e-8     1.419e-8
67   9.30424e-8   3.82033e-8
68   1.41437e-7   6.63775e-8
69   3.65103e-7   1.53627e-7
70   5.51578e-7   2.75521e-7
71   1.65724e-6   7.84485e-7
72   6.90582e-6   3.42372e-6
73    2.4519e-5   1.05046e-5
74   4.52643e-5   2.40902e-5
75  0.000141998   5.81387e-5
76  0.000476291  0.000141544
77   0.00140878  0.000579791
78   0.00214388  0.000727202
79    0.0048932   0.00181431
80   0.00532812   0.00124858
81   0.00848892   0.00257421
82   0.00794655   0.00285424
83    0.0276582    0.0076015
84    0.0340038   0.00361149
85    0.0575151   0.00739662
86    0.0503416   0.00740703
87     0.104442   0.00443008
88     0.130021   0.00558019
89     0.186692    0.0109333
90     0.272411    0.0777631
91     0.287484    0.0668098
92     0.231163     0.010322
93     0.371222    0.0612934
94      0.20233   0.00446427
95     0.319584     0.010129
96     0.184516    0.0125053
97     0.315474    0.0167115
98     0.226206    0.0116255
99     0.374723    0.0265452
100     0.193179    0.0327131
101     0.244128    0.0185935
102     0.195989    0.0341539
103     0.192519    0.0126895
104    0.0713272   0.00791026
105    0.0657552   0.00658163
106    0.0269521  0.000858053
107    0.0179845   0.00552401
108    0.0063223   0.00250288
109   0.00569852   0.00364705
110    0.0024742  0.000941769
111     0.002664  0.000688942
112   0.00184471  0.000220632
113   0.00177437  0.000384005
114     0.001266  0.000254598
115   0.00214997  0.000438891
116   0.00104516   0.00045808
117   0.00186552   0.00100101
118   0.00153096  0.000450901
119   0.00134362  0.000560788
120   0.00117786  0.000556199
121    0.0014892  0.000746946
122   0.00109502  0.000378055
123   0.00142578  0.000514684
124    0.0011025  0.000371796
125   0.00257104  0.000655026
126   0.00400822   0.00096241
127    0.0133665   0.00189244
128    0.0178766   0.00861586
129    0.0423647     0.011392
130    0.0506283    0.0216345
131     0.141602    0.0154364
132     0.179182     0.042931
133     0.290498     0.102007
134     0.227502   0.00859992
135     0.301408    0.0979915
136     0.116143   0.00792778
137       0.2705   0.00424078
138     0.209162   0.00421322
139     0.237155   0.00952871
140     0.264799   0.00469974
141     0.290887    0.0142049
142     0.200012   0.00670647
143     0.291143   0.00579338
144     0.248644    0.0117042
145     0.175909    0.0100361
146     0.124345     0.019751
147     0.122824   0.00654781
148    0.0549302    0.0153543
149    0.0516043   0.00400253
150    0.0184652   0.00269819
151    0.0214723   0.00185661
152    0.0100232   0.00150707
153   0.00724282  0.000904959
154   0.00217602   0.00028822
155   0.00185452  0.000482902
156  0.000880895  0.000115066
157  0.000406967  0.000163188
158  0.000218872   7.60523e-5
159  0.000122976   3.87247e-5
160    3.1936e-5   1.14311e-5
161   1.47255e-5   2.73488e-6
162   2.28714e-6   9.34648e-7
163   3.40154e-7   1.29499e-7
164    1.8172e-7    8.1681e-8
165   1.00706e-7   4.54999e-8
166   4.41362e-8   1.93968e-8
167   1.61787e-8   6.74114e-9
168   3.46205e-9   1.33239e-9
169   2.46147e-9   1.04451e-9
170  5.70031e-10  2.51901e-10
171    3.119e-10    1.377e-10
172  8.20342e-11  3.48381e-11