#ZVView-data-copy:   8-Jul-2018 21:35:22
#=======================================
#
#name:   FPYC,U-235,ENDF/B-VII.1,Ei=0.0253eV
#X.axis: A
#Y.axis: Fission Product Yield
#wdata:  3
#ldata:  107
#data...
#            X            Y         +-dY
#       NO-DIM       PC/FIS       PC/FIS
            66   3.21902e-9   1.24127e-9
            67   1.42164e-8   5.77942e-9
            68   2.46545e-8   1.21351e-8
            69   6.51981e-8   3.37203e-8
            70   1.04255e-7   5.18824e-8
            71   2.93764e-7   1.45901e-7
            72    1.0763e-6   3.69194e-7
            73    4.6835e-6    2.0591e-6
            74   1.26602e-5   6.09717e-6
            75   4.21522e-5   6.27335e-6
            76   8.06856e-5   2.00562e-5
            77   0.00035765   6.00419e-5
            78  0.000802262  0.000126114
            79   0.00241821  0.000434545
            80   0.00383988  0.000267585
            81   0.00752904  0.000291383
            82   0.00749819   0.00204981
            83    0.0251362   0.00107524
            84    0.0323718   0.00207989
            85    0.0544829   0.00832388
            86    0.0633793   0.00465271
            87     0.105277   0.00147416
            88      0.12998   0.00314692
            89     0.198261   0.00259619
            90     0.285263    0.0817917
            91     0.300157    0.0610651
            92     0.244848   0.00316851
            93     0.375603    0.0572701
            94     0.207236   0.00250497
            95     0.319966   0.00717935
            96     0.183591    0.0206514
            97     0.302808    0.0151077
            98     0.210568    0.0352975
            99     0.376128    0.0136386
           100     0.187813    0.0424307
           101     0.238613   0.00437908
           102     0.190369    0.0374063
           103     0.174581    0.0110202
           104    0.0628761   0.00556589
           105    0.0540169   0.00398688
           106    0.0199671  0.000919897
           107   0.00857024   0.00202897
           108   0.00246842  0.000340548
           109   0.00217191   0.00126935
           110   0.00095674  0.000195907
           111   0.00108515  0.000233022
           112  0.000633582   8.73526e-5
           113  0.000761838  0.000102551
           114   0.00043078    9.3699e-5
           115  0.000766336   6.78945e-5
           116  0.000350932   9.33194e-5
           117  0.000643392  0.000124879
           118  0.000490195  0.000109703
           119  0.000469186  0.000107226
           120  0.000436512  0.000134328
           121  0.000519302  0.000245924
           122  0.000438836  0.000194151
           123  0.000564965  0.000113215
           124  0.000561289  0.000209284
           125   0.00130223   0.00010156
           126   0.00239198  0.000507407
           127   0.00708986  0.000481109
           128    0.0122512   0.00570603
           129    0.0276288   0.00412526
           130    0.0492938    0.0200121
           131     0.122837   0.00779452
           132     0.162968    0.0300009
           133      0.29958    0.0917751
           134      0.23819    0.0143701
           135     0.304858    0.0866171
           136     0.115841   0.00380229
           137     0.279551   0.00335804
           138     0.215481   0.00256354
           139     0.249945   0.00318348
           140     0.282024   0.00354821
           141     0.288306   0.00499876
           142     0.206118   0.00332352
           143     0.308442   0.00541695
           144      0.26816   0.00275925
           145     0.176558   0.00553223
           146     0.123255    0.0164238
           147     0.120112   0.00793731
           148    0.0532162     0.014433
           149    0.0517964   0.00241907
           150    0.0168654   0.00335694
           151    0.0211412   0.00206525
           152   0.00941698   0.00111731
           153   0.00664315  0.000730248
           154    0.0021673   0.00035282
           155   0.00146119  0.000221642
           156  0.000611326  0.000105711
           157  0.000222941   4.45859e-5
           158  0.000105362   2.41517e-5
           159   3.98249e-5   6.84334e-6
           160   8.54647e-6   3.86195e-6
           161   3.59116e-6   5.60627e-7
           162   5.86137e-7   2.94117e-7
           163   2.03267e-7   9.89324e-8
           164   5.67265e-8   2.67176e-8
           165   3.98697e-8   1.85716e-8
           166    1.5835e-8   6.03619e-9
           167   9.72857e-9   4.45236e-9
           168   1.91769e-9  9.36134e-10
           169  9.73021e-10  5.01361e-10
           170  1.41307e-10  6.59511e-11
           171  1.03885e-10  5.00374e-11
           172  3.03184e-11   1.4023e-11
//
#-------------------------------------------------------------------------------
#
#name:   FPYC,U-235,ENDF/B-VII.1,Ei=500keV
#X.axis: A
#Y.axis: Fission Product Yield
#wdata:  3
#ldata:  107
#data...
#            X            Y         +-dY
#       NO-DIM       PC/FIS       PC/FIS
            66   3.25649e-8     1.419e-8
            67   9.30424e-8   3.82033e-8
            68   1.41437e-7   6.63775e-8
            69   3.65103e-7   1.53627e-7
            70   5.51578e-7   2.75521e-7
            71   1.65724e-6   7.84485e-7
            72   6.90582e-6   3.42372e-6
            73    2.4519e-5   1.05046e-5
            74   4.52643e-5   2.40902e-5
            75  0.000141998   5.81387e-5
            76  0.000476291  0.000141544
            77   0.00140878  0.000579791
            78   0.00214388  0.000727202
            79    0.0048932   0.00181431
            80   0.00532812   0.00124858
            81   0.00848892   0.00257421
            82   0.00794655   0.00285424
            83    0.0276582    0.0076015
            84    0.0340038   0.00361149
            85    0.0575151   0.00739662
            86    0.0503416   0.00740703
            87     0.104442   0.00443008
            88     0.130021   0.00558019
            89     0.186692    0.0109333
            90     0.272411    0.0777631
            91     0.287484    0.0668098
            92     0.231163     0.010322
            93     0.371222    0.0612934
            94      0.20233   0.00446427
            95     0.319584     0.010129
            96     0.184516    0.0125053
            97     0.315474    0.0167115
            98     0.226206    0.0116255
            99     0.374723    0.0265452
           100     0.193179    0.0327131
           101     0.244128    0.0185935
           102     0.195989    0.0341539
           103     0.192519    0.0126895
           104    0.0713272   0.00791026
           105    0.0657552   0.00658163
           106    0.0269521  0.000858053
           107    0.0179845   0.00552401
           108    0.0063223   0.00250288
           109   0.00569852   0.00364705
           110    0.0024742  0.000941769
           111     0.002664  0.000688942
           112   0.00184471  0.000220632
           113   0.00177437  0.000384005
           114     0.001266  0.000254598
           115   0.00214997  0.000438891
           116   0.00104516   0.00045808
           117   0.00186552   0.00100101
           118   0.00153096  0.000450901
           119   0.00134362  0.000560788
           120   0.00117786  0.000556199
           121    0.0014892  0.000746946
           122   0.00109502  0.000378055
           123   0.00142578  0.000514684
           124    0.0011025  0.000371796
           125   0.00257104  0.000655026
           126   0.00400822   0.00096241
           127    0.0133665   0.00189244
           128    0.0178766   0.00861586
           129    0.0423647     0.011392
           130    0.0506283    0.0216345
           131     0.141602    0.0154364
           132     0.179182     0.042931
           133     0.290498     0.102007
           134     0.227502   0.00859992
           135     0.301408    0.0979915
           136     0.116143   0.00792778
           137       0.2705   0.00424078
           138     0.209162   0.00421322
           139     0.237155   0.00952871
           140     0.264799   0.00469974
           141     0.290887    0.0142049
           142     0.200012   0.00670647
           143     0.291143   0.00579338
           144     0.248644    0.0117042
           145     0.175909    0.0100361
           146     0.124345     0.019751
           147     0.122824   0.00654781
           148    0.0549302    0.0153543
           149    0.0516043   0.00400253
           150    0.0184652   0.00269819
           151    0.0214723   0.00185661
           152    0.0100232   0.00150707
           153   0.00724282  0.000904959
           154   0.00217602   0.00028822
           155   0.00185452  0.000482902
           156  0.000880895  0.000115066
           157  0.000406967  0.000163188
           158  0.000218872   7.60523e-5
           159  0.000122976   3.87247e-5
           160    3.1936e-5   1.14311e-5
           161   1.47255e-5   2.73488e-6
           162   2.28714e-6   9.34648e-7
           163   3.40154e-7   1.29499e-7
           164    1.8172e-7    8.1681e-8
           165   1.00706e-7   4.54999e-8
           166   4.41362e-8   1.93968e-8
           167   1.61787e-8   6.74114e-9
           168   3.46205e-9   1.33239e-9
           169   2.46147e-9   1.04451e-9
           170  5.70031e-10  2.51901e-10
           171    3.119e-10    1.377e-10
           172  8.20342e-11  3.48381e-11
//
#-------------------------------------------------------------------------------
#
#name:   FPYC,U-235,ENDF/B-VII.1,Ei=14MeV
#X.axis: A
#Y.axis: Fission Product Yield
#wdata:  3
#ldata:  107
#data...
#            X            Y         +-dY
#       NO-DIM       PC/FIS       PC/FIS
            66   1.24165e-5   2.45277e-6
            67   2.37175e-5   6.15299e-6
            68   3.16607e-5   1.03964e-5
            69   5.50917e-5   2.60292e-5
            70   6.58722e-5   2.96463e-5
            71  0.000134544     4.318e-5
            72  0.000242543   7.90265e-5
            73   0.00052747  0.000173864
            74  0.000648074   0.00029593
            75   0.00106373   0.00037393
            76   0.00100096  0.000274041
            77   0.00284249   0.00109435
            78   0.00370004   0.00124638
            79   0.00893072   0.00328238
            80   0.00737475   0.00235159
            81    0.0119653    0.0031755
            82    0.0124666   0.00479901
            83    0.0513955   0.00962357
            84    0.0489049    0.0133321
            85    0.0670245    0.0116538
            86       0.0437    0.0166075
            87     0.094515   0.00752836
            88     0.122849   0.00974034
            89     0.172092    0.0112161
            90     0.218578    0.0785591
            91     0.234966    0.0615415
            92     0.199203    0.0220115
            93     0.298605    0.0652787
            94     0.158611    0.0271208
            95     0.243668    0.0182806
            96     0.145435    0.0229938
            97     0.258077    0.0235442
            98     0.190665    0.0314756
            99     0.308147    0.0306229
           100     0.107838    0.0219312
           101     0.150165    0.0262768
           102      0.13078     0.035737
           103     0.179142    0.0137537
           104    0.0822668    0.0214375
           105    0.0991491    0.0180131
           106    0.0766327     0.010371
           107    0.0693917     0.016549
           108    0.0475808    0.0138603
           109    0.0712969    0.0442824
           110    0.0358711   0.00988336
           111     0.064092    0.0151358
           112    0.0487335   0.00655412
           113    0.0566062    0.0109955
           114    0.0403765    0.0111944
           115    0.0558332    0.0120357
           116    0.0326345   0.00914404
           117    0.0537994    0.0230134
           118    0.0494363    0.0166459
           119    0.0438059    0.0149967
           120    0.0405784    0.0161264
           121    0.0453866    0.0227233
           122    0.0330056   0.00837087
           123    0.0417363    0.0124634
           124    0.0275157    0.0108091
           125    0.0568646    0.0133223
           126     0.076889    0.0163312
           127    0.0909076    0.0108567
           128    0.0762355      0.03504
           129     0.154636    0.0373114
           130    0.0743363    0.0275647
           131     0.153935    0.0242633
           132     0.158299    0.0439387
           133     0.223319    0.0940381
           134     0.156983    0.0195147
           135     0.241128    0.0856383
           136     0.088397    0.0146255
           137     0.199802    0.0114639
           138     0.132925    0.0183033
           139     0.162923    0.0148085
           140     0.180481    0.0123824
           141      0.20476    0.0221665
           142     0.135965    0.0168879
           143     0.185021    0.0144115
           144     0.141015    0.0102963
           145     0.109401    0.0142323
           146    0.0795853    0.0235062
           147    0.0843953   0.00907382
           148    0.0333052    0.0134403
           149    0.0354384    0.0114349
           150    0.0100448   0.00297818
           151    0.0161688   0.00354242
           152   0.00801216   0.00241891
           153   0.00753262    0.0021324
           154   0.00291454     0.001346
           155   0.00306998  0.000812023
           156   0.00202614  0.000326461
           157   0.00117247  0.000337229
           158  0.000640754  0.000192007
           159  0.000404934   9.19073e-5
           160   0.00014278   5.32925e-5
           161  0.000188333   3.74914e-5
           162   8.90443e-5   2.72445e-5
           163   4.48336e-5   1.39205e-5
           164   2.39432e-5   6.41679e-6
           165    1.8723e-5   6.96302e-6
           166   1.03124e-5   1.99168e-6
           167    6.3188e-6   1.95282e-6
           168   3.12279e-6    1.0011e-6
           169    2.7697e-6   5.94924e-7
           170   7.08528e-7   2.81757e-7
           171   6.69269e-7   2.30045e-7
           172   5.68391e-7   1.17239e-7
//
#-------------------------------------------------------------------------------