Response Production In-115 (n,n') Reactions with 181 samples 
1965743400.0
1955590524.39
2002079606.72
1888532803.27
1959726011.09
1963472682.74
1944234687.41
2029758782.19
1963233746.83
2048416495.11
1998390525.75
1993054692.07
1941711291.33
1953800762.87
2029806272.13
1986249919.6
1976667557.92
1998986994.78
1962257551.99
1975327458.97
1940174026.74
1988958637.14
1938643767.34
1976136315.59
1972481237.36
2029291933.76
1907636001.43
1972166896.57
1929801743.18
1936422508.81
1994916604.82
1902058756.32
1936054152.81
2051654577.62
1957176590.04
1946650041.84
1924332786.26
1983258433.09
1857303674.07
2060535927.36
1985375133.97
1940874897.6
1909020120.38
1869311317.95
1917802857.56
1979017774.75
1988834211.66
2012791090.18
1963747570.26
2017353046.39
1939272294.97
1940420658.53
1944227206.85
1868252482.52
1964373301.84
1990329163.34
1970908133.41
1908359721.66
1931210856.32
1952148028.63
1956544334.64
1880752583.04
2051609661.43
1960015221.85
1977096722.93
1944219952.27
1913025250.13
1940185073.58
1965110221.34
1896468576.97
1937541141.62
2022692721.04
1972238310.23
1969636797.92
1917133693.59
1935360193.95
2032522848.62
1978507404.14
1932939817.48
1995129981.34
1993101113.63
1882089514.59
1936301764.82
1917326695.59
2006729862.42
2025140165.58
1908701221.6
1961990442.25
1956439159.78
2034403271.84
1982642355.81
1927416841.97
1981998141.4
1997718146.45
1967204662.44
1970242708.46
1940250451.64
2016910424.38
2002849488.3
1970815866.55
1974896743.99
1981421599.23
1958781183.62
2018599619.81
1976071022.73
1849857100.71
2014386147.4
1912268454.99
2006189644.02
2007577117.25
1991858957.21
1992087579.35
1907961467.44
1977838416.6
1965468228.78
1893963100.87
1914122653.69
1879711477.67
1988760160.85
1869790524.26
1949789231.32
1961646283.45
1942830751.8
2013209106.02
2002191888.3
2017672382.28
1861259219.48
1910740516.91
1985797330.41
2067319009.05
1902215808.86
1962184810.91
1952632297.22
1984896861.24
1946305370.66
1944106648.34
2061817175.75
1994178814.05
1949635660.47
1920256206.48
1919851415.28
1985513346.87
1939199401.41
1844149688.86
1927349933.27
2031480503.51
1975097335.56
2058011214.22
1970796163.23
2067276104.3
1921538070.36
1980836974.78
1930120549.2
1993159080.58
1993320207.21
2029414020.08
1952346448.01
1943928392.6
1901261224.07
1927274870.63
2019667506.25
1943091384.96
2008863025.37
1941569960.95
2005958849.29
2020033025.66
2013099923.36
1975798774.13
1963679843.61
1925228689.77
1950874345.27
1956116877.17
1925101584.64
1914606260.92
1966509953.43
1987834912.84
1957211694.69
1951504580.95
1909129798.18
2033171981.93
2028405656.08
2030316869.61
