Response Production Au-197 (n,g) Reactions with 181 samples 
3096919725.33
3003272840.96
3064808915.45
2873283408.28
3028682993.39
3091186540.26
3000689478.86
3050554595.33
3162460374.19
3116427804.64
3099502939.99
2946745433.36
3124661503.93
3088263454.79
3131086345.31
3153746762.58
2989454507.28
3072058262.6
3137606900.31
3107030086.61
3032977427.76
3108367537.42
3081580502.11
3142263937.63
3015969136.57
3131620753.27
3035126778.93
3042913557.99
3082008601.55
3094157866.98
3048942380.8
3076697624.7
3047962426.78
3092785161.92
3198431036.02
3014012919.8
2925248193.05
3232216859.64
2809382991.43
3152460925.67
3244815184.22
3158596377.11
3033892394.52
3041474422.64
2994268726.96
3132137902.23
3115275127.62
3147956439.65
3087380984.55
3097837157.51
3051852028.24
3112203278.68
3046798795.28
2918371079.31
3117164009.16
3144964465.06
3072815670.89
2996255502.42
3005291174.26
3154939111.77
3088213959.93
3051134585.29
3251146050.28
3044996718.64
3082102918.68
3110344335.1
3055058734.14
3087270175.61
3088240452.15
3129987613.79
3013969844.22
3159748882.97
3014510570.7
3055711025.98
2965994600.23
3035708466.6
3129046544.5
3120837623.49
3028457550.79
3131352456.47
3139061134.4
2951055628.65
3048563934.79
3033048268.57
3261268307.23
3041234037.44
3147785718.39
3093637209.06
3090912831.27
3197853837.25
3101317413.54
3110528660.84
3095127211.51
3334261084.55
2992216029.55
2951743542.31
3145432500.3
3246820866.09
3076107972.89
3131135278.23
2944311141.01
2943283215.68
3140591139.84
3079107389.92
3142735545.75
2917514457.74
3160973851.2
3101887272.86
3234254999.13
3091978499.59
3083842685.02
3147298302.45
2952832168.15
3260819830.39
3020254439.37
3137450100.3
3032340675.04
3181916653.19
3012701006.13
3009261030.84
3124299822.51
3051422223.01
2978952880.68
3078639604.9
3204164239.62
3138745388.28
2922912488.73
3027945191.24
3042548735.16
3124838817.81
2998273688.74
3032711471.2
3077708371.11
3183701239.13
3019416664.6
3054174756.42
3092287876.04
3132380412.59
3094029949.56
3039486255.37
3018719314.06
3205144834.82
2994783312.9
2925954654.84
3168267162.06
3145026679.25
3080232578.84
3162998061.65
3008298396.95
3029199599.47
3174622494.79
3204030928.4
3036162850.41
3083410913.03
3087253681.29
3152191902.73
3135475954.31
3063602636.24
3040058960.91
2921312230.35
3074398908.74
3045210547.96
3019934649.06
3041855167.35
3070321880.67
3144788956.37
3078117581.01
3005350451.48
3126294718.07
3009413596.86
3046586876.55
3103141465.42
3008079876.2
3068993966.2
3073035881.45
3245240021.71
3046428014.15
3083472775.76
3066418141.29
3058768729.15
3131324779.92
3055735274.95
