Response Production Al-27 (n,p) Reactions with 181 samples 
403533100.0
422562200.0
402804200.0
437084700.0
414233500.0
403758800.0
413556400.0
386342900.0
378691300.0
388814500.0
409793500.0
424793300.0
398671300.0
406977800.0
390142800.0
390294500.0
404957600.0
415439700.0
410944200.0
410970100.0
408838900.0
387504700.0
412002400.0
402123400.0
402918900.0
400155000.0
423080200.0
425648000.0
411610200.0
388825600.0
412032000.0
424541700.0
411465900.0
397679700.0
388855200.0
406729900.0
435327200.0
375790500.0
432067500.0
376800600.0
374084800.0
378613600.0
409408700.0
411946900.0
435982100.0
398120000.0
393439500.0
386265200.0
392832700.0
394305300.0
419202600.0
410685200.0
405549600.0
418466300.0
390468400.0
396817600.0
403129800.0
428900300.0
422984000.0
404269400.0
409952600.0
424068100.0
369881230.0
413796900.0
409027600.0
399366900.0
432056400.0
412624000.0
390464700.0
396355100.0
418458900.0
381022300.0
429303600.0
406067600.0
419180400.0
408039700.0
404931700.0
395285800.0
410418800.0
400776600.0
380252700.0
439667300.0
405064900.0
426761700.0
392266600.0
401731200.0
389758000.0
399696200.0
407969400.0
375590700.0
406977800.0
413278900.0
398941400.0
367137310.0
412091200.0
426828300.0
397468800.0
370684500.0
413630400.0
415695000.0
421796300.0
420490200.0
391630200.0
392151900.0
381022300.0
431856600.0
385573300.0
403803200.0
375731300.0
386931200.0
402685800.0
396913800.0
446430900.0
379638500.0
406263700.0
379072400.0
402201100.0
391430400.0
407732600.0
414881000.0
403163100.0
401009700.0
424478800.0
410385500.0
387649000.0
410677800.0
431146200.0
405586600.0
404247200.0
390575700.0
423032100.0
398290200.0
412886700.0
383075800.0
426406500.0
413197500.0
389295500.0
390409200.0
398663900.0
424271600.0
431671600.0
389894900.0
411188400.0
438964300.0
400280800.0
394105500.0
399936700.0
385858200.0
428541400.0
407003700.0
388215100.0
386897900.0
416409100.0
403936400.0
396788000.0
402967000.0
398286500.0
399015400.0
408013800.0
427039200.0
444610500.0
381292400.0
413334400.0
421951700.0
416760600.0
398934000.0
392140800.0
405116700.0
397827700.0
417241600.0
402064200.0
386986700.0
410855400.0
432430100.0
409701000.0
369099050.0
403792100.0
403792100.0
428067800.0
399252200.0
427224200.0
401538800.0
