Response Production Zr-96 (n,g) Reactions with 181 samples 
4212154.0
3733411.0
4529059.0
3059896.3
4235649.0
3930436.0
3373245.6
4243715.0
4973429.0
4590368.0
3258963.7
4012613.0
4986786.0
4736185.0
4619080.0
4020642.0
4516849.0
4013982.0
3943275.0
4108147.0
4068113.0
4127350.0
3688774.2
3513372.0
3818252.0
4216853.0
3725530.0
4140004.0
5409548.0
4986120.0
4552813.0
3636267.5
3379776.1
2438540.5
3245821.3
4038661.0
5527430.0
4916412.0
3412091.9
3942461.0
3377526.5
3664942.5
5021196.0
3971358.0
3499948.4
4593957.0
4646534.0
2972091.6
3559266.8
4798012.0
3804636.0
4458241.0
4307762.0
3524227.8
3800270.0
3332360.6
3630980.2
3998812.0
3940759.0
3596337.1
4750467.0
2662631.0
3463977.0
3486876.3
5538567.0
4401668.0
3197188.5
3810815.0
3935764.0
4765008.0
5321969.0
3516394.9
3952081.0
2876805.5
3503837.1
4294220.0
5396413.0
3821212.0
3970877.0
3279705.9
4361967.0
4718795.0
4179668.0
5563283.0
4259477.0
2566331.1
5088055.0
3684456.3
4370958.0
4223550.0
3546305.7
3853291.0
4293073.0
3542838.8
5358007.0
4480330.0
4765859.0
4759088.0
5515627.0
2854020.9
3898690.0
3098198.7
4569019.0
4096899.0
4629662.0
3567099.7
4441295.0
3579076.6
4366333.0
5847517.0
5796420.0
3335598.1
3953746.0
4979460.0
3050058.0
3733411.0
3880560.0
4337362.0
3565986.0
4131975.0
4845779.0
5364778.0
4490172.0
5689379.0
4805560.0
3110123.8
3209861.0
3436430.5
4941017.0
3412447.1
3832904.0
3540959.2
4791611.0
4058789.0
4011059.0
3677563.2
5829424.0
3462319.4
4273204.0
4266692.0
3880782.0
4469267.0
4664331.0
5079212.0
3753280.0
4840821.0
5046948.0
3613242.4
4402889.0
4764527.0
4534646.0
4041547.0
4611754.0
2329146.3
4093495.0
5175264.0
3845484.0
3843042.0
3446772.0
4665071.0
3838084.0
2083865.9
3520694.3
3786617.0
4614381.0
4406959.0
4988747.0
3187527.8
3868535.0
4332330.0
3734077.0
3080705.1
3342391.3
4809630.0
3393388.4
5168345.0
4217741.0
4217741.0
3392167.4
3726418.0
3255596.7
3386484.2
