Response Production U-238 Fissions with 181 samples 
415595100.0
426084600.0
413253000.0
428852200.0
411107000.0
413933800.0
420053600.0
411510300.0
407976800.0
412812700.0
419683600.0
429244400.0
413497200.0
416542300.0
412217000.0
409294000.0
420963800.0
422554800.0
416353600.0
417326700.0
415983600.0
406123100.0
419091600.0
415162200.0
415469300.0
416364700.0
424982000.0
428593200.0
415543300.0
408587300.0
426739500.0
419694700.0
421048900.0
418181400.0
409590000.0
416571900.0
427313000.0
401487000.0
421211700.0
409856400.0
404861400.0
400106900.0
418928800.0
418788200.0
425836700.0
414107700.0
414740400.0
412853400.0
413160500.0
415469300.0
419161900.0
417711500.0
417300800.0
417730000.0
402278800.0
411480700.0
412328000.0
425033800.0
416290700.0
414159500.0
417589400.0
425266900.0
401642400.0
419783500.0
417641200.0
413393600.0
427301900.0
417559800.0
410137600.0
408232100.0
423923800.0
407884300.0
422392000.0
418133300.0
422355000.0
415014200.0
417445100.0
414869900.0
418166600.0
409738000.0
400591600.0
429477500.0
411902500.0
420641900.0
406974100.0
415306500.0
409612200.0
415702400.0
419535600.0
402852300.0
419961100.0
418988000.0
412749800.0
401509200.0
421881400.0
425570300.0
412727600.0
401268700.0
423076500.0
422732400.0
423150500.0
419409800.0
412009800.0
411199500.0
406404300.0
426954100.0
407691900.0
408953600.0
406641100.0
410637100.0
417060300.0
411562100.0
435897000.0
400269700.0
414873600.0
400943100.0
409083100.0
405986200.0
420834300.0
418803000.0
409645500.0
415302800.0
427205700.0
417526500.0
409360600.0
419328400.0
424970900.0
412368700.0
415450800.0
408487400.0
427720000.0
410822100.0
416438700.0
405742000.0
426898600.0
418155500.0
409767600.0
407625300.0
411269800.0
421892500.0
427901300.0
407728900.0
416102000.0
421703800.0
413338100.0
414300100.0
415913300.0
411055200.0
424945000.0
417944600.0
407044400.0
410759200.0
421178400.0
416520100.0
409601100.0
421504000.0
408757500.0
415728300.0
412490800.0
427623800.0
442993600.0
402289900.0
415447100.0
426495300.0
421411500.0
415517400.0
409841600.0
410355900.0
413256700.0
419876000.0
413830200.0
404879900.0
413034700.0
428167700.0
418766000.0
395341300.0
415628400.0
415628400.0
423428000.0
412183700.0
431394100.0
422958100.0
