Response Production Ni-58 (n,p) Reactions with 181 samples 
3384674900.0
3410018425.51
3380152943.25
3550579260.5
3383260716.31
3387384293.33
3431159440.71
3315785783.81
3238242342.55
3389518608.05
3446844149.93
3553732849.51
3371286454.34
3341242170.19
3300194967.89
3382290391.22
3414778552.16
3408007448.99
3424080544.85
3342736872.29
3453699900.54
3167201284.2
3391020883.17
3312581211.51
3352404295.94
3430537436.19
3489151199.76
3493470502.12
3405693676.55
3330422985.8
3507006429.61
3441738520.51
3475225878.64
3380072300.12
3290561575.83
3387055843.52
3527453683.78
3207633520.87
3545027696.88
3339954392.57
3247604280.96
3242067145.53
3458120024.92
3332536754.87
3600105285.3
3446693313.39
3315997804.84
3494102948.82
3462304646.9
3386689749.06
3474933111.44
3410691026.91
3339333149.33
3452459340.43
3295728641.87
3383990224.1
3380120486.52
3533525895.98
3512068458.78
3327612631.14
3437190982.71
3459643441.21
3266507733.44
3408509916.43
3417116039.57
3320871965.11
3461891520.04
3412984772.36
3362203399.78
3342950284.73
3424117795.16
3242742933.53
3479962354.94
3387789746.93
3421803326.94
3353699536.74
3414498568.14
3335576991.01
3288748756.92
3361617991.23
3232131138.92
3508890318.96
3337392671.98
3493662678.62
3290293802.51
3412677951.53
3324044129.36
3466848899.17
3351782788.22
3259029791.3
3438280168.22
3356303120.15
3349808237.26
3175717755.97
3454127321.63
3475297695.24
3319044228.18
3230651649.08
3375327877.6
3461316752.22
3486701367.41
3481926665.33
3306673767.34
3350324910.02
3319095138.52
3494542678.03
3257821350.85
3247602829.82
3219917715.77
3250350128.21
3420721938.66
3351322035.94
3569169449.22
3273571850.78
3431394847.81
3371284961.86
3417301497.93
3292359190.49
3449061358.85
3367358354.57
3372454119.38
3350579090.72
3454909034.09
3453573621.62
3318960325.82
3500545488.14
3449714752.92
3366493169.33
3432951451.53
3417717166.63
3500639053.04
3406140188.5
3307163306.69
3381513223.45
3515160605.18
3408736815.83
3436508092.17
3230601647.86
3367355334.66
3397568816.62
3473289499.7
3273641421.62
3378665459.08
3488035050.16
3370904327.82
3308391892.88
3315607537.18
3229603418.11
3477306847.97
3428028086.47
3303024694.62
3387740456.21
3376673755.5
3436339903.04
3351977567.67
3350062740.62
3308833859.83
3357276117.58
3356782641.88
3409939317.22
3586159848.3
3295968987.54
3407990576.99
3372827776.97
3472615971.57
3384511098.95
3371398212.5
3369578632.71
3391980492.76
3447867370.85
3400894418.52
3318237378.18
3425324791.37
3472553346.22
3419744957.52
3209868153.37
3407471807.38
3359673387.31
3455045704.43
3378918119.25
3575799239.39
3481279117.63
