Response Production Fluence Magnitude with 181 samples 
4.85588e+11
4.816623e+11
4.785358e+11
4.659077e+11
4.773888e+11
4.856398e+11
4.791685e+11
4.840562e+11
4.92137e+11
4.85477e+11
4.8433e+11
4.760938e+11
4.864982e+11
4.831349e+11
4.876082e+11
4.9432e+11
4.800417e+11
4.833495e+11
4.884481e+11
4.871531e+11
4.753353e+11
4.87401e+11
4.860542e+11
4.896247e+11
4.853216e+11
4.868053e+11
4.796643e+11
4.84441e+11
4.812997e+11
4.897468e+11
4.850552e+11
4.848073e+11
4.808372e+11
4.919927e+11
4.964068e+11
4.798086e+11
4.741957e+11
4.997664e+11
4.635101e+11
4.998404e+11
4.993261e+11
4.916449e+11
4.842042e+11
4.803599e+11
4.773407e+11
4.89954e+11
4.905127e+11
4.918558e+11
4.876267e+11
4.868867e+11
4.81222e+11
4.848628e+11
4.853105e+11
4.711469e+11
4.867202e+11
4.929991e+11
4.825281e+11
4.792499e+11
4.816993e+11
4.847185e+11
4.837269e+11
4.817881e+11
5.023379e+11
4.830424e+11
4.853697e+11
4.876822e+11
4.749949e+11
4.813219e+11
4.874824e+11
4.872715e+11
4.834642e+11
4.908531e+11
4.78447e+11
4.865241e+11
4.782509e+11
4.830276e+11
4.931064e+11
4.90916e+11
4.821803e+11
4.910566e+11
4.902167e+11
4.735223e+11
4.840562e+11
4.812849e+11
4.989672e+11
4.861578e+11
4.909271e+11
4.877969e+11
4.867535e+11
4.994778e+11
4.866314e+11
4.885221e+11
4.878228e+11
5.032703e+11
4.795533e+11
4.763972e+11
4.885221e+11
4.975205e+11
4.862355e+11
4.833569e+11
4.734816e+11
4.770077e+11
4.877488e+11
4.868164e+11
4.916116e+11
4.687937e+11
4.934357e+11
4.808039e+11
4.985972e+11
4.878191e+11
4.86994e+11
4.890475e+11
4.691082e+11
4.977314e+11
4.824948e+11
4.898874e+11
4.790501e+11
4.898837e+11
4.786616e+11
4.75339e+11
4.888366e+11
4.850219e+11
4.77337e+11
4.844891e+11
4.960109e+11
4.922332e+11
4.708065e+11
4.808816e+11
4.832348e+11
4.903314e+11
4.800528e+11
4.848517e+11
4.824578e+11
4.965733e+11
4.796199e+11
4.816919e+11
4.890882e+11
4.90361e+11
4.859247e+11
4.777366e+11
4.79187e+11
4.945864e+11
4.763158e+11
4.708657e+11
4.912157e+11
4.921592e+11
4.857064e+11
4.956742e+11
4.782509e+11
4.826095e+11
4.937613e+11
4.91841e+11
4.812812e+11
4.842893e+11
4.901612e+11
4.927179e+11
4.901538e+11
4.808002e+11
4.794867e+11
4.702515e+11
4.907347e+11
4.804339e+11
4.844003e+11
4.845224e+11
4.823024e+11
4.889217e+11
4.876526e+11
4.799159e+11
4.887293e+11
4.815994e+11
4.826169e+11
4.827242e+11
4.799492e+11
4.771076e+11
4.82406e+11
4.993705e+11
4.855029e+11
4.855029e+11
4.797124e+11
4.845853e+11
4.947825e+11
4.852994e+11
