Response Production U-235 Fissions with 181 samples 
29962267000.0
29946024000.0
29603885000.0
28955978000.0
29369527000.0
29937958000.0
29725430000.0
29908173000.0
30163473000.0
30031050000.0
29846346000.0
29460954000.0
29953535000.0
29799689000.0
30180160000.0
30128915000.0
29672076000.0
29957161000.0
30137129000.0
29991941000.0
29534954000.0
29861812000.0
30069382000.0
30326606000.0
29817560000.0
30031494000.0
30033492000.0
30149561000.0
29963229000.0
29939882000.0
29954534000.0
29827143000.0
29564702000.0
30390135000.0
30369045000.0
29638443000.0
29634558000.0
30505020000.0
28842499000.0
30732311000.0
30572360000.0
30094357000.0
29932815000.0
29885011000.0
29670744000.0
30140089000.0
30150856000.0
29902660000.0
29997787000.0
30007814000.0
30001709000.0
30029607000.0
29853931000.0
29034936000.0
29898257000.0
30402382000.0
29920975000.0
29615392000.0
29818485000.0
29901217000.0
30000895000.0
30121478000.0
30577614000.0
30055100000.0
30084256000.0
30123957000.0
29725652000.0
29922862000.0
29864143000.0
29833396000.0
29737196000.0
30142642000.0
29743597000.0
30078114000.0
29620461000.0
29868250000.0
30123920000.0
30290605000.0
29767055000.0
30299485000.0
29773826000.0
29510238000.0
29943249000.0
29817560000.0
30626380000.0
29915684000.0
30089584000.0
29832508000.0
30079631000.0
30346549000.0
30243985000.0
30362718000.0
30105346000.0
30730905000.0
29635705000.0
29682954000.0
30189521000.0
30430465000.0
30186820000.0
29820520000.0
29382995000.0
29348067000.0
30014659000.0
29798875000.0
30204654000.0
29219566000.0
30292122000.0
29565368000.0
30333821000.0
29849306000.0
30008110000.0
30235401000.0
29265298000.0
30424693000.0
29860628000.0
29701861000.0
29590528000.0
30163991000.0
29648137000.0
29589862000.0
30011736000.0
29655352000.0
29791253000.0
30068568000.0
30403048000.0
30485854000.0
29517823000.0
29696348000.0
29697495000.0
30112635000.0
29774381000.0
29795212000.0
29910726000.0
30307662000.0
29807570000.0
29746039000.0
30037229000.0
30257638000.0
29735827000.0
29641292000.0
30027387000.0
30401124000.0
29506279000.0
29285019000.0
30372486000.0
30205542000.0
29978658000.0
30349065000.0
29795101000.0
29734310000.0
30316394000.0
30333747000.0
29849861000.0
29837022000.0
30134058000.0
30602774000.0
30267406000.0
29817560000.0
29559670000.0
29346476000.0
30322018000.0
29506242000.0
29799467000.0
29987501000.0
29928967000.0
30045924000.0
30047071000.0
29562630000.0
30018063000.0
29841721000.0
29546276000.0
29669745000.0
29541096000.0
29826255000.0
29864957000.0
30406452000.0
29963858000.0
29963858000.0
29818189000.0
29923787000.0
30633373000.0
29926710000.0
