Response Production Ni-58 (n,np) Reactions with 181 samples 
2754923800.0
2915748000.0
2749603200.0
3015081900.0
2837311700.0
2761173100.0
2848067600.0
2617931300.0
2555775000.0
2640257100.0
2796985400.0
2920106600.0
2725205400.0
2783310200.0
2652474500.0
2655922900.0
2758812500.0
2841540800.0
2806124400.0
2824750200.0
2807212200.0
2628838900.0
2821701400.0
2749240600.0
2740760200.0
2729556600.0
2918985500.0
2932435000.0
2825808400.0
2622090100.0
2819729300.0
2910460700.0
2809628300.0
2687413600.0
2641174700.0
2783991000.0
2995557000.0
2544604700.0
2969139000.0
2534577700.0
2528591100.0
2558231800.0
2809713400.0
2812617900.0
2987650100.0
2714741800.0
2684264900.0
2610542400.0
2654357800.0
2676661400.0
2875791700.0
2814379100.0
2770826400.0
2874045300.0
2650025100.0
2693766500.0
2764299600.0
2944641300.0
2907186200.0
2766179200.0
2809950200.0
2917250200.0
2479728900.0
2839894300.0
2805791400.0
2728590900.0
2983665200.0
2831158600.0
2656581500.0
2697714400.0
2861742800.0
2575151900.0
2951168100.0
2770841200.0
2873420000.0
2805354800.0
2751597500.0
2684427700.0
2804474200.0
2732864400.0
2584287200.0
3042954000.0
2777926700.0
2937274600.0
2679606600.0
2733079000.0
2649762400.0
2719507400.0
2785071400.0
2537389700.0
2774877900.0
2840401200.0
2715063700.0
2482034000.0
2816514000.0
2937167300.0
2706601800.0
2503431100.0
2839102500.0
2848178600.0
2889870200.0
2887476300.0
2670526800.0
2656514900.0
2571870000.0
2973701100.0
2609817200.0
2756403800.0
2533316000.0
2625360900.0
2754194900.0
2710916000.0
3102272400.0
2568199600.0
2767455700.0
2560148400.0
2736460800.0
2666234800.0
2792830300.0
2854265100.0
2758287100.0
2730692500.0
2917120700.0
2802857300.0
2627296000.0
2807474900.0
2972358000.0
2778903500.0
2752541000.0
2641781500.0
2906649700.0
2709502600.0
2829208700.0
2592615900.0
2949677000.0
2834510800.0
2631695300.0
2655978400.0
2713746500.0
2912580800.0
2984597600.0
2651649400.0
2820572900.0
3053635900.0
2724321100.0
2675566200.0
2716417900.0
2614334900.0
2951545500.0
2765183900.0
2646103100.0
2626781700.0
2852178300.0
2757665500.0
2691109900.0
2754202300.0
2729852600.0
2720262200.0
2800167400.0
2936778800.0
2927965400.0
2572413900.0
2820143700.0
2900289400.0
2854168900.0
2710464600.0
2662790100.0
2758734800.0
2697892000.0
2846417400.0
2727233000.0
2625982500.0
2816625000.0
2992382400.0
2803360500.0
2494676900.0
2758072500.0
2758072500.0
2942029100.0
2706735000.0
2967466600.0
2740819400.0
