Response Production W-186 (n,g) Reactions with 181 samples 
360839170.0
338545084.963
363488572.305
319930794.956
340466351.69
366353455.615
346908005.192
361059365.381
361998851.792
346620880.826
349844310.456
352623256.332
377571090.214
358746795.015
363915341.22
368103455.931
363187806.109
333143048.221
335838919.157
353543733.29
361782014.369
358094687.22
355954938.437
369740945.239
359999272.708
357007083.779
334815735.573
366643170.43
358923125.112
385583262.578
369556089.413
350727821.852
337565312.42
374139099.222
372666082.114
335983977.574
339129688.309
392395036.238
333756983.767
355879681.828
398642324.545
378396326.569
364728929.733
337792693.312
354858059.22
356275250.967
382366737.698
368673078.044
345054521.797
375973513.032
348415139.762
361034692.304
357029271.066
334260064.047
372899067.708
364842438.266
339479240.565
361768259.779
345729354.665
358275749.505
348304017.832
381139229.267
399725320.089
348489826.329
360233657.565
377476556.592
356893784.9
333219115.982
359836891.93
380560358.93
360602771.798
363126455.846
349419010.774
339924275.637
358128251.986
366769785.237
357595722.29
351199742.557
375422740.631
340593363.574
361358247.502
338643028.383
362011951.653
328204372.063
376628434.131
339310143.558
369726602.806
352645653.631
347818790.218
382467884.218
373132839.298
378142583.733
364410450.501
383558892.637
335408546.733
350669806.851
373234845.942
377049299.804
360218768.521
369697823.682
345079117.046
349206197.706
353214467.996
372223085.95
372786053.677
344150023.267
374169729.841
352347434.288
365507501.308
372730347.793
366182767.355
358196399.023
348140798.478
384236923.93
374662566.4
361836959.897
370409383.298
385187579.211
352238579.471
334147284.253
380177284.743
341623947.328
354381300.907
350239767.249
381664869.853
364570049.49
368735664.415
350018953.453
367258923.437
382040960.752
360007691.112
364585266.437
362237035.848
364269158.12
359262697.504
366259459.171
364912034.417
364360114.241
356980295.382
330669343.624
365667033.75
395844461.831
347040974.915
356822751.262
370995824.987
362261584.772
369687834.98
388262644.804
352803023.067
357505608.219
360258340.916
396115123.28
363012070.546
361167458.507
351356454.12
363567003.798
365020313.35
354621215.875
344289544.147
337620658.227
351141605.38
358752038.355
364244081.435
353799143.535
342124489.687
370004423.823
372649582.343
359625688.885
362079614.954
339940060.134
360689859.161
361319927.101
360681301.738
332110435.588
350410183.049
355948749.453
363365365.094
359322975.111
346038100.521
365970053.873
348370287.25
365002080.983
