Response Production Ni-58 (n,2n) Reactions with 181 samples 
112068190.0
118758783.392
113851382.962
123328803.07
115196464.932
115034656.977
113120098.373
106730329.973
103596442.434
105158669.906
113590549.33
117006973.407
110554302.569
113001608.34
109257861.306
106410021.279
111374031.468
115471047.486
113897165.022
114135532.426
113689690.566
109407672.749
114043307.958
111852338.346
109422450.276
111716095.094
118000690.017
119984719.087
113378210.621
104478616.954
111689123.938
118236206.099
116166468.989
108406260.523
108528361.489
113946871.036
122156711.755
101006919.958
121873705.772
103578234.057
103888588.364
105781742.222
114318283.166
116111159.599
121121498.483
108585211.418
107418785.109
104861051.764
110127919.876
110870362.178
120107547.757
113484244.945
112443015.528
117913071.018
105588336.851
109060290.938
111296460.699
118501243.416
119834778.142
115712834.935
112855970.636
124130252.417
101642145.722
118616380.803
115377952.414
108513895.048
119599096.655
114971399.452
109985840.44
107367561.199
118421490.809
103861546.025
119824070.465
114224163.21
117664213.297
116082493.921
112514306.675
111869170.725
113781260.501
110492402.188
104999953.779
122065531.616
114779445.48
119868901.376
107120548.507
109088498.654
107612246.385
110174634.431
109827056.754
101600038.438
114424534.616
116406742.315
110318064.75
100962174.969
114841645.806
119424740.334
112592193.608
101998798.527
114779773.805
117687931.844
116591263.89
116724645.654
108558346.379
106844705.242
104038209.213
122228898.15
105787065.006
112554432.094
103976875.833
106193601.869
113046841.315
111489487.94
126033795.736
104337056.0
111753970.154
102640010.267
112469002.738
110533983.367
115325981.015
117085884.185
112153918.394
110432268.552
116274555.066
114958143.754
107649301.154
113290880.785
118795099.264
114391265.522
112329038.791
108244880.572
117349405.456
109459485.356
113480655.511
105178433.119
120977319.045
114195653.835
108001801.171
107086329.185
111796477.435
117779387.523
123434521.666
107759289.896
115150316.703
123761690.588
109746709.777
107917954.087
110876686.451
106267501.498
122783423.16
114313445.581
108037613.159
107200488.633
114545644.104
111645290.6
110572638.207
111549676.761
112933421.327
112131386.823
113161467.267
120583347.755
118692570.618
105412643.561
113488304.986
117198885.658
113759507.436
110161584.878
108775874.641
112332884.053
111811072.002
116178838.462
111716906.746
106837492.19
115839939.868
121578134.667
111872181.026
101838954.936
112881268.169
110945458.603
118848747.016
111971664.375
120106427.816
110765136.725
