Response Production U-238 (n,2n) Reactions with 181 samples 
206740460.0
218291860.0
206454820.0
225857990.0
213506280.0
206716040.0
212841760.0
197022040.0
192667510.0
197942600.0
209078120.0
218362530.0
204166740.0
208205290.0
199145100.0
199286070.0
207278070.0
213578800.0
211824630.0
210517420.0
210485230.0
198589360.0
211427250.0
206757850.0
206298680.0
205281920.0
216890670.0
219537280.0
212580540.0
198267460.0
211060210.0
219673810.0
211245580.0
202518390.0
199032620.0
208917540.0
225717390.0
191994480.0
223181410.0
189829610.0
190001660.0
192657520.0
210939960.0
211437240.0
225045470.0
203307600.0
200615110.0
196092230.0
199958730.0
201408390.0
216795210.0
211297010.0
208278550.0
216578390.0
199362660.0
203301310.0
206870330.0
220905170.0
218334040.0
207685440.0
210748300.0
218889040.0
187265140.0
212912430.0
209541730.0
204611110.0
223985420.0
213021580.0
199881770.0
203328320.0
215058430.0
194334360.0
221472380.0
208174950.0
215240840.0
210429360.0
206408940.0
202478800.0
211651840.0
205611960.0
194090900.0
227883370.0
207918170.0
219995340.0
200608450.0
204356180.0
199175440.0
203505550.0
208932710.0
191157170.0
208383260.0
212422920.0
204311780.0
186157730.0
211292570.0
220171830.0
204001350.0
187427200.0
211652950.0
213979880.0
217242170.0
216191000.0
201082050.0
199589100.0
192713020.0
223333110.0
196083350.0
207953320.0
190921850.0
197564460.0
205788080.0
203636900.0
232112100.0
193442660.0
208521640.0
193647640.0
206629460.0
199853280.0
208919760.0
214362460.0
207334680.0
205226790.0
218006590.0
210013850.0
197047570.0
210619910.0
223862580.0
207983290.0
206459260.0
199354520.0
217822700.0
203665390.0
213030090.0
195382200.0
220677250.0
212472500.0
196918440.0
199467000.0
203703870.0
219380770.0
223367150.0
199013010.0
210809350.0
228470930.0
205479130.0
201231530.0
203669460.0
196295360.0
220824510.0
207696170.0
198300390.0
197836040.0
214142680.0
207266970.0
203058590.0
205729620.0
204898600.0
204748380.0
210877430.0
219550230.0
229335990.0
193740140.0
212170210.0
218806160.0
214474570.0
204053890.0
199826270.0
208220090.0
202785530.0
214492700.0
205596790.0
197774620.0
211280360.0
223845930.0
211217460.0
187382800.0
206862190.0
206862190.0
221476820.0
202901340.0
221594850.0
205100990.0
