Response Production Au-197 (n,2n) Reactions with 181 samples 
9131341000.0
9595553086.3
9055867724.9
10078452308.0
9184506502.48
9110577211.24
9295712402.14
8690634947.34
8468155589.97
8798541737.61
9155850585.73
9620958869.88
8894371098.26
9155226349.67
8757252366.66
8813573164.71
9296788960.73
9714372735.91
9301449078.19
9545182643.72
9231167464.81
8673782402.24
9281529112.86
9190915149.75
9058962950.26
8942376091.38
9525085957.66
9523707072.22
9416479776.55
8542687742.49
9227418601.09
9719663866.49
9460506728.31
8955490264.3
8620801411.6
9229087979.42
9940227329.36
8398067217.45
10038315033.9
8352187310.64
8467560273.53
8659927157.78
9223254424.22
9320424374.53
10079709302.0
9006320792.13
8932235395.3
8674371412.69
8720479881.44
8984570064.93
9580598441.87
9267097745.76
9305223999.26
9790965883.59
8810388301.07
8922533916.45
9192793404.94
9688456662.1
9616793449.43
9169176429.44
9281894917.69
9415597302.99
8210388720.67
9439139704.74
9332329894.97
9000191919.36
9986500670.31
9169694700.27
8904601154.92
8965800382.68
9714043230.91
8686259684.0
9820561072.6
9142835379.18
9473982118.98
9123680519.02
9265049993.67
8859997073.05
9289318392.64
9036916669.78
8604506393.75
10133380153.1
9272900233.17
9723982611.13
8794430841.22
9093914392.78
8813619135.51
9006614210.35
9452627944.01
8298113249.37
9148498382.17
9506304287.29
8812250679.2
8154605472.31
9266975942.72
9645579420.85
9040798108.2
8275084831.49
9382777488.97
9394058376.02
9696360049.28
9569023217.09
9023104005.41
8829979585.43
8260707664.29
9971464892.96
8694627257.81
9213506187.39
8227787278.85
8763216712.54
9083346962.34
8942721557.61
10300493245.8
8580691507.28
9280778860.52
8452237442.28
9089536050.11
8895291847.07
9277670261.1
9382466196.66
9093354647.38
9095227826.53
9559651348.41
9377077765.9
8848658581.13
9078399505.22
9926309910.89
9134917189.27
9211199031.58
8578405366.15
9714452611.98
9170906290.76
9409360186.61
8532707011.75
9647826312.32
9622647255.05
8595178292.76
8774049787.14
8929395793.12
9780176267.95
9851067928.91
8799203265.21
9347054988.46
10283376424.6
8968194394.32
8913096951.77
9135506291.4
8578788273.1
9774019250.12
9323486471.1
8803908204.42
8712903832.1
9468676227.15
8963999366.0
8831920349.8
9042352814.94
9092943744.37
9139616707.84
9266710149.03
9763900025.06
10027481854.7
8451026151.52
9226334811.49
9449944253.97
9287553387.36
9017091960.71
8911169952.79
9125130618.14
8897134773.37
9479800670.19
8945353859.36
8689009242.45
9199145183.48
9894701008.25
9513174840.56
8220328305.01
9299527973.82
9229256660.35
9639581953.48
8994437220.0
9772136677.58
9085627417.08
