Response Production U-238 (n,g) Reactions with 181 samples 
112208420.0
109982130.0
112986900.0
105013400.0
107694420.0
114096530.0
111201650.0
112452990.0
114805450.0
114772520.0
110341400.0
109479300.0
110828690.0
109452660.0
112848150.0
114576790.0
108835870.0
110807230.0
111954970.0
111181670.0
108413700.0
112706070.0
109486330.0
112699780.0
111653790.0
113484920.0
108620900.0
110981870.0
112776740.0
113904500.0
110815740.0
109448220.0
109914790.0
113116770.0
117082800.0
109681320.0
108525810.0
118332660.0
103594820.0
116002400.0
115661260.0
115479220.0
111416990.0
108679730.0
108287160.0
113328780.0
115716760.0
114186070.0
115534720.0
112771560.0
110448330.0
112720130.0
110634810.0
105264630.0
113975910.0
114696300.0
112030450.0
109171460.0
110405040.0
113778700.0
112208050.0
111516150.0
118156170.0
109775300.0
112937320.0
112455580.0
108725980.0
110815740.0
111037000.0
111879490.0
109391610.0
114691490.0
109032340.0
111438450.0
106583680.0
110292930.0
112435600.0
112399710.0
110658120.0
113318790.0
113829760.0
106708370.0
110355090.0
109251380.0
115861060.0
109058980.0
113830500.0
111505790.0
111809190.0
117496830.0
111296370.0
112428570.0
110319200.0
120972980.0
108461060.0
107268550.0
113906350.0
117035070.0
113323600.0
111462500.0
106695790.0
107657050.0
113794610.0
112346800.0
110808710.0
106557780.0
116078990.0
111327820.0
116408290.0
114656710.0
111506160.0
115768560.0
104394760.0
117384720.0
111954600.0
114078030.0
109058980.0
112600620.0
108244240.0
108957230.0
113322860.0
110962260.0
109835980.0
110745810.0
114727750.0
114313720.0
105891040.0
109786030.0
109922930.0
114589370.0
108625340.0
112073000.0
110002850.0
115903610.0
108821810.0
111454730.0
113501940.0
114089130.0
110681430.0
109973620.0
109653200.0
115442220.0
109040850.0
109792320.0
115872530.0
114178670.0
110693270.0
114163130.0
111209420.0
109768640.0
115900280.0
117274090.0
109878530.0
108664930.0
113663260.0
113582230.0
114115400.0
113813480.0
110890480.0
106177050.0
109426390.0
110855700.0
110870870.0
110821660.0
111718170.0
112008250.0
111815850.0
108134720.0
112006770.0
111351130.0
108716730.0
111756650.0
111416250.0
109707590.0
110665520.0
115763010.0
111405890.0
111405890.0
110261110.0
112182890.0
112111110.0
108704520.0
