Response Production Al-27 (n,a) Reactions with 181 samples 
541236000.0
571235804.419
541713098.948
593067847.49
557818317.977
542173700.714
554489539.546
514619727.296
504237417.652
519522128.605
548368426.848
573375347.961
534228935.196
547450806.817
522166162.254
522086298.804
541299992.335
558067247.619
553305351.816
549222838.406
549891754.465
520154716.143
551765078.21
540208751.316
537124490.878
532579417.063
567010973.014
571752169.51
556854600.207
519036040.002
553944958.15
574350769.809
550508276.765
530893191.953
520390471.94
546439828.6
589432251.417
498249692.839
578470631.93
493772511.077
496066076.653
500080959.429
553101706.173
552807047.297
587990917.975
534062999.419
527781026.676
511122828.691
521367427.457
527954816.854
565863218.403
550548584.063
543532525.114
565489290.12
519135484.02
530993171.18
541686497.561
579481887.214
568603421.609
542070308.835
551782156.098
572076799.875
491424480.659
559461035.32
551938137.602
536890371.597
585123912.066
554819111.19
524091694.09
531621556.945
561178042.909
506891403.377
581475712.722
546170176.715
562657775.404
552544112.089
541157495.78
529036917.996
551364199.21
535420213.06
508501073.845
598952992.615
546871522.427
578869303.754
524463644.66
536445239.191
521103028.545
531154665.361
548288608.926
497029611.456
548766405.69
556815469.991
535876092.258
485707478.673
552371242.594
578493976.611
532078908.051
491708856.963
554964552.844
557457680.23
564642926.861
563422665.686
524355085.083
518153200.979
505105863.764
586371268.295
508457234.03
546041730.038
498467129.748
517859643.552
537875586.561
534207598.002
610221701.847
507870033.778
541551387.735
506424043.117
539562858.682
524610434.075
545592152.627
556778397.6
540698816.875
539530475.216
573501230.217
548902816.117
515029120.632
550716669.389
588776108.056
546489366.768
538114916.765
518767018.352
569880280.47
534793043.102
558176118.674
506048534.297
576807226.673
555070286.39
514901283.566
521231147.353
532246582.827
577889371.662
581966426.758
520263483.651
554084752.935
598347695.174
537450203.496
520698466.141
531293831.418
515904564.064
581371809.311
545490931.351
517880277.364
519838859.996
563529604.02
540250264.925
528860971.565
540842548.618
533863064.181
538870255.691
547530902.501
576530126.98
602703534.315
507452480.339
555610558.354
569633840.405
559623144.689
531569525.155
520296678.041
543477385.123
530104986.925
561574575.031
535746693.188
513713234.221
551292736.401
585970929.879
551267694.708
488743471.313
543462395.093
538418093.71
579136196.357
532233500.492
568894328.555
539291797.138
