Response Production U-234 Fissions with 181 samples 
242661910.0
283078860.0
323440310.0
279946440.0
223957300.0
156837820.0
226301990.0
317510690.0
309564570.0
273976860.0
324196590.0
311068250.0
246690470.0
205307450.0
317836660.0
314428590.0
248224120.0
246135100.0
159901420.0
273949110.0
244597750.0
318136360.0
264218480.0
251389470.0
278669570.0
199097370.0
350304160.0
256125840.0
268393190.0
259395530.0
185311910.0
255786920.0
240025290.0
210629900.0
254611430.0
270102590.0
243183980.0
267640610.0
225549780.0
343360000.0
264192580.0
238189720.0
201641120.0
234885620.0
244110830.0
202283810.0
269334840.0
260179930.0
209229820.0
262269690.0
142462210.0
244491190.0
249052920.0
229415910.0
210100800.0
257885560.0
311281000.0
301965510.0
321088220.0
283092180.0
291058280.0
271915590.0
306913520.0
308798670.0
258200060.0
258535280.0
191792460.0
275506810.0
268307720.0
279336310.0
286185010.0
246932080.0
255393980.0
218165690.0
311605860.0
242528710.0
217651020.0
221802050.0
235242670.0
205485790.0
218412850.0
310936160.0
233095930.0
229351530.0
229327850.0
187343210.0
260798570.0
194494570.0
217522630.0
266355600.0
244220350.0
190818620.0
145978690.0
241812390.0
277111130.0
172901740.0
202861380.0
266079210.0
286787370.0
252066200.0
246966120.0
142547680.0
219658640.0
197690260.0
188787320.0
210636560.0
218590450.0
232658590.0
213652800.0
248909730.0
231691410.0
216855520.0
269174260.0
204299570.0
219810340.0
275381380.0
275188980.0
224395750.0
210821190.0
258240390.0
232997140.0
260897730.0
219539500.0
244116010.0
292669630.0
241158970.0
202311190.0
203939560.0
217463060.0
286055510.0
236695290.0
226580970.0
350298980.0
234685080.0
216421510.0
213824850.0
220310210.0
275027290.0
225744400.0
194632950.0
223844820.0
218423210.0
271570750.0
176235070.0
244372050.0
208652620.0
207781270.0
260901060.0
229018530.0
246153970.0
253472570.0
270845550.0
266575010.0
274181840.0
240222870.0
222155770.0
188950860.0
271421640.0
271667320.0
227463790.0
247882240.0
272987480.0
247932560.0
286083260.0
201760630.0
203744570.0
277648370.0
272796930.0
247054550.0
235304830.0
209630160.0
267445990.0
203166630.0
332362860.0
289416590.0
241979630.0
242625280.0
242625280.0
287349770.0
243030800.0
218087250.0
275883840.0
