Response Production In-115 (n,g) Reactions with 181 samples 
2615914800.0
2536360782.46
2590304347.45
2438392934.38
2562867468.59
2603315192.26
2662356515.1
2678913438.55
2706612335.37
2637485062.07
2641140673.02
2482185996.36
2752405249.08
2639665407.78
2564870915.06
2675246636.44
2541183771.56
2584049341.48
2707528912.18
2694013925.79
2538904954.44
2588370990.49
2573597761.0
2560488249.24
2620171818.75
2611152261.04
2563319068.25
2625607388.52
2628646780.23
2690397593.16
2573610859.27
2641117601.37
2653941073.03
2628798104.64
2780603480.52
2525274546.6
2516699129.54
2712732331.75
2307999341.11
2775417644.71
2747629638.13
2798777893.97
2667077657.59
2493490731.13
2545163002.31
2597637409.04
2619002211.9
2654680133.75
2779938180.02
2635746465.67
2595110566.84
2599954126.38
2692723486.02
2428877692.32
2543246850.97
2653641684.41
2631745316.68
2419150788.61
2567977025.26
2709288887.32
2749206887.42
2555274582.12
2689041555.26
2542949636.52
2619932984.06
2585567680.15
2589165060.3
2617766878.41
2629090650.12
2576929218.79
2522393601.94
2679012007.63
2631832819.56
2497748204.02
2640066663.64
2627640008.41
2688276535.8
2624142458.42
2469733283.83
2735515070.66
2679277174.76
2536533412.29
2580324875.07
2506119582.07
2778710604.9
2726567907.43
2758499198.5
2642045141.93
2678959912.78
2685992413.57
2684312338.55
2757768366.71
2670412046.17
2755814338.71
2498952152.85
2499477732.94
2676467906.24
2827403893.81
2711599996.95
2610216353.33
2533121504.94
2534051245.44
2563410880.49
2573277092.0
2687948005.75
2422216927.29
2626742507.19
2598519141.79
2655456819.91
2622592270.66
2698000328.2
2659307084.27
2461059035.4
2788263875.52
2593281247.08
2641566406.43
2541009632.2
2644339809.33
2598512451.17
2504738531.01
2679368886.27
2572657622.8
2497780841.74
2564880719.33
2659161843.84
2772724695.42
2535457232.8
2575828030.17
2604818243.53
2631021893.81
2617934025.48
2610118349.62
2659428828.28
2685031589.22
2568881121.44
2545993388.05
2662959540.94
2585642462.72
2731411430.32
2605023838.38
2502262886.04
2760923550.87
2632578676.48
2408089104.22
2741058610.06
2585698199.79
2683628111.5
2612927496.35
2604041530.15
2534882718.94
2665999223.82
2676407161.74
2617609204.21
2676577710.69
2719858304.77
2709034799.36
2702352057.95
2569477481.01
2612016942.54
2369246107.23
2519827392.28
2568989126.9
2556592547.3
2477028098.62
2595634569.64
2674064382.63
2626170092.9
2487947798.67
2782385165.1
2557875028.38
2472209980.89
2466838804.23
2620135605.0
2436096673.6
2650278487.72
2694436378.2
2619270907.55
2577259055.74
2594346834.28
2539967881.66
2659398914.19
2664638293.65
