Response Production U-236 Fissions with 181 samples 
39774630.0
57595310.0
32788660.0
39075330.0
35818257.0
30371154.0
36312318.0
28674186.0
41414100.0
43485360.0
43232650.0
43801710.0
37836570.0
39389090.0
45759380.0
34065271.0
33779964.0
44819580.0
34914125.0
38711620.0
42412360.0
39465310.0
48122200.0
31392724.0
44067370.0
44433670.0
41037810.0
46483100.0
42479700.0
35867763.0
41992780.0
30390949.0
35123545.0
32387839.0
48549550.0
32027903.0
53685150.0
37478780.0
46194130.0
48201750.0
48716050.0
43931210.0
43157170.0
49227390.0
43806520.0
41527690.0
29802279.0
39368000.0
45034550.0
35821328.0
39927810.0
34905467.0
49961470.0
40714060.0
37114330.0
34544643.0
37071040.0
23313293.0
36814075.0
44008910.0
42518920.0
45792310.0
39645130.0
40829130.0
41319750.0
50758820.0
45222510.0
41735630.0
45659850.0
37585340.0
46824980.0
35793541.0
45410840.0
44353380.0
41190250.0
44497310.0
43460570.0
39995150.0
36412736.0
44283450.0
43702920.0
46205970.0
38521440.0
41907680.0
34541757.0
51438510.0
33217786.0
39789800.0
42635840.0
26690505.0
45527390.0
33473900.0
37381840.0
29951463.0
34499318.0
35154366.0
37867280.0
42326890.0
48810030.0
45898500.0
51042610.0
46664400.0
31379589.0
39564840.0
31049438.0
57859860.0
36691309.0
34541757.0
30492329.0
43454650.0
43601540.0
42744990.0
45642460.0
44748170.0
36880897.0
24074642.0
31118147.0
33381918.0
39691380.0
32675773.0
38480370.0
26882757.0
40789910.0
32926559.0
25764950.0
41237610.0
32873686.0
45398630.0
38639470.0
32506276.0
28077561.0
31949685.0
41580970.0
39991080.0
43825020.0
47056230.0
30584385.0
37317460.0
47997510.0
40459870.0
49064220.0
48558800.0
32490329.0
47580520.0
38054130.0
31446559.0
46317340.0
19509175.0
45910340.0
41112920.0
48371580.0
38648720.0
28310920.0
37198690.0
36189552.0
51555430.0
51964650.0
40803230.0
43547150.0
39551150.0
42177780.0
32811415.0
34421507.0
37486920.0
36165428.0
44890620.0
46360260.0
42804190.0
46233350.0
41992410.0
41127720.0
51461820.0
39027600.0
32271807.0
34042775.0
37341880.0
39773150.0
39773150.0
43435410.0
47159830.0
39291410.0
44254590.0
