Response Production Mn-55 (n,g) Reactions with 181 samples 
134667790.0
137710300.0
129146650.0
113523030.0
178747000.0
156345720.0
108342660.0
119032700.0
152295330.0
124092820.0
126888910.0
133029430.0
97793960.0
118787760.0
67784740.0
154832420.0
104602330.0
131966420.0
130585210.0
150608500.0
167880840.0
160072730.0
158264910.0
173006450.0
140463840.0
112739740.0
203150350.0
119695000.0
96527450.0
130228530.0
148408850.0
140336930.0
131036980.0
144894960.0
177874170.0
110726940.0
78290150.0
146056020.0
90675160.0
192778510.0
137680700.0
95522160.0
119054530.0
111075850.0
116233280.0
114231210.0
107441710.0
147046510.0
133729100.0
123582220.0
179037080.0
89653960.0
163369430.0
108854000.0
139245800.0
136797140.0
144405450.0
153509300.0
151843190.0
116254000.0
157984450.0
202577590.0
151479480.0
174343260.0
143704670.0
108794800.0
109455250.0
156601760.0
157543780.0
205260830.0
137183050.0
169428920.0
170456780.0
136191080.0
128815500.0
113446810.0
164811690.0
162673090.0
160968500.0
195236790.0
159755640.0
185244940.0
160025740.0
148491360.0
180935550.0
142609100.0
137585980.0
146486330.0
184645170.0
89269900.0
115284970.0
159954700.0
139484820.0
122063370.0
146394200.0
155501010.0
125153610.0
149411180.0
127726220.0
132082970.0
55656510.0
117213040.0
142021170.0
112536240.0
92419340.0
118806630.0
134285580.0
118622740.0
167872700.0
170985880.0
162502520.0
136340930.0
142193220.0
142773750.0
134734020.0
133091590.0
129513320.0
139275400.0
129106690.0
156449320.0
141700010.0
141340370.0
136781230.0
103931890.0
105192850.0
161102440.0
115230950.0
152555440.0
110909720.0
154661850.0
166873330.0
107973770.0
74937210.0
117833160.0
118007800.0
165459930.0
142416330.0
126676900.0
151553110.0
134190120.0
121508740.0
152336400.0
101596080.0
122915850.0
147392460.0
96821970.0
122279080.0
140743930.0
116064190.0
118246080.0
189445180.0
110742850.0
125865860.0
115666440.0
118266430.0
115923960.0
153248450.0
131216430.0
130235190.0
79106000.0
113588520.0
169191380.0
87623770.0
141308920.0
149213600.0
111885410.0
183045660.0
92169590.0
102958050.0
134429880.0
129490010.0
126242890.0
143765720.0
129084860.0
121929060.0
157037620.0
134911250.0
134911250.0
116014240.0
152988340.0
143568510.0
143440120.0
