Response Production Zr-90 (n,2n) Reactions with 181 samples 
1043292700.0
1093003002.99
1055098079.89
1125367430.67
1080978669.07
1038970136.15
1078728734.51
1012802539.91
964348828.193
993830209.699
1052107575.7
1092707164.19
1022330736.8
1049682601.97
999849640.844
1012229200.44
1037692942.85
1080390847.94
1063577844.8
1078846584.36
1064797840.11
1001975704.22
1068883981.73
1036028539.35
1026891050.74
1027016849.81
1098732687.77
1106991277.76
1065984977.45
971701670.872
1075172851.37
1118236216.54
1055687613.88
1003085435.29
1009168188.81
1054027369.69
1144289506.74
969661257.486
1135763766.36
972159889.945
949202894.907
978549553.896
1066267600.9
1069573781.34
1146440141.13
1032978902.18
1013164724.37
985623359.163
1020354853.42
1017956951.55
1082807346.6
1065988733.78
1059747062.54
1077684064.68
1005031135.15
1025705313.86
1046768541.4
1118826055.59
1091924690.22
1057120528.09
1063823397.98
1108431638.69
941119622.386
1081050744.69
1066922214.78
1036633995.38
1116921924.71
1061781846.65
1002934008.54
1028056394.17
1065726488.01
975404262.795
1133249287.31
1039778981.63
1084215756.24
1071052067.01
1044046399.63
1034478642.64
1060158572.49
1043214199.99
970374238.274
1150944670.28
1046604878.6
1106225643.79
1001804612.35
1057670114.85
1003126325.74
1027961152.53
1063017721.83
958577315.849
1046516971.91
1086642277.08
1023667860.38
943261626.433
1066110724.9
1108881048.56
1013602631.54
951294676.674
1074107927.16
1082610456.9
1098243891.9
1102006697.3
1016320872.39
994248820.905
975488379.138
1119376426.7
996219442.453
1048840831.46
957051220.29
1001475747.25
1039850882.01
1027536784.72
1166288499.99
986933128.24
1037660355.07
971772347.915
1023000228.71
1008131446.85
1067227045.77
1075670668.28
1040812997.6
1048152976.96
1106515642.28
1061581002.39
988394587.681
1049394026.18
1117055751.72
1067448531.84
1047400287.85
992735920.194
1097519928.68
1030410252.5
1058880061.64
975483093.125
1120449955.17
1070964136.23
1005565425.8
1021752212.32
1021941690.88
1097511741.93
1133627876.66
984104506.71
1074439678.31
1173784739.2
1049796639.59
1013026780.77
1025421630.01
987564832.168
1118159546.0
1047495849.13
999695516.42
983908062.818
1086103613.77
1050340618.11
1010748722.71
1060633682.52
1047622694.35
1021248193.93
1051036374.26
1122079701.99
1098139766.1
959564462.847
1060500966.84
1110482332.3
1105968577.07
1030749284.28
1010479572.84
1041310125.51
1004073570.31
1082942226.22
1044325417.23
1006256682.83
1054579274.71
1130489422.59
1055627142.68
959805662.614
1041782862.55
1037137538.61
1119061440.03
1018249940.55
1148861285.08
1050780560.6
