Response Production Total Fissions with 181 samples 
30661234000.0
30713737000.0
30374336000.0
29704747000.0
30041373000.0
30540059000.0
30409042000.0
30666821000.0
30923379000.0
30762281000.0
30634409000.0
30245983000.0
30652502000.0
30461878000.0
30956938000.0
30887674000.0
30376001000.0
30671594000.0
30749257000.0
30722876000.0
30238916000.0
30626528000.0
30801760000.0
31025499000.0
30556709000.0
30692351000.0
30850748000.0
30881754000.0
30690612000.0
30644695000.0
30609545000.0
30533954000.0
30261856000.0
31052287000.0
31082775000.0
30358056000.0
30359684000.0
31212608000.0
29536360000.0
31534693000.0
31291085000.0
30777525000.0
30597483000.0
30588862000.0
30385436000.0
30798985000.0
30865659000.0
30616020000.0
30666155000.0
30722321000.0
30604217000.0
30727686000.0
30571176000.0
29723728000.0
30548717000.0
31107269000.0
30682583000.0
30366640000.0
30593635000.0
30643437000.0
30753031000.0
30865400000.0
31326790000.0
30825477000.0
30802352000.0
30847603000.0
30390912000.0
30658644000.0
30589195000.0
30559521000.0
30495104000.0
30834172000.0
30467761000.0
30759728000.0
30396536000.0
30571250000.0
30803425000.0
30968260000.0
30457808000.0
30959972000.0
30437495000.0
30297783000.0
30627712000.0
30510422000.0
31298189000.0
30570732000.0
30794175000.0
30483449000.0
30760283000.0
31043407000.0
30954644000.0
31006962000.0
30702415000.0
31405119000.0
30370118000.0
30317504000.0
30843977000.0
31141124000.0
30946467000.0
30542168000.0
30105050000.0
29957642000.0
30678661000.0
30448262000.0
30831878000.0
29915943000.0
30956050000.0
30242468000.0
30985613000.0
30553268000.0
30701416000.0
30907543000.0
30016953000.0
31075005000.0
30533140000.0
30403233000.0
30306848000.0
30828733000.0
30320390000.0
30300521000.0
30693831000.0
30359388000.0
30479749000.0
30764094000.0
31131800000.0
31188521000.0
30178902000.0
30359018000.0
30369970000.0
30840647000.0
30467835000.0
30465541000.0
30719990000.0
30989017000.0
30495659000.0
30425988000.0
30698863000.0
30978583000.0
30421770000.0
30299189000.0
30729166000.0
31076818000.0
30227372000.0
29931446000.0
31069233000.0
30860886000.0
30649616000.0
31041483000.0
30495918000.0
30440492000.0
31026276000.0
31054988000.0
30566884000.0
30565885000.0
30821000000.0
31298966000.0
30918014000.0
30546423000.0
30288311000.0
30042039000.0
31056061000.0
30215273000.0
30498249000.0
30738527000.0
30589269000.0
30711036000.0
30781854000.0
30289532000.0
30725577000.0
30539837000.0
30211795000.0
30394464000.0
30197254000.0
30619979000.0
30608102000.0
31082109000.0
30662862000.0
30662862000.0
30573322000.0
30627120000.0
31323090000.0
30670743000.0
