#ZVView-data-copy: 19-Nov-2018 04:18:18																																																																																																																																																																						
																																																																																																																																																																																																																																																																																																																																												
#																																																																																																																																																																						
#MT102:LB5:Symmetric Matrix																																																																																																																																																																						
Z(165x165): Zi,j = Cor(σXi,σYj)*100																																																																																																																																																																						
	X (MeV)																																																																																																																																																																					
Y(MeV)	5.00E-11	1.00E-10	5.00E-10	1.00E-09	5.00E-09	1.00E-08	1.50E-08	2.00E-08	2.51E-08	2.55E-08	3.00E-08	4.00E-08	5.00E-08	6.00E-08	7.00E-08	8.00E-08	9.00E-08	1.00E-07	1.50E-07	2.00E-07	2.50E-07	3.00E-07	4.00E-07	5.00E-07	6.00E-07	7.00E-07	8.00E-07	9.00E-07	1.00E-06	1.50E-06	2.00E-06	2.50E-06	3.00E-06	3.50E-06	4.10E-06	4.70E-06	5.10E-06	6.00E-06	7.00E-06	8.00E-06	9.00E-06	1.00E-05	1.45E-05	2.10E-05	3.10E-05	4.50E-05	5.15E-05	5.85E-05	6.70E-05	7.65E-05	8.75E-05	0.0001	0.0001275	0.00016	0.00018	0.0002	0.000235	0.000265	0.000315	0.0004	0.000525	0.00072	0.001	0.0012	0.0014	0.002	0.0029	0.003	0.0036	0.004	0.0048	0.006	0.007	0.008	0.009	0.01225	0.0175	0.022	0.027	0.0375	0.05	0.06	0.07	0.08	0.09	0.0975	0.11	0.135	0.16	0.175	0.185	0.195	0.205	0.215	0.225	0.2325	0.2375	0.2425	0.2475	0.255	0.265	0.275	0.29	0.3125	0.3375	0.3625	0.3875	0.4125	0.4375	0.4625	0.4875	0.51	0.53	0.555	0.585	0.625	0.675	0.725	0.775	0.825	0.875	0.92	0.95	0.97	0.99	1.05	1.175	1.325	1.5	1.7	1.9	2.1	2.3	2.5	2.7	2.9	3.3	3.8	4.4	5	5.8	6.7	7.6	8.7	10	11	12	13	14	15	16	17	18	19	20	22	24	26	28	30	34	40	42	50	60	j
5.00E-11	100	49.28	30.36	30.1	18.99	6.22	0.528	2.738	12.8	16.52	16.71	18.67	20.95	23.16	25.21	27.09	28.76	32.43	35.08	35.32	34.97	34.6	34.55	34.83	35.09	35.17	35.02	34.71	33.83	33.66	35.78	38.98	42.11	44.57	43.42	32.95	44.34	45.93	45.18	44.1	42.45	36.04	19.39	12.32	20.19	0	0	0	0	0	0	0	0	0	0	0	0	0	0	0	0	0	0	0	0	0	0	0	0	0	0	0	0	0	0	0	0	0	0	0	0	0	0	0	0	0	0	0	0	0	0	0	0	0	0	0	0	0	0	0	0	0	0	0	0	0	0	0	0	0	0	0	0	0	0	0	0	0	0	0	0	0	0	0	0	0	0	0	0	0	0	0	0	0	0	0	0	0	0	0	0	0	0	0	0	0	0	0	0	0	0	0	0	0	0	0	0	0	0	0	0	0	0	0	0	1
1.00E-10	49.28	100	74.01	17.63	-1.595	-2.379	-0.9313	4.458	12.51	12.44	9.274	9.422	10.7	12.34	14.13	15.96	17.77	22.49	27.77	30.35	31.64	32.7	33.51	33.91	33.89	33.48	32.76	31.86	29.48	27.75	29.08	31.96	35.18	38.16	38.37	29.5	39.4	41.82	41.56	40.66	39	32.37	16.48	11.09	18	0	0	0	0	0	0	0	0	0	0	0	0	0	0	0	0	0	0	0	0	0	0	0	0	0	0	0	0	0	0	0	0	0	0	0	0	0	0	0	0	0	0	0	0	0	0	0	0	0	0	0	0	0	0	0	0	0	0	0	0	0	0	0	0	0	0	0	0	0	0	0	0	0	0	0	0	0	0	0	0	0	0	0	0	0	0	0	0	0	0	0	0	0	0	0	0	0	0	0	0	0	0	0	0	0	0	0	0	0	0	0	0	0	0	0	0	0	0	0	0	2
5.00E-10	30.36	74.01	100	72.32	32.3	4.695	-6.736	-4.74	14.19	26.25	30.51	33.67	36.52	38.96	41.03	42.75	44.13	46.33	45.72	43.2	40.92	38.96	38.04	38.3	38.99	39.71	40.28	40.67	41.53	43.19	46.4	50.19	53.43	55.45	52.63	39.54	53.48	54.21	52.84	51.48	49.72	43.1	24.3	14.7	24.31	0	0	0	0	0	0	0	0	0	0	0	0	0	0	0	0	0	0	0	0	0	0	0	0	0	0	0	0	0	0	0	0	0	0	0	0	0	0	0	0	0	0	0	0	0	0	0	0	0	0	0	0	0	0	0	0	0	0	0	0	0	0	0	0	0	0	0	0	0	0	0	0	0	0	0	0	0	0	0	0	0	0	0	0	0	0	0	0	0	0	0	0	0	0	0	0	0	0	0	0	0	0	0	0	0	0	0	0	0	0	0	0	0	0	0	0	0	0	0	0	3
1.00E-09	30.1	17.63	72.32	100	75.56	38.05	18.32	11.66	13.47	13.83	16.16	21.21	25.56	29.16	32.17	34.7	36.8	40.73	42.4	41.28	39.8	38.36	37.58	37.64	37.97	38.25	38.39	38.37	38.29	39.04	41.77	45.33	48.58	50.85	48.79	36.71	49.67	50.83	49.72	48.46	46.71	40.08	22.13	13.69	22.55	0	0	0	0	0	0	0	0	0	0	0	0	0	0	0	0	0	0	0	0	0	0	0	0	0	0	0	0	0	0	0	0	0	0	0	0	0	0	0	0	0	0	0	0	0	0	0	0	0	0	0	0	0	0	0	0	0	0	0	0	0	0	0	0	0	0	0	0	0	0	0	0	0	0	0	0	0	0	0	0	0	0	0	0	0	0	0	0	0	0	0	0	0	0	0	0	0	0	0	0	0	0	0	0	0	0	0	0	0	0	0	0	0	0	0	0	0	0	0	0	4
5.00E-09	18.99	-1.595	32.3	75.56	100	88.54	75.88	60.85	14.18	-29.25	-45.23	-42.26	-37.72	-33.13	-28.56	-24.01	-19.49	-7.012	10.22	21.19	27.78	32.95	35.82	36.01	34.59	32.17	29.22	26.11	18.37	11.31	10.22	12.42	16.29	21.24	25.78	20.87	27.27	32.56	33.79	33.31	31.41	23.38	8.488	8.101	12.5	0	0	0	0	0	0	0	0	0	0	0	0	0	0	0	0	0	0	0	0	0	0	0	0	0	0	0	0	0	0	0	0	0	0	0	0	0	0	0	0	0	0	0	0	0	0	0	0	0	0	0	0	0	0	0	0	0	0	0	0	0	0	0	0	0	0	0	0	0	0	0	0	0	0	0	0	0	0	0	0	0	0	0	0	0	0	0	0	0	0	0	0	0	0	0	0	0	0	0	0	0	0	0	0	0	0	0	0	0	0	0	0	0	0	0	0	0	0	0	0	5
1.00E-08	6.22	-2.379	4.695	38.05	88.54	100	97.08	82.66	16.34	-48.08	-75.33	-75.45	-72.31	-68.39	-64.02	-59.27	-54.24	-38.95	-15.04	1.839	12.61	21.36	26.34	26.83	24.76	21.24	17.01	12.64	1.669	-8.939	-12.31	-11.51	-8.112	-2.521	5.303	6.22	6.872	13.7	16.19	16.34	14.78	7.633	-2.078	2.763	3.338	0	0	0	0	0	0	0	0	0	0	0	0	0	0	0	0	0	0	0	0	0	0	0	0	0	0	0	0	0	0	0	0	0	0	0	0	0	0	0	0	0	0	0	0	0	0	0	0	0	0	0	0	0	0	0	0	0	0	0	0	0	0	0	0	0	0	0	0	0	0	0	0	0	0	0	0	0	0	0	0	0	0	0	0	0	0	0	0	0	0	0	0	0	0	0	0	0	0	0	0	0	0	0	0	0	0	0	0	0	0	0	0	0	0	0	0	0	0	0	0	6
1.50E-08	0.528	-0.9313	-6.736	18.32	75.88	97.08	100	90.77	25.34	-45.18	-79.11	-81.8	-80.01	-77.01	-73.29	-69.04	-64.36	-49.46	-25.02	-7.156	4.474	14.07	19.68	20.43	18.46	14.95	10.72	6.325	-4.766	-15.72	-19.69	-19.56	-16.72	-11.47	-3.174	-0.02348	-1.722	5.001	7.754	8.153	6.899	0.8408	-5.883	0.4508	-0.5284	0	0	0	0	0	0	0	0	0	0	0	0	0	0	0	0	0	0	0	0	0	0	0	0	0	0	0	0	0	0	0	0	0	0	0	0	0	0	0	0	0	0	0	0	0	0	0	0	0	0	0	0	0	0	0	0	0	0	0	0	0	0	0	0	0	0	0	0	0	0	0	0	0	0	0	0	0	0	0	0	0	0	0	0	0	0	0	0	0	0	0	0	0	0	0	0	0	0	0	0	0	0	0	0	0	0	0	0	0	0	0	0	0	0	0	0	0	0	0	0	7
2.00E-08	2.738	4.458	-4.74	11.66	60.85	82.66	90.77	100	61.6	-7.336	-52.91	-60.22	-60.53	-58.96	-56.46	-53.33	-49.75	-37.97	-18.33	-3.845	5.66	13.62	18.45	19.35	18.02	15.39	12.13	8.681	-0.1353	-8.9	-11.98	-11.71	-9.304	-5.054	1.282	2.832	2.492	7.876	9.973	10.21	9.103	3.852	-2.802	1.506	1.301	0	0	0	0	0	0	0	0	0	0	0	0	0	0	0	0	0	0	0	0	0	0	0	0	0	0	0	0	0	0	0	0	0	0	0	0	0	0	0	0	0	0	0	0	0	0	0	0	0	0	0	0	0	0	0	0	0	0	0	0	0	0	0	0	0	0	0	0	0	0	0	0	0	0	0	0	0	0	0	0	0	0	0	0	0	0	0	0	0	0	0	0	0	0	0	0	0	0	0	0	0	0	0	0	0	0	0	0	0	0	0	0	0	0	0	0	0	0	0	0	8
2.51E-08	12.8	12.51	14.19	13.47	14.18	16.34	25.34	61.6	100	72.43	31.51	20.93	18.03	17	16.68	16.66	16.77	17.25	17.32	16.93	16.55	16.32	16.39	16.7	17.01	17.23	17.32	17.3	17.09	17.05	17.89	19.13	20.28	21.04	20	14.83	20.31	20.72	20.22	19.7	18.99	16.36	9.216	5.752	9.059	0	0	0	0	0	0	0	0	0	0	0	0	0	0	0	0	0	0	0	0	0	0	0	0	0	0	0	0	0	0	0	0	0	0	0	0	0	0	0	0	0	0	0	0	0	0	0	0	0	0	0	0	0	0	0	0	0	0	0	0	0	0	0	0	0	0	0	0	0	0	0	0	0	0	0	0	0	0	0	0	0	0	0	0	0	0	0	0	0	0	0	0	0	0	0	0	0	0	0	0	0	0	0	0	0	0	0	0	0	0	0	0	0	0	0	0	0	0	0	0	9
2.55E-08	16.52	12.44	26.25	13.83	-29.25	-48.08	-45.18	-7.336	72.43	100	87.17	80.64	77.72	75.5	73.32	70.94	68.29	59.38	42.98	29.99	21.18	13.79	9.444	8.811	10.13	12.43	15.11	17.83	24.66	31.81	35.64	37.32	37.11	34.82	28.19	19.26	27.65	23.88	21.43	20.45	20.29	20.67	15.62	7.114	12.16	0	0	0	0	0	0	0	0	0	0	0	0	0	0	0	0	0	0	0	0	0	0	0	0	0	0	0	0	0	0	0	0	0	0	0	0	0	0	0	0	0	0	0	0	0	0	0	0	0	0	0	0	0	0	0	0	0	0	0	0	0	0	0	0	0	0	0	0	0	0	0	0	0	0	0	0	0	0	0	0	0	0	0	0	0	0	0	0	0	0	0	0	0	0	0	0	0	0	0	0	0	0	0	0	0	0	0	0	0	0	0	0	0	0	0	0	0	0	0	0	10
3.00E-08	16.71	9.274	30.51	16.16	-45.23	-75.33	-79.11	-52.91	31.51	87.17	100	98.88	97.46	95.64	93.33	90.49	87.15	75.36	53.37	35.82	23.82	13.56	7.191	5.785	7.043	9.709	13	16.42	25.24	34.55	39.31	41.13	40.53	37.36	29.2	19.39	28.37	23.37	20.36	19.24	19.25	20.6	16.65	7.025	12.39	0	0	0	0	0	0	0	0	0	0	0	0	0	0	0	0	0	0	0	0	0	0	0	0	0	0	0	0	0	0	0	0	0	0	0	0	0	0	0	0	0	0	0	0	0	0	0	0	0	0	0	0	0	0	0	0	0	0	0	0	0	0	0	0	0	0	0	0	0	0	0	0	0	0	0	0	0	0	0	0	0	0	0	0	0	0	0	0	0	0	0	0	0	0	0	0	0	0	0	0	0	0	0	0	0	0	0	0	0	0	0	0	0	0	0	0	0	0	0	0	11
4.00E-08	18.67	9.422	33.67	21.21	-42.26	-75.45	-81.8	-60.22	20.93	80.64	98.88	100	99.53	98.48	96.79	94.5	91.64	80.88	59.71	42.28	30.15	19.56	12.69	10.77	11.5	13.63	16.4	19.34	27.13	35.61	40.31	42.45	42.34	39.77	32.12	21.52	31.43	27.04	24.13	22.9	22.64	23.02	17.4	7.86	13.71	0	0	0	0	0	0	0	0	0	0	0	0	0	0	0	0	0	0	0	0	0	0	0	0	0	0	0	0	0	0	0	0	0	0	0	0	0	0	0	0	0	0	0	0	0	0	0	0	0	0	0	0	0	0	0	0	0	0	0	0	0	0	0	0	0	0	0	0	0	0	0	0	0	0	0	0	0	0	0	0	0	0	0	0	0	0	0	0	0	0	0	0	0	0	0	0	0	0	0	0	0	0	0	0	0	0	0	0	0	0	0	0	0	0	0	0	0	0	0	0	12
5.00E-08	20.95	10.7	36.52	25.56	-37.72	-72.31	-80.01	-60.53	18.03	77.72	97.46	99.53	100	99.6	98.58	96.93	94.66	85.38	65.82	49.1	37.21	26.62	19.46	17.08	17.23	18.72	20.83	23.14	29.5	36.76	41.26	43.73	44.21	42.43	35.51	24.08	35.01	31.46	28.72	27.39	26.81	25.93	18.25	8.881	15.26	0	0	0	0	0	0	0	0	0	0	0	0	0	0	0	0	0	0	0	0	0	0	0	0	0	0	0	0	0	0	0	0	0	0	0	0	0	0	0	0	0	0	0	0	0	0	0	0	0	0	0	0	0	0	0	0	0	0	0	0	0	0	0	0	0	0	0	0	0	0	0	0	0	0	0	0	0	0	0	0	0	0	0	0	0	0	0	0	0	0	0	0	0	0	0	0	0	0	0	0	0	0	0	0	0	0	0	0	0	0	0	0	0	0	0	0	0	0	0	0	13
6.00E-08	23.16	12.34	38.96	29.16	-33.13	-68.39	-77.01	-58.96	17	75.5	95.64	98.48	99.6	100	99.61	98.61	96.97	89.31	71.62	55.81	44.31	33.83	26.47	23.65	23.21	24.02	25.43	27.07	31.87	37.76	41.99	44.77	45.86	44.88	38.77	26.56	38.48	35.82	33.28	31.85	30.95	28.79	19	9.882	16.77	0	0	0	0	0	0	0	0	0	0	0	0	0	0	0	0	0	0	0	0	0	0	0	0	0	0	0	0	0	0	0	0	0	0	0	0	0	0	0	0	0	0	0	0	0	0	0	0	0	0	0	0	0	0	0	0	0	0	0	0	0	0	0	0	0	0	0	0	0	0	0	0	0	0	0	0	0	0	0	0	0	0	0	0	0	0	0	0	0	0	0	0	0	0	0	0	0	0	0	0	0	0	0	0	0	0	0	0	0	0	0	0	0	0	0	0	0	0	0	0	14
7.00E-08	25.21	14.13	41.03	32.17	-28.56	-64.02	-73.29	-56.46	16.68	73.32	93.33	96.79	98.58	99.61	100	99.61	98.63	92.67	77.01	62.26	51.25	40.99	33.49	30.25	29.22	29.35	30.04	30.98	34.15	38.59	42.49	45.54	47.22	47.06	41.8	28.89	41.72	39.97	37.65	36.15	34.92	31.49	19.64	10.83	18.18	0	0	0	0	0	0	0	0	0	0	0	0	0	0	0	0	0	0	0	0	0	0	0	0	0	0	0	0	0	0	0	0	0	0	0	0	0	0	0	0	0	0	0	0	0	0	0	0	0	0	0	0	0	0	0	0	0	0	0	0	0	0	0	0	0	0	0	0	0	0	0	0	0	0	0	0	0	0	0	0	0	0	0	0	0	0	0	0	0	0	0	0	0	0	0	0	0	0	0	0	0	0	0	0	0	0	0	0	0	0	0	0	0	0	0	0	0	0	0	0	15
8.00E-08	27.09	15.96	42.75	34.7	-24.01	-59.27	-69.04	-53.33	16.66	70.94	90.49	94.5	96.93	98.61	99.61	100	99.61	95.4	81.91	68.34	57.9	47.94	40.37	36.75	35.15	34.59	34.56	34.79	36.3	39.24	42.77	46.06	48.31	48.94	44.55	31.03	44.68	43.85	41.77	40.19	38.66	33.99	20.17	11.7	19.46	0	0	0	0	0	0	0	0	0	0	0	0	0	0	0	0	0	0	0	0	0	0	0	0	0	0	0	0	0	0	0	0	0	0	0	0	0	0	0	0	0	0	0	0	0	0	0	0	0	0	0	0	0	0	0	0	0	0	0	0	0	0	0	0	0	0	0	0	0	0	0	0	0	0	0	0	0	0	0	0	0	0	0	0	0	0	0	0	0	0	0	0	0	0	0	0	0	0	0	0	0	0	0	0	0	0	0	0	0	0	0	0	0	0	0	0	0	0	0	0	16
9.00E-08	28.76	17.77	44.13	36.8	-19.49	-54.24	-64.36	-49.75	16.77	68.29	87.15	91.64	94.66	96.97	98.63	99.61	100	97.49	86.24	73.93	64.15	54.56	46.98	43.02	40.88	39.66	38.93	38.46	38.31	39.72	42.85	46.34	49.11	50.51	46.99	32.96	47.31	47.39	45.55	43.92	42.1	36.25	20.59	12.49	20.61	0	0	0	0	0	0	0	0	0	0	0	0	0	0	0	0	0	0	0	0	0	0	0	0	0	0	0	0	0	0	0	0	0	0	0	0	0	0	0	0	0	0	0	0	0	0	0	0	0	0	0	0	0	0	0	0	0	0	0	0	0	0	0	0	0	0	0	0	0	0	0	0	0	0	0	0	0	0	0	0	0	0	0	0	0	0	0	0	0	0	0	0	0	0	0	0	0	0	0	0	0	0	0	0	0	0	0	0	0	0	0	0	0	0	0	0	0	0	0	0	17
1.00E-07	32.43	22.49	46.33	40.73	-7.012	-38.95	-49.46	-37.97	17.25	59.38	75.36	80.88	85.38	89.31	92.67	95.4	97.49	100	95.21	86.81	79.2	71.05	63.83	59.18	55.71	52.8	50.2	47.88	43.26	40.42	42.26	46.05	50.04	53.36	52.15	37.2	53	55.41	54.28	52.57	50.07	41.32	21.21	14.23	23.12	0	0	0	0	0	0	0	0	0	0	0	0	0	0	0	0	0	0	0	0	0	0	0	0	0	0	0	0	0	0	0	0	0	0	0	0	0	0	0	0	0	0	0	0	0	0	0	0	0	0	0	0	0	0	0	0	0	0	0	0	0	0	0	0	0	0	0	0	0	0	0	0	0	0	0	0	0	0	0	0	0	0	0	0	0	0	0	0	0	0	0	0	0	0	0	0	0	0	0	0	0	0	0	0	0	0	0	0	0	0	0	0	0	0	0	0	0	0	0	0	18
1.50E-07	35.08	27.77	45.72	42.4	10.22	-15.04	-25.02	-18.33	17.32	42.98	53.37	59.71	65.82	71.62	77.01	81.91	86.24	95.21	100	97.7	93.81	88.49	82.62	77.66	72.91	68.1	63.32	58.76	48.49	39.99	39.71	43.38	48.44	53.76	55.39	40.34	56.85	61.98	61.84	60.19	57.06	45.34	20.86	15.55	24.9	0	0	0	0	0	0	0	0	0	0	0	0	0	0	0	0	0	0	0	0	0	0	0	0	0	0	0	0	0	0	0	0	0	0	0	0	0	0	0	0	0	0	0	0	0	0	0	0	0	0	0	0	0	0	0	0	0	0	0	0	0	0	0	0	0	0	0	0	0	0	0	0	0	0	0	0	0	0	0	0	0	0	0	0	0	0	0	0	0	0	0	0	0	0	0	0	0	0	0	0	0	0	0	0	0	0	0	0	0	0	0	0	0	0	0	0	0	0	0	0	19
2.00E-07	35.32	30.35	43.2	41.28	21.19	1.839	-7.156	-3.845	16.93	29.99	35.82	42.28	49.1	55.81	62.26	68.34	73.93	86.81	97.7	100	98.9	96.03	91.73	87.18	82.13	76.57	70.79	65.12	51.82	39.93	38.04	41.13	46.28	52.23	55.12	40.74	56.85	63.16	63.58	62.1	58.84	46.13	20.19	15.71	25.03	0	0	0	0	0	0	0	0	0	0	0	0	0	0	0	0	0	0	0	0	0	0	0	0	0	0	0	0	0	0	0	0	0	0	0	0	0	0	0	0	0	0	0	0	0	0	0	0	0	0	0	0	0	0	0	0	0	0	0	0	0	0	0	0	0	0	0	0	0	0	0	0	0	0	0	0	0	0	0	0	0	0	0	0	0	0	0	0	0	0	0	0	0	0	0	0	0	0	0	0	0	0	0	0	0	0	0	0	0	0	0	0	0	0	0	0	0	0	0	0	20
2.50E-07	34.97	31.64	40.92	39.8	27.78	12.61	4.474	5.66	16.55	21.18	23.82	30.15	37.21	44.31	51.25	57.9	64.15	79.2	93.81	98.9	100	98.9	96.05	92.2	87.37	81.74	75.67	69.59	54.9	41.15	38.1	40.49	45.25	51.04	54.12	40.43	55.93	62.46	63.14	61.83	58.67	45.97	19.9	15.54	24.78	0	0	0	0	0	0	0	0	0	0	0	0	0	0	0	0	0	0	0	0	0	0	0	0	0	0	0	0	0	0	0	0	0	0	0	0	0	0	0	0	0	0	0	0	0	0	0	0	0	0	0	0	0	0	0	0	0	0	0	0	0	0	0	0	0	0	0	0	0	0	0	0	0	0	0	0	0	0	0	0	0	0	0	0	0	0	0	0	0	0	0	0	0	0	0	0	0	0	0	0	0	0	0	0	0	0	0	0	0	0	0	0	0	0	0	0	0	0	0	0	21
3.00E-07	34.6	32.7	38.96	38.36	32.95	21.36	14.07	13.62	16.32	13.79	13.56	19.56	26.62	33.83	40.99	47.94	54.56	71.05	88.49	96.03	98.9	100	98.84	96.21	92.21	87.09	81.28	75.28	60.17	45.22	41	42.33	46.11	50.94	53.18	40.1	54.91	60.86	61.52	60.41	57.58	45.73	20.35	15.28	24.54	0	0	0	0	0	0	0	0	0	0	0	0	0	0	0	0	0	0	0	0	0	0	0	0	0	0	0	0	0	0	0	0	0	0	0	0	0	0	0	0	0	0	0	0	0	0	0	0	0	0	0	0	0	0	0	0	0	0	0	0	0	0	0	0	0	0	0	0	0	0	0	0	0	0	0	0	0	0	0	0	0	0	0	0	0	0	0	0	0	0	0	0	0	0	0	0	0	0	0	0	0	0	0	0	0	0	0	0	0	0	0	0	0	0	0	0	0	0	0	0	22
4.00E-07	34.55	33.51	38.04	37.58	35.82	26.34	19.68	18.45	16.39	9.444	7.191	12.69	19.46	26.47	33.49	40.37	46.98	63.83	82.62	91.73	96.05	98.84	100	98.97	96.44	92.52	87.65	82.32	68.08	52.91	47.69	47.65	49.86	52.84	52.95	40.14	54.41	58.8	59.09	58.17	55.87	45.75	21.86	15.09	24.56	0	0	0	0	0	0	0	0	0	0	0	0	0	0	0	0	0	0	0	0	0	0	0	0	0	0	0	0	0	0	0	0	0	0	0	0	0	0	0	0	0	0	0	0	0	0	0	0	0	0	0	0	0	0	0	0	0	0	0	0	0	0	0	0	0	0	0	0	0	0	0	0	0	0	0	0	0	0	0	0	0	0	0	0	0	0	0	0	0	0	0	0	0	0	0	0	0	0	0	0	0	0	0	0	0	0	0	0	0	0	0	0	0	0	0	0	0	0	0	0	23
5.00E-07	34.83	33.91	38.3	37.64	36.01	26.83	20.43	19.35	16.7	8.811	5.785	10.77	17.08	23.65	30.25	36.75	43.02	59.18	77.66	87.18	92.2	96.21	98.97	100	98.97	96.55	92.96	88.68	76.23	61.8	56	54.71	55.26	56.1	53.5	40.49	54.6	56.98	56.66	55.83	54.09	45.95	23.89	15.02	24.83	0	0	0	0	0	0	0	0	0	0	0	0	0	0	0	0	0	0	0	0	0	0	0	0	0	0	0	0	0	0	0	0	0	0	0	0	0	0	0	0	0	0	0	0	0	0	0	0	0	0	0	0	0	0	0	0	0	0	0	0	0	0	0	0	0	0	0	0	0	0	0	0	0	0	0	0	0	0	0	0	0	0	0	0	0	0	0	0	0	0	0	0	0	0	0	0	0	0	0	0	0	0	0	0	0	0	0	0	0	0	0	0	0	0	0	0	0	0	0	0	24
6.00E-07	35.09	33.89	38.99	37.97	34.59	24.76	18.46	18.02	17.01	10.13	7.043	11.5	17.23	23.21	29.22	35.15	40.88	55.71	72.91	82.13	87.37	92.21	96.44	98.97	100	99.01	96.86	93.8	83.64	70.57	64.51	62.13	61.07	59.74	54.25	40.76	54.93	55.14	54.09	53.28	52.06	45.97	25.93	14.96	25.08	0	0	0	0	0	0	0	0	0	0	0	0	0	0	0	0	0	0	0	0	0	0	0	0	0	0	0	0	0	0	0	0	0	0	0	0	0	0	0	0	0	0	0	0	0	0	0	0	0	0	0	0	0	0	0	0	0	0	0	0	0	0	0	0	0	0	0	0	0	0	0	0	0	0	0	0	0	0	0	0	0	0	0	0	0	0	0	0	0	0	0	0	0	0	0	0	0	0	0	0	0	0	0	0	0	0	0	0	0	0	0	0	0	0	0	0	0	0	0	0	25
7.00E-07	35.17	33.48	39.71	38.25	32.17	21.24	14.95	15.39	17.23	12.43	9.709	13.63	18.72	24.02	29.35	34.59	39.66	52.8	68.1	76.57	81.74	87.09	92.52	96.55	99.01	100	99.1	97.31	89.69	78.35	72.3	69.04	66.51	63.14	54.88	40.77	55.12	53.2	51.39	50.54	49.76	45.61	27.67	14.85	25.18	0	0	0	0	0	0	0	0	0	0	0	0	0	0	0	0	0	0	0	0	0	0	0	0	0	0	0	0	0	0	0	0	0	0	0	0	0	0	0	0	0	0	0	0	0	0	0	0	0	0	0	0	0	0	0	0	0	0	0	0	0	0	0	0	0	0	0	0	0	0	0	0	0	0	0	0	0	0	0	0	0	0	0	0	0	0	0	0	0	0	0	0	0	0	0	0	0	0	0	0	0	0	0	0	0	0	0	0	0	0	0	0	0	0	0	0	0	0	0	0	26
8.00E-07	35.02	32.76	40.28	38.39	29.22	17.01	10.72	12.13	17.32	15.11	13	16.4	20.83	25.43	30.04	34.56	38.93	50.2	63.32	70.79	75.67	81.28	87.65	92.96	96.86	99.1	100	99.22	94.13	84.7	78.87	74.95	71.19	66.04	55.29	40.48	55.1	51.25	48.69	47.74	47.33	44.88	29.01	14.68	25.12	0	0	0	0	0	0	0	0	0	0	0	0	0	0	0	0	0	0	0	0	0	0	0	0	0	0	0	0	0	0	0	0	0	0	0	0	0	0	0	0	0	0	0	0	0	0	0	0	0	0	0	0	0	0	0	0	0	0	0	0	0	0	0	0	0	0	0	0	0	0	0	0	0	0	0	0	0	0	0	0	0	0	0	0	0	0	0	0	0	0	0	0	0	0	0	0	0	0	0	0	0	0	0	0	0	0	0	0	0	0	0	0	0	0	0	0	0	0	0	0	27
9.00E-07	34.71	31.86	40.67	38.37	26.11	12.64	6.325	8.681	17.3	17.83	16.42	19.34	23.14	27.07	30.98	34.79	38.46	47.88	58.76	65.12	69.59	75.28	82.32	88.68	93.8	97.31	99.22	100	97.08	89.56	84.12	79.75	75.01	68.38	55.52	39.98	54.94	49.41	46.16	45.09	44.94	43.91	29.92	14.47	24.92	0	0	0	0	0	0	0	0	0	0	0	0	0	0	0	0	0	0	0	0	0	0	0	0	0	0	0	0	0	0	0	0	0	0	0	0	0	0	0	0	0	0	0	0	0	0	0	0	0	0	0	0	0	0	0	0	0	0	0	0	0	0	0	0	0	0	0	0	0	0	0	0	0	0	0	0	0	0	0	0	0	0	0	0	0	0	0	0	0	0	0	0	0	0	0	0	0	0	0	0	0	0	0	0	0	0	0	0	0	0	0	0	0	0	0	0	0	0	0	0	28
1.00E-06	33.83	29.48	41.53	38.29	18.37	1.669	-4.766	-0.1353	17.09	24.66	25.24	27.13	29.5	31.87	34.15	36.3	38.31	43.26	48.49	51.82	54.9	60.17	68.08	76.23	83.64	89.69	94.13	97.08	100	97.16	93.28	88.66	82.5	73.37	56.5	38.41	54.98	46.3	41.46	39.82	39.87	41.06	30.87	14.09	24.3	0	0	0	0	0	0	0	0	0	0	0	0	0	0	0	0	0	0	0	0	0	0	0	0	0	0	0	0	0	0	0	0	0	0	0	0	0	0	0	0	0	0	0	0	0	0	0	0	0	0	0	0	0	0	0	0	0	0	0	0	0	0	0	0	0	0	0	0	0	0	0	0	0	0	0	0	0	0	0	0	0	0	0	0	0	0	0	0	0	0	0	0	0	0	0	0	0	0	0	0	0	0	0	0	0	0	0	0	0	0	0	0	0	0	0	0	0	0	0	0	29
1.50E-06	33.66	27.75	43.19	39.04	11.31	-8.939	-15.72	-8.9	17.05	31.81	34.55	35.61	36.76	37.76	38.59	39.24	39.72	40.42	39.99	39.93	41.15	45.22	52.91	61.8	70.57	78.35	84.7	89.56	97.16	100	98.65	95.24	89.25	79.38	60.15	37.22	57.56	47.18	40.75	38.01	37.39	38.51	30.34	14.3	24.1	0	0	0	0	0	0	0	0	0	0	0	0	0	0	0	0	0	0	0	0	0	0	0	0	0	0	0	0	0	0	0	0	0	0	0	0	0	0	0	0	0	0	0	0	0	0	0	0	0	0	0	0	0	0	0	0	0	0	0	0	0	0	0	0	0	0	0	0	0	0	0	0	0	0	0	0	0	0	0	0	0	0	0	0	0	0	0	0	0	0	0	0	0	0	0	0	0	0	0	0	0	0	0	0	0	0	0	0	0	0	0	0	0	0	0	0	0	0	0	0	30
2.00E-06	35.78	29.08	46.4	41.77	10.22	-12.31	-19.69	-11.98	17.89	35.64	39.31	40.31	41.26	41.99	42.49	42.77	42.85	42.26	39.71	38.04	38.1	41	47.69	56	64.51	72.3	78.87	84.12	93.28	98.65	100	98.63	94.48	86.15	67.36	38.67	63.91	54.43	47.18	43.3	41.37	39.71	29.61	15.64	25.48	0	0	0	0	0	0	0	0	0	0	0	0	0	0	0	0	0	0	0	0	0	0	0	0	0	0	0	0	0	0	0	0	0	0	0	0	0	0	0	0	0	0	0	0	0	0	0	0	0	0	0	0	0	0	0	0	0	0	0	0	0	0	0	0	0	0	0	0	0	0	0	0	0	0	0	0	0	0	0	0	0	0	0	0	0	0	0	0	0	0	0	0	0	0	0	0	0	0	0	0	0	0	0	0	0	0	0	0	0	0	0	0	0	0	0	0	0	0	0	0	31
2.50E-06	38.98	31.96	50.19	45.33	12.42	-11.51	-19.56	-11.71	19.13	37.32	41.13	42.45	43.73	44.77	45.54	46.06	46.34	46.05	43.38	41.13	40.49	42.33	47.65	54.71	62.13	69.04	74.95	79.75	88.66	95.24	98.63	100	98.43	92.85	76.19	41.44	71.68	64.66	57.18	52.29	48.85	43.19	28.99	17.42	27.63	0	0	0	0	0	0	0	0	0	0	0	0	0	0	0	0	0	0	0	0	0	0	0	0	0	0	0	0	0	0	0	0	0	0	0	0	0	0	0	0	0	0	0	0	0	0	0	0	0	0	0	0	0	0	0	0	0	0	0	0	0	0	0	0	0	0	0	0	0	0	0	0	0	0	0	0	0	0	0	0	0	0	0	0	0	0	0	0	0	0	0	0	0	0	0	0	0	0	0	0	0	0	0	0	0	0	0	0	0	0	0	0	0	0	0	0	0	0	0	0	32
3.00E-06	42.11	35.18	53.43	48.58	16.29	-8.112	-16.72	-9.304	20.28	37.11	40.53	42.34	44.21	45.86	47.22	48.31	49.11	50.04	48.44	46.28	45.25	46.11	49.86	55.26	61.07	66.51	71.19	75.01	82.5	89.25	94.48	98.43	100	97.83	84.7	44.38	78.54	75.19	68.07	62.49	57.67	47.68	28.32	19.07	29.78	0	0	0	0	0	0	0	0	0	0	0	0	0	0	0	0	0	0	0	0	0	0	0	0	0	0	0	0	0	0	0	0	0	0	0	0	0	0	0	0	0	0	0	0	0	0	0	0	0	0	0	0	0	0	0	0	0	0	0	0	0	0	0	0	0	0	0	0	0	0	0	0	0	0	0	0	0	0	0	0	0	0	0	0	0	0	0	0	0	0	0	0	0	0	0	0	0	0	0	0	0	0	0	0	0	0	0	0	0	0	0	0	0	0	0	0	0	0	0	0	33
3.50E-06	44.57	38.16	55.45	50.85	21.24	-2.521	-11.47	-5.054	21.04	34.82	37.36	39.77	42.43	44.88	47.06	48.94	50.51	53.36	53.76	52.23	51.04	50.94	52.84	56.1	59.74	63.14	66.04	68.38	73.37	79.38	86.15	92.85	97.83	100	92.64	47.18	82.47	84.65	78.77	73.02	67.11	52.81	27.44	20.24	31.52	0	0	0	0	0	0	0	0	0	0	0	0	0	0	0	0	0	0	0	0	0	0	0	0	0	0	0	0	0	0	0	0	0	0	0	0	0	0	0	0	0	0	0	0	0	0	0	0	0	0	0	0	0	0	0	0	0	0	0	0	0	0	0	0	0	0	0	0	0	0	0	0	0	0	0	0	0	0	0	0	0	0	0	0	0	0	0	0	0	0	0	0	0	0	0	0	0	0	0	0	0	0	0	0	0	0	0	0	0	0	0	0	0	0	0	0	0	0	0	0	34
4.10E-06	43.42	38.37	52.63	48.79	25.78	5.303	-3.174	1.282	20	28.19	29.2	32.12	35.51	38.77	41.8	44.55	46.99	52.15	55.39	55.12	54.12	53.18	52.95	53.5	54.25	54.88	55.29	55.52	56.5	60.15	67.36	76.19	84.7	92.64	100	54.76	69.75	83.24	81.21	77.22	71.82	55.77	25.84	19.37	30.83	0	0	0	0	0	0	0	0	0	0	0	0	0	0	0	0	0	0	0	0	0	0	0	0	0	0	0	0	0	0	0	0	0	0	0	0	0	0	0	0	0	0	0	0	0	0	0	0	0	0	0	0	0	0	0	0	0	0	0	0	0	0	0	0	0	0	0	0	0	0	0	0	0	0	0	0	0	0	0	0	0	0	0	0	0	0	0	0	0	0	0	0	0	0	0	0	0	0	0	0	0	0	0	0	0	0	0	0	0	0	0	0	0	0	0	0	0	0	0	0	35
4.70E-06	32.95	29.5	39.54	36.71	20.87	6.22	-0.02348	2.832	14.83	19.26	19.39	21.52	24.08	26.56	28.89	31.03	32.96	37.2	40.34	40.74	40.43	40.1	40.14	40.49	40.76	40.77	40.48	39.98	38.41	37.22	38.67	41.44	44.38	47.18	54.76	100	54.86	48.85	48.39	47.98	47.03	41.64	23.81	14.2	23.54	0	0	0	0	0	0	0	0	0	0	0	0	0	0	0	0	0	0	0	0	0	0	0	0	0	0	0	0	0	0	0	0	0	0	0	0	0	0	0	0	0	0	0	0	0	0	0	0	0	0	0	0	0	0	0	0	0	0	0	0	0	0	0	0	0	0	0	0	0	0	0	0	0	0	0	0	0	0	0	0	0	0	0	0	0	0	0	0	0	0	0	0	0	0	0	0	0	0	0	0	0	0	0	0	0	0	0	0	0	0	0	0	0	0	0	0	0	0	0	0	36
5.10E-06	44.34	39.4	53.48	49.67	27.27	6.872	-1.722	2.492	20.31	27.65	28.37	31.43	35.01	38.48	41.72	44.68	47.31	53	56.85	56.85	55.93	54.91	54.41	54.6	54.93	55.12	55.1	54.94	54.98	57.56	63.91	71.68	78.54	82.47	69.75	54.86	100	92.98	87.65	82.21	75.85	58.15	26.18	19.67	31.52	0	0	0	0	0	0	0	0	0	0	0	0	0	0	0	0	0	0	0	0	0	0	0	0	0	0	0	0	0	0	0	0	0	0	0	0	0	0	0	0	0	0	0	0	0	0	0	0	0	0	0	0	0	0	0	0	0	0	0	0	0	0	0	0	0	0	0	0	0	0	0	0	0	0	0	0	0	0	0	0	0	0	0	0	0	0	0	0	0	0	0	0	0	0	0	0	0	0	0	0	0	0	0	0	0	0	0	0	0	0	0	0	0	0	0	0	0	0	0	0	37
6.00E-06	45.93	41.82	54.21	50.83	32.56	13.7	5.001	7.876	20.72	23.88	23.37	27.04	31.46	35.82	39.97	43.85	47.39	55.41	61.98	63.16	62.46	60.86	58.8	56.98	55.14	53.2	51.25	49.41	46.3	47.18	54.43	64.66	75.19	84.65	83.24	48.85	92.98	100	98.52	94.89	89.05	68.91	28.38	19.32	32.99	0	0	0	0	0	0	0	0	0	0	0	0	0	0	0	0	0	0	0	0	0	0	0	0	0	0	0	0	0	0	0	0	0	0	0	0	0	0	0	0	0	0	0	0	0	0	0	0	0	0	0	0	0	0	0	0	0	0	0	0	0	0	0	0	0	0	0	0	0	0	0	0	0	0	0	0	0	0	0	0	0	0	0	0	0	0	0	0	0	0	0	0	0	0	0	0	0	0	0	0	0	0	0	0	0	0	0	0	0	0	0	0	0	0	0	0	0	0	0	0	38
7.00E-06	45.18	41.56	52.84	49.72	33.79	16.19	7.754	9.973	20.22	21.43	20.36	24.13	28.72	33.28	37.65	41.77	45.55	54.28	61.84	63.58	63.14	61.52	59.09	56.66	54.09	51.39	48.69	46.16	41.46	40.75	47.18	57.18	68.07	78.77	81.21	48.39	87.65	98.52	100	98.1	93.89	75.29	31.34	17.78	32.81	0	0	0	0	0	0	0	0	0	0	0	0	0	0	0	0	0	0	0	0	0	0	0	0	0	0	0	0	0	0	0	0	0	0	0	0	0	0	0	0	0	0	0	0	0	0	0	0	0	0	0	0	0	0	0	0	0	0	0	0	0	0	0	0	0	0	0	0	0	0	0	0	0	0	0	0	0	0	0	0	0	0	0	0	0	0	0	0	0	0	0	0	0	0	0	0	0	0	0	0	0	0	0	0	0	0	0	0	0	0	0	0	0	0	0	0	0	0	0	0	39
8.00E-06	44.1	40.66	51.48	48.46	33.31	16.34	8.153	10.21	19.7	20.45	19.24	22.9	27.39	31.85	36.15	40.19	43.92	52.57	60.19	62.1	61.83	60.41	58.17	55.83	53.28	50.54	47.74	45.09	39.82	38.01	43.3	52.29	62.49	73.02	77.22	47.98	82.21	94.89	98.1	100	96.31	80.53	34.89	16.05	32.38	0	0	0	0	0	0	0	0	0	0	0	0	0	0	0	0	0	0	0	0	0	0	0	0	0	0	0	0	0	0	0	0	0	0	0	0	0	0	0	0	0	0	0	0	0	0	0	0	0	0	0	0	0	0	0	0	0	0	0	0	0	0	0	0	0	0	0	0	0	0	0	0	0	0	0	0	0	0	0	0	0	0	0	0	0	0	0	0	0	0	0	0	0	0	0	0	0	0	0	0	0	0	0	0	0	0	0	0	0	0	0	0	0	0	0	0	0	0	0	0	40
9.00E-06	42.45	39	49.72	46.71	31.41	14.78	6.899	9.103	18.99	20.29	19.25	22.64	26.81	30.95	34.92	38.66	42.1	50.07	57.06	58.84	58.67	57.58	55.87	54.09	52.06	49.76	47.33	44.94	39.87	37.39	41.37	48.85	57.67	67.11	71.82	47.03	75.85	89.05	93.89	96.31	100	83.89	38.22	14.15	31.47	0	0	0	0	0	0	0	0	0	0	0	0	0	0	0	0	0	0	0	0	0	0	0	0	0	0	0	0	0	0	0	0	0	0	0	0	0	0	0	0	0	0	0	0	0	0	0	0	0	0	0	0	0	0	0	0	0	0	0	0	0	0	0	0	0	0	0	0	0	0	0	0	0	0	0	0	0	0	0	0	0	0	0	0	0	0	0	0	0	0	0	0	0	0	0	0	0	0	0	0	0	0	0	0	0	0	0	0	0	0	0	0	0	0	0	0	0	0	0	0	41
1.00E-05	36.04	32.37	43.1	40.08	23.38	7.633	0.8408	3.852	16.36	20.67	20.6	23.02	25.93	28.79	31.49	33.99	36.25	41.32	45.34	46.13	45.97	45.73	45.75	45.95	45.97	45.61	44.88	43.91	41.06	38.51	39.71	43.19	47.68	52.81	55.77	41.64	58.15	68.91	75.29	80.53	83.89	100	40.97	9.746	27.04	0	0	0	0	0	0	0	0	0	0	0	0	0	0	0	0	0	0	0	0	0	0	0	0	0	0	0	0	0	0	0	0	0	0	0	0	0	0	0	0	0	0	0	0	0	0	0	0	0	0	0	0	0	0	0	0	0	0	0	0	0	0	0	0	0	0	0	0	0	0	0	0	0	0	0	0	0	0	0	0	0	0	0	0	0	0	0	0	0	0	0	0	0	0	0	0	0	0	0	0	0	0	0	0	0	0	0	0	0	0	0	0	0	0	0	0	0	0	0	0	42
1.45E-05	19.39	16.48	24.3	22.13	8.488	-2.078	-5.883	-2.802	9.216	15.62	16.65	17.4	18.25	19	19.64	20.17	20.59	21.21	20.86	20.19	19.9	20.35	21.86	23.89	25.93	27.67	29.01	29.92	30.87	30.34	29.61	28.99	28.32	27.44	25.84	23.81	26.18	28.38	31.34	34.89	38.22	40.97	100	4.374	13.79	0	0	0	0	0	0	0	0	0	0	0	0	0	0	0	0	0	0	0	0	0	0	0	0	0	0	0	0	0	0	0	0	0	0	0	0	0	0	0	0	0	0	0	0	0	0	0	0	0	0	0	0	0	0	0	0	0	0	0	0	0	0	0	0	0	0	0	0	0	0	0	0	0	0	0	0	0	0	0	0	0	0	0	0	0	0	0	0	0	0	0	0	0	0	0	0	0	0	0	0	0	0	0	0	0	0	0	0	0	0	0	0	0	0	0	0	0	0	0	0	43
2.10E-05	12.32	11.09	14.7	13.69	8.101	2.763	0.4508	1.506	5.752	7.114	7.025	7.86	8.881	9.882	10.83	11.7	12.49	14.23	15.55	15.71	15.54	15.28	15.09	15.02	14.96	14.85	14.68	14.47	14.09	14.3	15.64	17.42	19.07	20.24	19.37	14.2	19.67	19.32	17.78	16.05	14.15	9.746	4.374	100	7.213	0	0	0	0	0	0	0	0	0	0	0	0	0	0	0	0	0	0	0	0	0	0	0	0	0	0	0	0	0	0	0	0	0	0	0	0	0	0	0	0	0	0	0	0	0	0	0	0	0	0	0	0	0	0	0	0	0	0	0	0	0	0	0	0	0	0	0	0	0	0	0	0	0	0	0	0	0	0	0	0	0	0	0	0	0	0	0	0	0	0	0	0	0	0	0	0	0	0	0	0	0	0	0	0	0	0	0	0	0	0	0	0	0	0	0	0	0	0	0	0	44
3.10E-05	20.19	18	24.31	22.55	12.5	3.338	-0.5284	1.301	9.059	12.16	12.39	13.71	15.26	16.77	18.18	19.46	20.61	23.12	24.9	25.03	24.78	24.54	24.56	24.83	25.08	25.18	25.12	24.92	24.3	24.1	25.48	27.63	29.78	31.52	30.83	23.54	31.52	32.99	32.81	32.38	31.47	27.04	13.79	7.213	100	0	0	0	0	0	0	0	0	0	0	0	0	0	0	0	0	0	0	0	0	0	0	0	0	0	0	0	0	0	0	0	0	0	0	0	0	0	0	0	0	0	0	0	0	0	0	0	0	0	0	0	0	0	0	0	0	0	0	0	0	0	0	0	0	0	0	0	0	0	0	0	0	0	0	0	0	0	0	0	0	0	0	0	0	0	0	0	0	0	0	0	0	0	0	0	0	0	0	0	0	0	0	0	0	0	0	0	0	0	0	0	0	0	0	0	0	0	0	0	0	45
4.50E-05	0	0	0	0	0	0	0	0	0	0	0	0	0	0	0	0	0	0	0	0	0	0	0	0	0	0	0	0	0	0	0	0	0	0	0	0	0	0	0	0	0	0	0	0	0	100	0	0	0	0	0	0	0	0	0	0	0	0	0	0	0	0	0	0	0	0	0	0	0	0	0	0	0	0	0	0	0	0	0	0	0	0	0	0	0	0	0	0	0	0	0	0	0	0	0	0	0	0	0	0	0	0	0	0	0	0	0	0	0	0	0	0	0	0	0	0	0	0	0	0	0	0	0	0	0	0	0	0	0	0	0	0	0	0	0	0	0	0	0	0	0	0	0	0	0	0	0	0	0	0	0	0	0	0	0	0	0	0	0	0	0	0	0	0	0	46
5.15E-05	0	0	0	0	0	0	0	0	0	0	0	0	0	0	0	0	0	0	0	0	0	0	0	0	0	0	0	0	0	0	0	0	0	0	0	0	0	0	0	0	0	0	0	0	0	0	100	0	0	0	0	0	0	0	0	0	0	0	0	0	0	0	0	0	0	0	0	0	0	0	0	0	0	0	0	0	0	0	0	0	0	0	0	0	0	0	0	0	0	0	0	0	0	0	0	0	0	0	0	0	0	0	0	0	0	0	0	0	0	0	0	0	0	0	0	0	0	0	0	0	0	0	0	0	0	0	0	0	0	0	0	0	0	0	0	0	0	0	0	0	0	0	0	0	0	0	0	0	0	0	0	0	0	0	0	0	0	0	0	0	0	0	0	0	0	47
5.85E-05	0	0	0	0	0	0	0	0	0	0	0	0	0	0	0	0	0	0	0	0	0	0	0	0	0	0	0	0	0	0	0	0	0	0	0	0	0	0	0	0	0	0	0	0	0	0	0	100	0	0	0	0	0	0	0	0	0	0	0	0	0	0	0	0	0	0	0	0	0	0	0	0	0	0	0	0	0	0	0	0	0	0	0	0	0	0	0	0	0	0	0	0	0	0	0	0	0	0	0	0	0	0	0	0	0	0	0	0	0	0	0	0	0	0	0	0	0	0	0	0	0	0	0	0	0	0	0	0	0	0	0	0	0	0	0	0	0	0	0	0	0	0	0	0	0	0	0	0	0	0	0	0	0	0	0	0	0	0	0	0	0	0	0	0	0	48
6.70E-05	0	0	0	0	0	0	0	0	0	0	0	0	0	0	0	0	0	0	0	0	0	0	0	0	0	0	0	0	0	0	0	0	0	0	0	0	0	0	0	0	0	0	0	0	0	0	0	0	100	0	0	0	0	0	0	0	0	0	0	0	0	0	0	0	0	0	0	0	0	0	0	0	0	0	0	0	0	0	0	0	0	0	0	0	0	0	0	0	0	0	0	0	0	0	0	0	0	0	0	0	0	0	0	0	0	0	0	0	0	0	0	0	0	0	0	0	0	0	0	0	0	0	0	0	0	0	0	0	0	0	0	0	0	0	0	0	0	0	0	0	0	0	0	0	0	0	0	0	0	0	0	0	0	0	0	0	0	0	0	0	0	0	0	0	0	49
7.65E-05	0	0	0	0	0	0	0	0	0	0	0	0	0	0	0	0	0	0	0	0	0	0	0	0	0	0	0	0	0	0	0	0	0	0	0	0	0	0	0	0	0	0	0	0	0	0	0	0	0	100	0	0	0	0	0	0	0	0	0	0	0	0	0	0	0	0	0	0	0	0	0	0	0	0	0	0	0	0	0	0	0	0	0	0	0	0	0	0	0	0	0	0	0	0	0	0	0	0	0	0	0	0	0	0	0	0	0	0	0	0	0	0	0	0	0	0	0	0	0	0	0	0	0	0	0	0	0	0	0	0	0	0	0	0	0	0	0	0	0	0	0	0	0	0	0	0	0	0	0	0	0	0	0	0	0	0	0	0	0	0	0	0	0	0	0	50
8.75E-05	0	0	0	0	0	0	0	0	0	0	0	0	0	0	0	0	0	0	0	0	0	0	0	0	0	0	0	0	0	0	0	0	0	0	0	0	0	0	0	0	0	0	0	0	0	0	0	0	0	0	100	0	0	0	0	0	0	0	0	0	0	0	0	0	0	0	0	0	0	0	0	0	0	0	0	0	0	0	0	0	0	0	0	0	0	0	0	0	0	0	0	0	0	0	0	0	0	0	0	0	0	0	0	0	0	0	0	0	0	0	0	0	0	0	0	0	0	0	0	0	0	0	0	0	0	0	0	0	0	0	0	0	0	0	0	0	0	0	0	0	0	0	0	0	0	0	0	0	0	0	0	0	0	0	0	0	0	0	0	0	0	0	0	0	0	51
0.0001	0	0	0	0	0	0	0	0	0	0	0	0	0	0	0	0	0	0	0	0	0	0	0	0	0	0	0	0	0	0	0	0	0	0	0	0	0	0	0	0	0	0	0	0	0	0	0	0	0	0	0	100	0	0	0	0	0	0	0	0	0	0	0	0	0	0	0	0	0	0	0	0	0	0	0	0	0	0	0	0	0	0	0	0	0	0	0	0	0	0	0	0	0	0	0	0	0	0	0	0	0	0	0	0	0	0	0	0	0	0	0	0	0	0	0	0	0	0	0	0	0	0	0	0	0	0	0	0	0	0	0	0	0	0	0	0	0	0	0	0	0	0	0	0	0	0	0	0	0	0	0	0	0	0	0	0	0	0	0	0	0	0	0	0	0	52
0.0001275	0	0	0	0	0	0	0	0	0	0	0	0	0	0	0	0	0	0	0	0	0	0	0	0	0	0	0	0	0	0	0	0	0	0	0	0	0	0	0	0	0	0	0	0	0	0	0	0	0	0	0	0	100	0	0	0	0	0	0	0	0	0	0	0	0	0	0	0	0	0	0	0	0	0	0	0	0	0	0	0	0	0	0	0	0	0	0	0	0	0	0	0	0	0	0	0	0	0	0	0	0	0	0	0	0	0	0	0	0	0	0	0	0	0	0	0	0	0	0	0	0	0	0	0	0	0	0	0	0	0	0	0	0	0	0	0	0	0	0	0	0	0	0	0	0	0	0	0	0	0	0	0	0	0	0	0	0	0	0	0	0	0	0	0	0	53
0.00016	0	0	0	0	0	0	0	0	0	0	0	0	0	0	0	0	0	0	0	0	0	0	0	0	0	0	0	0	0	0	0	0	0	0	0	0	0	0	0	0	0	0	0	0	0	0	0	0	0	0	0	0	0	100	0	0	0	0	0	0	0	0	0	0	0	0	0	0	0	0	0	0	0	0	0	0	0	0	0	0	0	0	0	0	0	0	0	0	0	0	0	0	0	0	0	0	0	0	0	0	0	0	0	0	0	0	0	0	0	0	0	0	0	0	0	0	0	0	0	0	0	0	0	0	0	0	0	0	0	0	0	0	0	0	0	0	0	0	0	0	0	0	0	0	0	0	0	0	0	0	0	0	0	0	0	0	0	0	0	0	0	0	0	0	0	54
0.00018	0	0	0	0	0	0	0	0	0	0	0	0	0	0	0	0	0	0	0	0	0	0	0	0	0	0	0	0	0	0	0	0	0	0	0	0	0	0	0	0	0	0	0	0	0	0	0	0	0	0	0	0	0	0	100	0	0	0	0	0	0	0	0	0	0	0	0	0	0	0	0	0	0	0	0	0	0	0	0	0	0	0	0	0	0	0	0	0	0	0	0	0	0	0	0	0	0	0	0	0	0	0	0	0	0	0	0	0	0	0	0	0	0	0	0	0	0	0	0	0	0	0	0	0	0	0	0	0	0	0	0	0	0	0	0	0	0	0	0	0	0	0	0	0	0	0	0	0	0	0	0	0	0	0	0	0	0	0	0	0	0	0	0	0	0	55
0.0002	0	0	0	0	0	0	0	0	0	0	0	0	0	0	0	0	0	0	0	0	0	0	0	0	0	0	0	0	0	0	0	0	0	0	0	0	0	0	0	0	0	0	0	0	0	0	0	0	0	0	0	0	0	0	0	100	0	0	0	0	0	0	0	0	0	0	0	0	0	0	0	0	0	0	0	0	0	0	0	0	0	0	0	0	0	0	0	0	0	0	0	0	0	0	0	0	0	0	0	0	0	0	0	0	0	0	0	0	0	0	0	0	0	0	0	0	0	0	0	0	0	0	0	0	0	0	0	0	0	0	0	0	0	0	0	0	0	0	0	0	0	0	0	0	0	0	0	0	0	0	0	0	0	0	0	0	0	0	0	0	0	0	0	0	0	56
0.000235	0	0	0	0	0	0	0	0	0	0	0	0	0	0	0	0	0	0	0	0	0	0	0	0	0	0	0	0	0	0	0	0	0	0	0	0	0	0	0	0	0	0	0	0	0	0	0	0	0	0	0	0	0	0	0	0	100	0	0	0	0	0	0	0	0	0	0	0	0	0	0	0	0	0	0	0	0	0	0	0	0	0	0	0	0	0	0	0	0	0	0	0	0	0	0	0	0	0	0	0	0	0	0	0	0	0	0	0	0	0	0	0	0	0	0	0	0	0	0	0	0	0	0	0	0	0	0	0	0	0	0	0	0	0	0	0	0	0	0	0	0	0	0	0	0	0	0	0	0	0	0	0	0	0	0	0	0	0	0	0	0	0	0	0	0	57
0.000265	0	0	0	0	0	0	0	0	0	0	0	0	0	0	0	0	0	0	0	0	0	0	0	0	0	0	0	0	0	0	0	0	0	0	0	0	0	0	0	0	0	0	0	0	0	0	0	0	0	0	0	0	0	0	0	0	0	100	0	0	0	0	0	0	0	0	0	0	0	0	0	0	0	0	0	0	0	0	0	0	0	0	0	0	0	0	0	0	0	0	0	0	0	0	0	0	0	0	0	0	0	0	0	0	0	0	0	0	0	0	0	0	0	0	0	0	0	0	0	0	0	0	0	0	0	0	0	0	0	0	0	0	0	0	0	0	0	0	0	0	0	0	0	0	0	0	0	0	0	0	0	0	0	0	0	0	0	0	0	0	0	0	0	0	0	58
0.000315	0	0	0	0	0	0	0	0	0	0	0	0	0	0	0	0	0	0	0	0	0	0	0	0	0	0	0	0	0	0	0	0	0	0	0	0	0	0	0	0	0	0	0	0	0	0	0	0	0	0	0	0	0	0	0	0	0	0	100	0	0	0	0	0	0	0	0	0	0	0	0	0	0	0	0	0	0	0	0	0	0	0	0	0	0	0	0	0	0	0	0	0	0	0	0	0	0	0	0	0	0	0	0	0	0	0	0	0	0	0	0	0	0	0	0	0	0	0	0	0	0	0	0	0	0	0	0	0	0	0	0	0	0	0	0	0	0	0	0	0	0	0	0	0	0	0	0	0	0	0	0	0	0	0	0	0	0	0	0	0	0	0	0	0	0	59
0.0004	0	0	0	0	0	0	0	0	0	0	0	0	0	0	0	0	0	0	0	0	0	0	0	0	0	0	0	0	0	0	0	0	0	0	0	0	0	0	0	0	0	0	0	0	0	0	0	0	0	0	0	0	0	0	0	0	0	0	0	100	0	0	0	0	0	0	0	0	0	0	0	0	0	0	0	0	0	0	0	0	0	0	0	0	0	0	0	0	0	0	0	0	0	0	0	0	0	0	0	0	0	0	0	0	0	0	0	0	0	0	0	0	0	0	0	0	0	0	0	0	0	0	0	0	0	0	0	0	0	0	0	0	0	0	0	0	0	0	0	0	0	0	0	0	0	0	0	0	0	0	0	0	0	0	0	0	0	0	0	0	0	0	0	0	0	60
0.000525	0	0	0	0	0	0	0	0	0	0	0	0	0	0	0	0	0	0	0	0	0	0	0	0	0	0	0	0	0	0	0	0	0	0	0	0	0	0	0	0	0	0	0	0	0	0	0	0	0	0	0	0	0	0	0	0	0	0	0	0	100	0	0	0	0	0	0	0	0	0	0	0	0	0	0	0	0	0	0	0	0	0	0	0	0	0	0	0	0	0	0	0	0	0	0	0	0	0	0	0	0	0	0	0	0	0	0	0	0	0	0	0	0	0	0	0	0	0	0	0	0	0	0	0	0	0	0	0	0	0	0	0	0	0	0	0	0	0	0	0	0	0	0	0	0	0	0	0	0	0	0	0	0	0	0	0	0	0	0	0	0	0	0	0	0	61
0.00072	0	0	0	0	0	0	0	0	0	0	0	0	0	0	0	0	0	0	0	0	0	0	0	0	0	0	0	0	0	0	0	0	0	0	0	0	0	0	0	0	0	0	0	0	0	0	0	0	0	0	0	0	0	0	0	0	0	0	0	0	0	100	0	0	0	0	0	0	0	0	0	0	0	0	0	0	0	0	0	0	0	0	0	0	0	0	0	0	0	0	0	0	0	0	0	0	0	0	0	0	0	0	0	0	0	0	0	0	0	0	0	0	0	0	0	0	0	0	0	0	0	0	0	0	0	0	0	0	0	0	0	0	0	0	0	0	0	0	0	0	0	0	0	0	0	0	0	0	0	0	0	0	0	0	0	0	0	0	0	0	0	0	0	0	0	62
0.001	0	0	0	0	0	0	0	0	0	0	0	0	0	0	0	0	0	0	0	0	0	0	0	0	0	0	0	0	0	0	0	0	0	0	0	0	0	0	0	0	0	0	0	0	0	0	0	0	0	0	0	0	0	0	0	0	0	0	0	0	0	0	100	0	0	0	0	0	0	0	0	0	0	0	0	0	0	0	0	0	0	0	0	0	0	0	0	0	0	0	0	0	0	0	0	0	0	0	0	0	0	0	0	0	0	0	0	0	0	0	0	0	0	0	0	0	0	0	0	0	0	0	0	0	0	0	0	0	0	0	0	0	0	0	0	0	0	0	0	0	0	0	0	0	0	0	0	0	0	0	0	0	0	0	0	0	0	0	0	0	0	0	0	0	0	63
0.0012	0	0	0	0	0	0	0	0	0	0	0	0	0	0	0	0	0	0	0	0	0	0	0	0	0	0	0	0	0	0	0	0	0	0	0	0	0	0	0	0	0	0	0	0	0	0	0	0	0	0	0	0	0	0	0	0	0	0	0	0	0	0	0	100	0	0	0	0	0	0	0	0	0	0	0	0	0	0	0	0	0	0	0	0	0	0	0	0	0	0	0	0	0	0	0	0	0	0	0	0	0	0	0	0	0	0	0	0	0	0	0	0	0	0	0	0	0	0	0	0	0	0	0	0	0	0	0	0	0	0	0	0	0	0	0	0	0	0	0	0	0	0	0	0	0	0	0	0	0	0	0	0	0	0	0	0	0	0	0	0	0	0	0	0	0	64
0.0014	0	0	0	0	0	0	0	0	0	0	0	0	0	0	0	0	0	0	0	0	0	0	0	0	0	0	0	0	0	0	0	0	0	0	0	0	0	0	0	0	0	0	0	0	0	0	0	0	0	0	0	0	0	0	0	0	0	0	0	0	0	0	0	0	100	0	0	0	0	0	0	0	0	0	0	0	0	0	0	0	0	0	0	0	0	0	0	0	0	0	0	0	0	0	0	0	0	0	0	0	0	0	0	0	0	0	0	0	0	0	0	0	0	0	0	0	0	0	0	0	0	0	0	0	0	0	0	0	0	0	0	0	0	0	0	0	0	0	0	0	0	0	0	0	0	0	0	0	0	0	0	0	0	0	0	0	0	0	0	0	0	0	0	0	0	65
0.002	0	0	0	0	0	0	0	0	0	0	0	0	0	0	0	0	0	0	0	0	0	0	0	0	0	0	0	0	0	0	0	0	0	0	0	0	0	0	0	0	0	0	0	0	0	0	0	0	0	0	0	0	0	0	0	0	0	0	0	0	0	0	0	0	0	100	0	0	0	0	0	0	0	0	0	0	0	0	0	0	0	0	0	0	0	0	0	0	0	0	0	0	0	0	0	0	0	0	0	0	0	0	0	0	0	0	0	0	0	0	0	0	0	0	0	0	0	0	0	0	0	0	0	0	0	0	0	0	0	0	0	0	0	0	0	0	0	0	0	0	0	0	0	0	0	0	0	0	0	0	0	0	0	0	0	0	0	0	0	0	0	0	0	0	0	66
0.0029	0	0	0	0	0	0	0	0	0	0	0	0	0	0	0	0	0	0	0	0	0	0	0	0	0	0	0	0	0	0	0	0	0	0	0	0	0	0	0	0	0	0	0	0	0	0	0	0	0	0	0	0	0	0	0	0	0	0	0	0	0	0	0	0	0	0	100	100	0	0	0	0	0	0	0	0	0	0	0	0	0	0	0	0	0	0	0	0	0	0	0	0	0	0	0	0	0	0	0	0	0	0	0	0	0	0	0	0	0	0	0	0	0	0	0	0	0	0	0	0	0	0	0	0	0	0	0	0	0	0	0	0	0	0	0	0	0	0	0	0	0	0	0	0	0	0	0	0	0	0	0	0	0	0	0	0	0	0	0	0	0	0	0	0	0	67
0.003	0	0	0	0	0	0	0	0	0	0	0	0	0	0	0	0	0	0	0	0	0	0	0	0	0	0	0	0	0	0	0	0	0	0	0	0	0	0	0	0	0	0	0	0	0	0	0	0	0	0	0	0	0	0	0	0	0	0	0	0	0	0	0	0	0	0	100	100	0	0	0	0	0	0	0	0	0	0	0	0	0	0	0	0	0	0	0	0	0	0	0	0	0	0	0	0	0	0	0	0	0	0	0	0	0	0	0	0	0	0	0	0	0	0	0	0	0	0	0	0	0	0	0	0	0	0	0	0	0	0	0	0	0	0	0	0	0	0	0	0	0	0	0	0	0	0	0	0	0	0	0	0	0	0	0	0	0	0	0	0	0	0	0	0	0	68
0.0036	0	0	0	0	0	0	0	0	0	0	0	0	0	0	0	0	0	0	0	0	0	0	0	0	0	0	0	0	0	0	0	0	0	0	0	0	0	0	0	0	0	0	0	0	0	0	0	0	0	0	0	0	0	0	0	0	0	0	0	0	0	0	0	0	0	0	0	0	100	100	0	0	0	0	0	0	0	0	0	0	0	0	0	0	0	0	0	0	0	0	0	0	0	0	0	0	0	0	0	0	0	0	0	0	0	0	0	0	0	0	0	0	0	0	0	0	0	0	0	0	0	0	0	0	0	0	0	0	0	0	0	0	0	0	0	0	0	0	0	0	0	0	0	0	0	0	0	0	0	0	0	0	0	0	0	0	0	0	0	0	0	0	0	0	0	69
0.004	0	0	0	0	0	0	0	0	0	0	0	0	0	0	0	0	0	0	0	0	0	0	0	0	0	0	0	0	0	0	0	0	0	0	0	0	0	0	0	0	0	0	0	0	0	0	0	0	0	0	0	0	0	0	0	0	0	0	0	0	0	0	0	0	0	0	0	0	100	100	0	0	0	0	0	0	0	0	0	0	0	0	0	0	0	0	0	0	0	0	0	0	0	0	0	0	0	0	0	0	0	0	0	0	0	0	0	0	0	0	0	0	0	0	0	0	0	0	0	0	0	0	0	0	0	0	0	0	0	0	0	0	0	0	0	0	0	0	0	0	0	0	0	0	0	0	0	0	0	0	0	0	0	0	0	0	0	0	0	0	0	0	0	0	0	70
0.0048	0	0	0	0	0	0	0	0	0	0	0	0	0	0	0	0	0	0	0	0	0	0	0	0	0	0	0	0	0	0	0	0	0	0	0	0	0	0	0	0	0	0	0	0	0	0	0	0	0	0	0	0	0	0	0	0	0	0	0	0	0	0	0	0	0	0	0	0	0	0	100	61.41	42.32	28.7	15.77	20.75	13.92	15.62	15.57	17.85	17.04	17.12	16.76	15.14	15.23	13.97	13.29	12.07	9.834	5.178	8.749	8.103	9.661	9.147	7.785	9.967	6.793	10.11	8.553	9.372	7.285	9.474	9.944	9.742	9.665	8.867	9.364	7.948	8.837	8.447	9.219	8.522	7.467	5.526	6.739	5.843	6.21	5.273	5.509	5.01	3.717	3.311	2.042	2.505	6.062	5.44	5.869	4.112	4.713	3.517	3.836	3.28	2.459	2.75	2.73	0	0	0	0	0	0	0	0	0	0	0	0	0	0	0	0	0	0	0	0	0	0	0	0	0	0	0	0	0	0	71
0.006	0	0	0	0	0	0	0	0	0	0	0	0	0	0	0	0	0	0	0	0	0	0	0	0	0	0	0	0	0	0	0	0	0	0	0	0	0	0	0	0	0	0	0	0	0	0	0	0	0	0	0	0	0	0	0	0	0	0	0	0	0	0	0	0	0	0	0	0	0	0	61.41	100	65.5	31.77	15.59	20.16	13.39	15.12	15.05	17.24	16.44	16.53	16.17	14.65	14.63	13.48	12.85	11.68	9.51	5.009	8.462	7.836	9.353	8.848	7.536	9.654	6.576	9.784	8.278	9.067	7.051	9.17	9.623	9.433	9.355	8.579	9.061	7.69	8.547	8.177	8.921	8.245	7.234	5.348	6.524	5.657	6.011	5.108	5.339	4.848	3.597	3.205	1.978	2.426	5.867	5.263	5.677	3.977	4.558	3.401	3.711	3.174	2.379	2.661	2.64	0	0	0	0	0	0	0	0	0	0	0	0	0	0	0	0	0	0	0	0	0	0	0	0	0	0	0	0	0	0	72
0.007	0	0	0	0	0	0	0	0	0	0	0	0	0	0	0	0	0	0	0	0	0	0	0	0	0	0	0	0	0	0	0	0	0	0	0	0	0	0	0	0	0	0	0	0	0	0	0	0	0	0	0	0	0	0	0	0	0	0	0	0	0	0	0	0	0	0	0	0	0	0	42.32	65.5	100	51.95	19.7	21.08	14.46	16.04	16.01	18.39	17.57	17.62	17.23	15.62	15.64	14.36	13.64	12.36	10.04	5.3	8.92	8.261	9.845	9.32	7.933	10.15	6.914	10.29	8.715	9.54	7.419	9.643	10.12	9.908	9.84	9.026	9.525	8.09	8.993	8.604	9.379	8.668	7.612	5.619	6.862	5.95	6.335	5.372	5.619	5.094	3.789	3.375	2.093	2.555	6.179	5.545	5.976	4.191	4.808	3.588	3.915	3.345	2.507	2.802	2.782	0	0	0	0	0	0	0	0	0	0	0	0	0	0	0	0	0	0	0	0	0	0	0	0	0	0	0	0	0	0	73
0.008	0	0	0	0	0	0	0	0	0	0	0	0	0	0	0	0	0	0	0	0	0	0	0	0	0	0	0	0	0	0	0	0	0	0	0	0	0	0	0	0	0	0	0	0	0	0	0	0	0	0	0	0	0	0	0	0	0	0	0	0	0	0	0	0	0	0	0	0	0	0	28.7	31.77	51.95	100	46.51	21.46	15.94	17.64	17.43	19.89	19.05	19	18.47	16.89	16.89	15.23	14.34	12.82	10.35	5.538	9.125	8.48	10.11	9.592	8.091	10.34	7.037	10.53	8.937	9.595	7.455	9.688	10.18	9.895	9.866	9.12	9.589	8.212	9.126	8.694	9.33	8.632	7.695	5.568	6.846	5.89	6.399	5.348	5.628	5.027	3.844	3.403	2.253	2.586	6.236	5.588	5.991	4.249	4.882	3.669	4.008	3.401	2.544	2.839	2.823	0	0	0	0	0	0	0	0	0	0	0	0	0	0	0	0	0	0	0	0	0	0	0	0	0	0	0	0	0	0	74
0.009	0	0	0	0	0	0	0	0	0	0	0	0	0	0	0	0	0	0	0	0	0	0	0	0	0	0	0	0	0	0	0	0	0	0	0	0	0	0	0	0	0	0	0	0	0	0	0	0	0	0	0	0	0	0	0	0	0	0	0	0	0	0	0	0	0	0	0	0	0	0	15.77	15.59	19.7	46.51	100	21.62	18.33	19.23	18.77	21.3	20.5	20.2	19.47	17.9	17.88	15.97	15.06	13.22	10.62	5.786	9.296	8.67	10.29	9.82	8.203	10.44	7.143	10.65	9.113	9.619	7.474	9.687	10.17	9.708	9.76	9.059	9.502	8.23	9.157	8.685	9.195	8.509	7.681	5.463	6.764	5.783	6.407	5.278	5.581	4.917	3.87	3.402	2.388	2.597	6.239	5.59	5.969	4.277	4.92	3.72	4.07	3.431	2.562	2.855	2.845	0	0	0	0	0	0	0	0	0	0	0	0	0	0	0	0	0	0	0	0	0	0	0	0	0	0	0	0	0	0	75
0.01225	0	0	0	0	0	0	0	0	0	0	0	0	0	0	0	0	0	0	0	0	0	0	0	0	0	0	0	0	0	0	0	0	0	0	0	0	0	0	0	0	0	0	0	0	0	0	0	0	0	0	0	0	0	0	0	0	0	0	0	0	0	0	0	0	0	0	0	0	0	0	20.75	20.16	21.08	21.46	21.62	100	22.05	27.9	27.29	30.83	28.82	28.42	27.76	26.17	26.03	24.1	23.57	21.34	16.79	8.897	14.76	13.67	17.01	15.71	13.12	17.21	11.44	17.37	14.49	15.33	11.88	15.34	16.65	15.91	15.76	14.73	15.24	13.24	14.71	13.97	14.72	13.75	12.18	8.819	10.86	9.313	10.22	8.499	8.979	7.882	6.168	5.449	3.666	4.148	10	8.922	9.571	6.841	7.885	5.945	6.509	5.485	4.095	4.562	4.541	0	0	0	0	0	0	0	0	0	0	0	0	0	0	0	0	0	0	0	0	0	0	0	0	0	0	0	0	0	0	76
0.0175	0	0	0	0	0	0	0	0	0	0	0	0	0	0	0	0	0	0	0	0	0	0	0	0	0	0	0	0	0	0	0	0	0	0	0	0	0	0	0	0	0	0	0	0	0	0	0	0	0	0	0	0	0	0	0	0	0	0	0	0	0	0	0	0	0	0	0	0	0	0	13.92	13.39	14.46	15.94	18.33	22.05	100	34.24	22.53	27.01	26.07	25.23	24.49	23.02	22.95	21.12	20.68	18.36	14.48	7.753	12.4	11.87	13.53	13.15	10.94	13.77	9.447	14.07	12.27	12.99	9.998	13.04	13.49	13	13.21	12.25	12.96	11.19	12.44	11.8	12.52	11.54	10.44	7.381	9.238	7.892	8.83	7.224	7.777	6.668	5.309	4.711	3.666	3.549	8.588	7.608	8.118	5.847	6.729	5.115	5.641	4.723	3.531	3.908	3.907	0	0	0	0	0	0	0	0	0	0	0	0	0	0	0	0	0	0	0	0	0	0	0	0	0	0	0	0	0	0	77
0.022	0	0	0	0	0	0	0	0	0	0	0	0	0	0	0	0	0	0	0	0	0	0	0	0	0	0	0	0	0	0	0	0	0	0	0	0	0	0	0	0	0	0	0	0	0	0	0	0	0	0	0	0	0	0	0	0	0	0	0	0	0	0	0	0	0	0	0	0	0	0	15.62	15.12	16.04	17.64	19.23	27.9	34.24	100	37.47	34.06	32.04	31.37	30.63	29.58	29.32	27.49	27.36	25.04	19.76	10.72	17.06	15.84	18.7	17.68	14.99	18.88	12.66	19.33	16.47	17.38	13.43	17.58	18.48	17.77	18.02	16.81	17.55	15.13	16.83	15.96	16.83	15.58	14.08	10	12.53	10.75	11.94	9.907	10.62	9.254	7.189	6.506	7.847	4.809	11.93	10.47	11.02	8.051	9.185	7.046	7.663	6.41	4.793	5.298	5.294	0	0	0	0	0	0	0	0	0	0	0	0	0	0	0	0	0	0	0	0	0	0	0	0	0	0	0	0	0	0	78
0.027	0	0	0	0	0	0	0	0	0	0	0	0	0	0	0	0	0	0	0	0	0	0	0	0	0	0	0	0	0	0	0	0	0	0	0	0	0	0	0	0	0	0	0	0	0	0	0	0	0	0	0	0	0	0	0	0	0	0	0	0	0	0	0	0	0	0	0	0	0	0	15.57	15.05	16.01	17.43	18.77	27.29	22.53	37.47	100	35.67	32.89	32.84	31.66	30.48	29.99	27.98	27.43	24.51	19.09	10.44	16.43	15.34	18.14	17.22	14.62	18.36	12.42	18.53	16.02	17.02	13.18	17.2	18.08	17.38	17.47	16.43	17.23	14.91	16.75	15.73	16.59	15.37	13.95	9.845	12.28	10.53	11.75	9.601	10.14	8.803	7.025	6.2	4.419	4.7	11.45	10.1	10.85	7.849	8.957	6.723	7.404	6.217	4.646	5.156	5.144	0	0	0	0	0	0	0	0	0	0	0	0	0	0	0	0	0	0	0	0	0	0	0	0	0	0	0	0	0	0	79
0.0375	0	0	0	0	0	0	0	0	0	0	0	0	0	0	0	0	0	0	0	0	0	0	0	0	0	0	0	0	0	0	0	0	0	0	0	0	0	0	0	0	0	0	0	0	0	0	0	0	0	0	0	0	0	0	0	0	0	0	0	0	0	0	0	0	0	0	0	0	0	0	17.85	17.24	18.39	19.89	21.3	30.83	27.01	34.06	35.67	100	50.95	37.15	37.21	36.01	35.38	33.19	32.71	29.08	22.89	12.43	19.54	18.05	21.24	20.15	17.13	21.37	14.46	21.69	18.79	19.87	15.42	20.13	21.08	20.25	20.46	19.06	20.06	17.3	19.43	18.31	19.31	17.9	16.23	11.49	14.34	12.28	13.71	11.21	11.97	10.24	8.174	7.18	4.635	5.463	13.13	11.68	12.51	8.944	10.29	7.781	8.585	7.205	5.364	5.977	5.943	0	0	0	0	0	0	0	0	0	0	0	0	0	0	0	0	0	0	0	0	0	0	0	0	0	0	0	0	0	0	80
0.05	0	0	0	0	0	0	0	0	0	0	0	0	0	0	0	0	0	0	0	0	0	0	0	0	0	0	0	0	0	0	0	0	0	0	0	0	0	0	0	0	0	0	0	0	0	0	0	0	0	0	0	0	0	0	0	0	0	0	0	0	0	0	0	0	0	0	0	0	0	0	17.04	16.44	17.57	19.05	20.5	28.82	26.07	32.04	32.89	50.95	100	54.92	35.08	35.26	34.99	32.94	32.59	29.15	22.81	12.48	19.46	17.92	21.01	19.92	17	21.06	14.27	21.38	18.48	19.62	15.25	19.96	20.77	20.02	20.27	18.81	19.77	17.1	19.2	18.13	19.12	17.74	16.1	11.42	14.26	12.19	13.67	11.14	11.89	10.2	8.096	7.134	4.506	5.411	13.05	11.62	12.38	8.837	10.19	7.705	8.506	7.141	5.318	5.918	5.894	0	0	0	0	0	0	0	0	0	0	0	0	0	0	0	0	0	0	0	0	0	0	0	0	0	0	0	0	0	0	81
0.06	0	0	0	0	0	0	0	0	0	0	0	0	0	0	0	0	0	0	0	0	0	0	0	0	0	0	0	0	0	0	0	0	0	0	0	0	0	0	0	0	0	0	0	0	0	0	0	0	0	0	0	0	0	0	0	0	0	0	0	0	0	0	0	0	0	0	0	0	0	0	17.12	16.53	17.62	19	20.2	28.42	25.23	31.37	32.84	37.15	54.92	100	58.72	37.19	35.67	34.01	33.05	29.45	23.21	12.68	19.79	18.39	21.34	20.3	17.13	21.33	14.46	21.76	18.76	19.96	15.53	20.35	21.16	20.5	20.74	19.18	20.09	17.51	19.53	18.5	19.56	18.12	16.52	11.73	14.77	12.57	14.16	11.53	12.25	10.72	8.297	7.348	4.56	5.542	13.46	12.13	12.72	9.047	10.42	7.874	8.7	7.308	5.446	6.053	6.025	0	0	0	0	0	0	0	0	0	0	0	0	0	0	0	0	0	0	0	0	0	0	0	0	0	0	0	0	0	0	82
0.07	0	0	0	0	0	0	0	0	0	0	0	0	0	0	0	0	0	0	0	0	0	0	0	0	0	0	0	0	0	0	0	0	0	0	0	0	0	0	0	0	0	0	0	0	0	0	0	0	0	0	0	0	0	0	0	0	0	0	0	0	0	0	0	0	0	0	0	0	0	0	16.76	16.17	17.23	18.47	19.47	27.76	24.49	30.63	31.66	37.21	35.08	58.72	100	58.52	42.64	32.47	33.19	29.57	23.17	12.56	19.79	18.41	21.24	20.22	16.9	21.17	14.32	21.57	18.54	19.83	15.44	20.25	21.06	20.48	20.69	19.08	19.95	17.41	19.41	18.4	19.44	18	16.5	11.71	14.77	12.55	14.1	11.49	12.22	10.76	8.263	7.284	4.48	5.515	13.42	12.13	12.66	8.966	10.32	7.791	8.599	7.237	5.395	6.009	5.978	0	0	0	0	0	0	0	0	0	0	0	0	0	0	0	0	0	0	0	0	0	0	0	0	0	0	0	0	0	0	83
0.08	0	0	0	0	0	0	0	0	0	0	0	0	0	0	0	0	0	0	0	0	0	0	0	0	0	0	0	0	0	0	0	0	0	0	0	0	0	0	0	0	0	0	0	0	0	0	0	0	0	0	0	0	0	0	0	0	0	0	0	0	0	0	0	0	0	0	0	0	0	0	15.14	14.65	15.62	16.89	17.9	26.17	23.02	29.58	30.48	36.01	35.26	37.19	58.52	100	60.44	50.26	32.43	29.09	23.58	12.93	20.13	18.44	21.17	20.24	17.07	21.05	14.19	21.4	18.28	19.79	15.46	20.42	21.03	20.49	20.86	19.17	19.86	17.32	19.27	18.44	19.39	17.94	16.65	11.7	14.77	12.58	14.14	11.52	12.27	10.74	8.249	7.275	4.667	5.517	13.45	12.14	12.73	9.102	10.42	7.924	8.682	7.276	5.416	6.026	5.993	0	0	0	0	0	0	0	0	0	0	0	0	0	0	0	0	0	0	0	0	0	0	0	0	0	0	0	0	0	0	84
0.09	0	0	0	0	0	0	0	0	0	0	0	0	0	0	0	0	0	0	0	0	0	0	0	0	0	0	0	0	0	0	0	0	0	0	0	0	0	0	0	0	0	0	0	0	0	0	0	0	0	0	0	0	0	0	0	0	0	0	0	0	0	0	0	0	0	0	0	0	0	0	15.23	14.63	15.64	16.89	17.88	26.03	22.95	29.32	29.99	35.38	34.99	35.67	42.64	60.44	100	71.01	39.5	30.79	24.08	13.03	20.49	19.15	21.68	20.8	17.35	21.55	14.62	22.08	19.4	20.45	16.01	20.96	21.68	21.13	21.55	19.89	20.85	18.09	20.1	19.18	20.23	18.62	17.28	12.17	15.41	13.13	14.71	12.05	12.83	11.21	8.759	7.62	5.08	5.825	14.07	12.71	13.35	9.667	10.99	8.423	9.14	7.653	5.702	6.323	6.306	0	0	0	0	0	0	0	0	0	0	0	0	0	0	0	0	0	0	0	0	0	0	0	0	0	0	0	0	0	0	85
0.0975	0	0	0	0	0	0	0	0	0	0	0	0	0	0	0	0	0	0	0	0	0	0	0	0	0	0	0	0	0	0	0	0	0	0	0	0	0	0	0	0	0	0	0	0	0	0	0	0	0	0	0	0	0	0	0	0	0	0	0	0	0	0	0	0	0	0	0	0	0	0	13.97	13.48	14.36	15.23	15.97	24.1	21.12	27.49	27.98	33.19	32.94	34.01	32.47	50.26	71.01	100	47.36	30.44	24.04	12.95	20.47	18.85	21.39	20.56	17.19	21.16	14.38	21.74	19.24	20.21	16	20.78	21.46	20.9	21.41	19.71	20.66	17.9	19.95	19.12	20.11	18.46	17.19	12.12	15.4	13.2	14.84	12.16	12.9	11.22	8.976	7.668	5.538	5.916	14.11	12.73	13.43	9.968	11.18	8.712	9.313	7.733	5.76	6.356	6.353	0	0	0	0	0	0	0	0	0	0	0	0	0	0	0	0	0	0	0	0	0	0	0	0	0	0	0	0	0	0	86
0.11	0	0	0	0	0	0	0	0	0	0	0	0	0	0	0	0	0	0	0	0	0	0	0	0	0	0	0	0	0	0	0	0	0	0	0	0	0	0	0	0	0	0	0	0	0	0	0	0	0	0	0	0	0	0	0	0	0	0	0	0	0	0	0	0	0	0	0	0	0	0	13.29	12.85	13.64	14.34	15.06	23.57	20.68	27.36	27.43	32.71	32.59	33.05	33.19	32.43	39.5	47.36	100	40.4	25.94	13.81	22.65	20.84	23.48	22.68	19.08	23.29	16.31	23.85	22.27	22.69	18.56	23.2	24.03	23.36	23.83	22.46	24.46	20.77	23.39	21.97	23.17	21.04	19.61	13.83	17.72	15.19	17.49	14.08	14.96	12.63	11.58	8.943	5.437	7.322	16.26	14.52	15.53	11.42	13.01	9.868	10.73	9.062	6.824	7.473	7.576	0	0	0	0	0	0	0	0	0	0	0	0	0	0	0	0	0	0	0	0	0	0	0	0	0	0	0	0	0	0	87
0.135	0	0	0	0	0	0	0	0	0	0	0	0	0	0	0	0	0	0	0	0	0	0	0	0	0	0	0	0	0	0	0	0	0	0	0	0	0	0	0	0	0	0	0	0	0	0	0	0	0	0	0	0	0	0	0	0	0	0	0	0	0	0	0	0	0	0	0	0	0	0	12.07	11.68	12.36	12.82	13.22	21.34	18.36	25.04	24.51	29.08	29.15	29.45	29.57	29.09	30.79	30.44	40.4	100	46.32	18.01	24.72	19.54	22.32	22.71	18.9	22.83	16	22.67	20.91	22.26	17.33	22.58	23.12	22.9	23.43	22.02	23.76	20.26	22.7	21.84	22.92	21.26	20.36	14.83	18.13	15.36	17.23	14.19	15.29	12.88	10.15	9.376	4.343	6.715	16.79	15.08	15.99	11.19	13.21	9.71	10.87	9.204	6.928	7.53	7.691	0	0	0	0	0	0	0	0	0	0	0	0	0	0	0	0	0	0	0	0	0	0	0	0	0	0	0	0	0	0	88
0.16	0	0	0	0	0	0	0	0	0	0	0	0	0	0	0	0	0	0	0	0	0	0	0	0	0	0	0	0	0	0	0	0	0	0	0	0	0	0	0	0	0	0	0	0	0	0	0	0	0	0	0	0	0	0	0	0	0	0	0	0	0	0	0	0	0	0	0	0	0	0	9.834	9.51	10.04	10.35	10.62	16.79	14.48	19.76	19.09	22.89	22.81	23.21	23.17	23.58	24.08	24.04	25.94	46.32	100	24.86	48.3	32.38	26.42	21.76	15.13	17.85	13.29	18.77	17.68	20.17	16.26	21.25	20.34	20.75	22.24	20.33	21.45	18.42	20.63	20.6	20.75	19.14	20.25	13.44	17.27	14.83	17.41	13.65	14.76	12.2	10.21	8.687	3.86	6.812	16.32	15.03	15.62	10.67	12.51	9.202	10.32	8.735	6.486	7.289	7.192	0	0	0	0	0	0	0	0	0	0	0	0	0	0	0	0	0	0	0	0	0	0	0	0	0	0	0	0	0	0	89
0.175	0	0	0	0	0	0	0	0	0	0	0	0	0	0	0	0	0	0	0	0	0	0	0	0	0	0	0	0	0	0	0	0	0	0	0	0	0	0	0	0	0	0	0	0	0	0	0	0	0	0	0	0	0	0	0	0	0	0	0	0	0	0	0	0	0	0	0	0	0	0	5.178	5.009	5.3	5.538	5.786	8.897	7.753	10.72	10.44	12.43	12.48	12.68	12.56	12.93	13.03	12.95	13.81	18.01	24.86	100	22.24	18.71	15.22	15.17	11.39	11.57	7.884	10.48	9.037	10.27	8.196	11.39	10.65	10.9	11.54	10.19	10.73	9.489	10.42	10.49	10.57	9.611	9.428	6.607	8.505	7.175	8.298	6.638	7.094	6.351	4.845	4.25	1.979	3.321	7.855	7.346	7.5	5.133	6.051	4.489	5.048	4.308	3.175	3.644	3.545	0	0	0	0	0	0	0	0	0	0	0	0	0	0	0	0	0	0	0	0	0	0	0	0	0	0	0	0	0	0	90
0.185	0	0	0	0	0	0	0	0	0	0	0	0	0	0	0	0	0	0	0	0	0	0	0	0	0	0	0	0	0	0	0	0	0	0	0	0	0	0	0	0	0	0	0	0	0	0	0	0	0	0	0	0	0	0	0	0	0	0	0	0	0	0	0	0	0	0	0	0	0	0	8.749	8.462	8.92	9.125	9.296	14.76	12.4	17.06	16.43	19.54	19.46	19.79	19.79	20.13	20.49	20.47	22.65	24.72	48.3	22.24	100	43.75	43.13	39.45	23.45	23.3	14.96	19.34	13.58	15.63	14.49	19.66	18.63	18.18	18.9	17.59	18.77	16.21	18.35	17.68	17.86	16.49	17	11.62	14.81	12.67	14.45	11.74	12.67	10.67	8.848	7.585	3.333	6.186	13.94	12.66	13.65	9.4	11.28	8.324	9.393	8.034	5.865	6.868	6.613	0	0	0	0	0	0	0	0	0	0	0	0	0	0	0	0	0	0	0	0	0	0	0	0	0	0	0	0	0	0	91
0.195	0	0	0	0	0	0	0	0	0	0	0	0	0	0	0	0	0	0	0	0	0	0	0	0	0	0	0	0	0	0	0	0	0	0	0	0	0	0	0	0	0	0	0	0	0	0	0	0	0	0	0	0	0	0	0	0	0	0	0	0	0	0	0	0	0	0	0	0	0	0	8.103	7.836	8.261	8.48	8.67	13.67	11.87	15.84	15.34	18.05	17.92	18.39	18.41	18.44	19.15	18.85	20.84	19.54	32.38	18.71	43.75	100	40.81	41.62	25.65	28.33	18.86	23.48	16.27	17.02	10.42	16.62	18.14	18.08	18.05	17.01	18.65	15.88	17.78	17.05	17.98	16.48	15.95	11.56	14.6	12.37	13.86	11.5	12.4	10.58	9.919	7.815	2.989	7.611	14.08	12.89	14.44	9.927	12.61	9.453	10.8	9.687	6.714	8.794	7.926	0	0	0	0	0	0	0	0	0	0	0	0	0	0	0	0	0	0	0	0	0	0	0	0	0	0	0	0	0	0	92
0.205	0	0	0	0	0	0	0	0	0	0	0	0	0	0	0	0	0	0	0	0	0	0	0	0	0	0	0	0	0	0	0	0	0	0	0	0	0	0	0	0	0	0	0	0	0	0	0	0	0	0	0	0	0	0	0	0	0	0	0	0	0	0	0	0	0	0	0	0	0	0	9.661	9.353	9.845	10.11	10.29	17.01	13.53	18.7	18.14	21.24	21.01	21.34	21.24	21.17	21.68	21.39	23.48	22.32	26.42	15.22	43.13	40.81	100	55.18	35.37	42.56	26.66	34.02	25.15	24.23	15.69	16.24	19.61	19.44	19.28	18.05	19.16	16.77	19.02	18.01	18.77	17.49	15.86	11.84	14.63	12.41	13.79	11.54	12.41	10.55	8.609	7.607	3.24	6.048	13.7	12.3	13.42	9.239	11.17	8.244	9.316	7.987	5.823	6.827	6.581	0	0	0	0	0	0	0	0	0	0	0	0	0	0	0	0	0	0	0	0	0	0	0	0	0	0	0	0	0	0	93
0.215	0	0	0	0	0	0	0	0	0	0	0	0	0	0	0	0	0	0	0	0	0	0	0	0	0	0	0	0	0	0	0	0	0	0	0	0	0	0	0	0	0	0	0	0	0	0	0	0	0	0	0	0	0	0	0	0	0	0	0	0	0	0	0	0	0	0	0	0	0	0	9.147	8.848	9.32	9.592	9.82	15.71	13.15	17.68	17.22	20.15	19.92	20.3	20.22	20.24	20.8	20.56	22.68	22.71	21.76	15.17	39.45	41.62	55.18	100	45.17	49.08	34.28	38.86	30.58	34.26	19.87	21.88	18.19	19.23	19.35	18.02	19.19	16.69	18.88	17.78	18.57	17.26	17.11	12.15	15.18	12.84	14.32	11.89	12.72	11.04	8.786	7.831	2.714	6.139	14.02	12.73	13.76	9.212	11.33	8.172	9.426	8.07	5.904	6.867	6.64	0	0	0	0	0	0	0	0	0	0	0	0	0	0	0	0	0	0	0	0	0	0	0	0	0	0	0	0	0	0	94
0.225	0	0	0	0	0	0	0	0	0	0	0	0	0	0	0	0	0	0	0	0	0	0	0	0	0	0	0	0	0	0	0	0	0	0	0	0	0	0	0	0	0	0	0	0	0	0	0	0	0	0	0	0	0	0	0	0	0	0	0	0	0	0	0	0	0	0	0	0	0	0	7.785	7.536	7.933	8.091	8.203	13.12	10.94	14.99	14.62	17.13	17	17.13	16.9	17.07	17.35	17.19	19.08	18.9	15.13	11.39	23.45	25.65	35.37	45.17	100	46.97	36.06	33.49	30.66	30.69	21.11	24.36	15.94	15.46	16.05	15.08	16.09	13.87	15.81	15.04	15.66	14.62	13.54	10.22	12.75	10.78	12.05	9.963	10.62	9.111	7.308	6.324	1.62	4.953	11.61	10.38	11.25	7.312	9.168	6.387	7.567	6.439	4.771	5.416	5.284	0	0	0	0	0	0	0	0	0	0	0	0	0	0	0	0	0	0	0	0	0	0	0	0	0	0	0	0	0	0	95
0.2325	0	0	0	0	0	0	0	0	0	0	0	0	0	0	0	0	0	0	0	0	0	0	0	0	0	0	0	0	0	0	0	0	0	0	0	0	0	0	0	0	0	0	0	0	0	0	0	0	0	0	0	0	0	0	0	0	0	0	0	0	0	0	0	0	0	0	0	0	0	0	9.967	9.654	10.15	10.34	10.44	17.21	13.77	18.88	18.36	21.37	21.06	21.33	21.17	21.05	21.55	21.16	23.29	22.83	17.85	11.57	23.3	28.33	42.56	49.08	46.97	100	44.66	55.13	40.9	40.31	27.13	29.24	23.21	17.73	19.02	18.31	19.39	16.77	18.88	17.86	18.87	17.71	15.64	11.87	14.62	12.42	13.82	11.56	12.43	10.59	8.767	7.508	2.743	5.942	13.53	12.12	13.15	8.918	10.92	7.856	9.034	7.735	5.705	6.539	6.399	0	0	0	0	0	0	0	0	0	0	0	0	0	0	0	0	0	0	0	0	0	0	0	0	0	0	0	0	0	0	96
0.2375	0	0	0	0	0	0	0	0	0	0	0	0	0	0	0	0	0	0	0	0	0	0	0	0	0	0	0	0	0	0	0	0	0	0	0	0	0	0	0	0	0	0	0	0	0	0	0	0	0	0	0	0	0	0	0	0	0	0	0	0	0	0	0	0	0	0	0	0	0	0	6.793	6.576	6.914	7.037	7.143	11.44	9.447	12.66	12.42	14.46	14.27	14.46	14.32	14.19	14.62	14.38	16.31	16	13.29	7.884	14.96	18.86	26.66	34.28	36.06	44.66	100	35.55	33.71	34.16	24.32	25.56	18.06	11.63	12.9	12.75	14.12	11.88	13.45	12.36	13.13	12.43	11.21	8.863	10.77	9.201	10.28	8.572	9.073	7.937	6.573	5.436	0.2707	4.385	9.976	9.008	9.747	5.918	7.885	5.11	6.437	5.558	4.128	4.71	4.64	0	0	0	0	0	0	0	0	0	0	0	0	0	0	0	0	0	0	0	0	0	0	0	0	0	0	0	0	0	0	97
0.2425	0	0	0	0	0	0	0	0	0	0	0	0	0	0	0	0	0	0	0	0	0	0	0	0	0	0	0	0	0	0	0	0	0	0	0	0	0	0	0	0	0	0	0	0	0	0	0	0	0	0	0	0	0	0	0	0	0	0	0	0	0	0	0	0	0	0	0	0	0	0	10.11	9.784	10.29	10.53	10.65	17.37	14.07	19.33	18.53	21.69	21.38	21.76	21.57	21.4	22.08	21.74	23.85	22.67	18.77	10.48	19.34	23.48	34.02	38.86	33.49	55.13	35.55	100	50.46	43.11	28	33.29	29.42	18	19.49	18.93	19.94	17.27	19.08	18.47	19.48	17.8	16.31	11.45	14.65	12.46	13.96	11.6	12.65	10.48	8.953	7.617	5.488	6.066	13.63	12.15	13.11	10.08	11.35	9.066	9.508	8.068	5.906	6.783	6.61	0	0	0	0	0	0	0	0	0	0	0	0	0	0	0	0	0	0	0	0	0	0	0	0	0	0	0	0	0	0	98
0.2475	0	0	0	0	0	0	0	0	0	0	0	0	0	0	0	0	0	0	0	0	0	0	0	0	0	0	0	0	0	0	0	0	0	0	0	0	0	0	0	0	0	0	0	0	0	0	0	0	0	0	0	0	0	0	0	0	0	0	0	0	0	0	0	0	0	0	0	0	0	0	8.553	8.278	8.715	8.937	9.113	14.49	12.27	16.47	16.02	18.79	18.48	18.76	18.54	18.28	19.4	19.24	22.27	20.91	17.68	9.037	13.58	16.27	25.15	30.58	30.66	40.9	33.71	50.46	100	44.55	33.08	33.38	26.48	17.89	17.03	16.96	19.41	16.02	18.12	17	18.35	16.08	15.18	10.46	13.26	11.36	12.87	10.66	11.41	9.482	8.513	6.866	4.493	5.613	12.38	11.03	12.05	9.101	10.39	8.099	8.641	7.295	5.381	6.087	6.02	0	0	0	0	0	0	0	0	0	0	0	0	0	0	0	0	0	0	0	0	0	0	0	0	0	0	0	0	0	0	99
0.255	0	0	0	0	0	0	0	0	0	0	0	0	0	0	0	0	0	0	0	0	0	0	0	0	0	0	0	0	0	0	0	0	0	0	0	0	0	0	0	0	0	0	0	0	0	0	0	0	0	0	0	0	0	0	0	0	0	0	0	0	0	0	0	0	0	0	0	0	0	0	9.372	9.067	9.54	9.595	9.619	15.33	12.99	17.38	17.02	19.87	19.62	19.96	19.83	19.79	20.45	20.21	22.69	22.26	20.17	10.27	15.63	17.02	24.23	34.26	30.69	40.31	34.16	43.11	44.55	100	46.91	52.58	36.82	26.49	18.5	19.13	20.7	17.31	19.43	18.09	18.87	17.66	17.02	12.46	15.49	13.29	15.14	12.59	13.39	11.31	10.11	8.173	2.332	6.601	14.55	13.02	14.15	9.531	11.86	8.218	9.719	8.331	6.259	7.004	7.061	0	0	0	0	0	0	0	0	0	0	0	0	0	0	0	0	0	0	0	0	0	0	0	0	0	0	0	0	0	0	100
0.265	0	0	0	0	0	0	0	0	0	0	0	0	0	0	0	0	0	0	0	0	0	0	0	0	0	0	0	0	0	0	0	0	0	0	0	0	0	0	0	0	0	0	0	0	0	0	0	0	0	0	0	0	0	0	0	0	0	0	0	0	0	0	0	0	0	0	0	0	0	0	7.285	7.051	7.419	7.455	7.474	11.88	9.998	13.43	13.18	15.42	15.25	15.53	15.44	15.46	16.01	16	18.56	17.33	16.26	8.196	14.49	10.42	15.69	19.87	21.11	27.13	24.32	28	33.08	46.91	100	49	32.15	24.6	17.54	14.82	17.6	14.35	16.4	15.02	15.28	14.08	13.37	10.04	12.67	11.21	13.67	10.7	11.2	9.37	11.19	6.526	2.113	6.614	11.94	10.67	11.86	8.194	9.75	6.876	8.012	6.835	5.046	5.783	5.723	0	0	0	0	0	0	0	0	0	0	0	0	0	0	0	0	0	0	0	0	0	0	0	0	0	0	0	0	0	0	101
0.275	0	0	0	0	0	0	0	0	0	0	0	0	0	0	0	0	0	0	0	0	0	0	0	0	0	0	0	0	0	0	0	0	0	0	0	0	0	0	0	0	0	0	0	0	0	0	0	0	0	0	0	0	0	0	0	0	0	0	0	0	0	0	0	0	0	0	0	0	0	0	9.474	9.17	9.643	9.688	9.687	15.34	13.04	17.58	17.2	20.13	19.96	20.35	20.25	20.42	20.96	20.78	23.2	22.58	21.25	11.39	19.66	16.62	16.24	21.88	24.36	29.24	25.56	33.29	33.38	52.58	49	100	47.6	38.52	28.73	17.67	21.31	17.9	20.24	19.65	19.71	18.24	18.13	12.69	16.31	14	16.05	13.06	13.88	11.8	10.61	8.246	3.05	7.022	15.05	13.52	14.95	10.29	12.29	8.806	10.15	8.674	6.407	7.363	7.22	0	0	0	0	0	0	0	0	0	0	0	0	0	0	0	0	0	0	0	0	0	0	0	0	0	0	0	0	0	0	102
0.29	0	0	0	0	0	0	0	0	0	0	0	0	0	0	0	0	0	0	0	0	0	0	0	0	0	0	0	0	0	0	0	0	0	0	0	0	0	0	0	0	0	0	0	0	0	0	0	0	0	0	0	0	0	0	0	0	0	0	0	0	0	0	0	0	0	0	0	0	0	0	9.944	9.623	10.12	10.18	10.17	16.65	13.49	18.48	18.08	21.08	20.77	21.16	21.06	21.03	21.68	21.46	24.03	23.12	20.34	10.65	18.63	18.14	19.61	18.19	15.94	23.21	18.06	29.42	26.48	36.82	32.15	47.6	100	56.18	39.32	27.16	20.27	18.41	21.57	21.59	22.32	20.57	18.42	13.76	17.74	15.11	16.79	14.08	15.36	12.42	11.54	9.356	3.564	8.35	16.77	14.78	17.21	12.02	14.42	10.47	12.08	10.6	7.651	9.415	8.896	0	0	0	0	0	0	0	0	0	0	0	0	0	0	0	0	0	0	0	0	0	0	0	0	0	0	0	0	0	0	103
0.3125	0	0	0	0	0	0	0	0	0	0	0	0	0	0	0	0	0	0	0	0	0	0	0	0	0	0	0	0	0	0	0	0	0	0	0	0	0	0	0	0	0	0	0	0	0	0	0	0	0	0	0	0	0	0	0	0	0	0	0	0	0	0	0	0	0	0	0	0	0	0	9.742	9.433	9.908	9.895	9.708	15.91	13	17.77	17.38	20.25	20.02	20.5	20.48	20.49	21.13	20.9	23.36	22.9	20.75	10.9	18.18	18.08	19.44	19.23	15.46	17.73	11.63	18	17.89	26.49	24.6	38.52	56.18	100	57.05	41.15	28.66	17.2	20.3	22	23.34	21.92	19.52	14.41	18.78	15.94	17.46	14.65	16.11	12.88	10.47	9.47	3.271	7.387	17.32	14.91	17.24	11.75	13.55	9.778	11.23	9.637	7.081	8.255	7.97	0	0	0	0	0	0	0	0	0	0	0	0	0	0	0	0	0	0	0	0	0	0	0	0	0	0	0	0	0	0	104
0.3375	0	0	0	0	0	0	0	0	0	0	0	0	0	0	0	0	0	0	0	0	0	0	0	0	0	0	0	0	0	0	0	0	0	0	0	0	0	0	0	0	0	0	0	0	0	0	0	0	0	0	0	0	0	0	0	0	0	0	0	0	0	0	0	0	0	0	0	0	0	0	9.665	9.355	9.84	9.866	9.76	15.76	13.21	18.02	17.47	20.46	20.27	20.74	20.69	20.86	21.55	21.41	23.83	23.43	22.24	11.54	18.9	18.05	19.28	19.35	16.05	19.02	12.9	19.49	17.03	18.5	17.54	28.73	39.32	57.05	100	56.54	40.29	30.49	24.72	21.57	25.32	23.93	22.19	15.51	20.98	17.7	19.53	16.2	18.32	13.6	10.56	10.36	5.845	7.461	19.27	15.77	18.72	13.33	14.23	11.11	11.91	10.08	7.405	8.425	8.181	0	0	0	0	0	0	0	0	0	0	0	0	0	0	0	0	0	0	0	0	0	0	0	0	0	0	0	0	0	0	105
0.3625	0	0	0	0	0	0	0	0	0	0	0	0	0	0	0	0	0	0	0	0	0	0	0	0	0	0	0	0	0	0	0	0	0	0	0	0	0	0	0	0	0	0	0	0	0	0	0	0	0	0	0	0	0	0	0	0	0	0	0	0	0	0	0	0	0	0	0	0	0	0	8.867	8.579	9.026	9.12	9.059	14.73	12.25	16.81	16.43	19.06	18.81	19.18	19.08	19.17	19.89	19.71	22.46	22.02	20.33	10.19	17.59	17.01	18.05	18.02	15.08	18.31	12.75	18.93	16.96	19.13	14.82	17.67	27.16	41.15	56.54	100	56.26	41.79	35.53	27.53	21.41	22.14	22	15.73	21.36	17.85	19.28	16.33	19.05	13.7	11.35	11.02	4.89	7.681	20.4	15.81	17.76	12.56	14.16	10.99	11.96	10.18	7.47	8.375	8.161	0	0	0	0	0	0	0	0	0	0	0	0	0	0	0	0	0	0	0	0	0	0	0	0	0	0	0	0	0	0	106
0.3875	0	0	0	0	0	0	0	0	0	0	0	0	0	0	0	0	0	0	0	0	0	0	0	0	0	0	0	0	0	0	0	0	0	0	0	0	0	0	0	0	0	0	0	0	0	0	0	0	0	0	0	0	0	0	0	0	0	0	0	0	0	0	0	0	0	0	0	0	0	0	9.364	9.061	9.525	9.589	9.502	15.24	12.96	17.55	17.23	20.06	19.77	20.09	19.95	19.86	20.85	20.66	24.46	23.76	21.45	10.73	18.77	18.65	19.16	19.19	16.09	19.39	14.12	19.94	19.41	20.7	17.6	21.31	20.27	28.66	40.29	56.26	100	54.54	48.64	36.35	31.28	23.77	20.93	15.6	21.72	18.71	20.55	17.17	19.36	14.68	14.4	11.61	3.987	9.623	21.51	17.19	19.56	13.77	16.41	12.76	13.97	12.18	8.63	10.23	9.662	0	0	0	0	0	0	0	0	0	0	0	0	0	0	0	0	0	0	0	0	0	0	0	0	0	0	0	0	0	0	107
0.4125	0	0	0	0	0	0	0	0	0	0	0	0	0	0	0	0	0	0	0	0	0	0	0	0	0	0	0	0	0	0	0	0	0	0	0	0	0	0	0	0	0	0	0	0	0	0	0	0	0	0	0	0	0	0	0	0	0	0	0	0	0	0	0	0	0	0	0	0	0	0	7.948	7.69	8.09	8.212	8.23	13.24	11.19	15.13	14.91	17.3	17.1	17.51	17.41	17.32	18.09	17.9	20.77	20.26	18.42	9.489	16.21	15.88	16.77	16.69	13.87	16.77	11.88	17.27	16.02	17.31	14.35	17.9	18.41	17.2	30.49	41.79	54.54	100	55.97	41.88	34.91	27.08	21.85	15.4	19.44	16.48	17.41	14.57	16.53	12.55	11	9.957	3.995	7.413	18.31	14.63	16.31	11.65	13.21	10.18	11.18	9.578	6.988	8.037	7.664	0	0	0	0	0	0	0	0	0	0	0	0	0	0	0	0	0	0	0	0	0	0	0	0	0	0	0	0	0	0	108
0.4375	0	0	0	0	0	0	0	0	0	0	0	0	0	0	0	0	0	0	0	0	0	0	0	0	0	0	0	0	0	0	0	0	0	0	0	0	0	0	0	0	0	0	0	0	0	0	0	0	0	0	0	0	0	0	0	0	0	0	0	0	0	0	0	0	0	0	0	0	0	0	8.837	8.547	8.993	9.126	9.157	14.71	12.44	16.83	16.75	19.43	19.2	19.53	19.41	19.27	20.1	19.95	23.39	22.7	20.63	10.42	18.35	17.78	19.02	18.88	15.81	18.88	13.45	19.08	18.12	19.43	16.4	20.24	21.57	20.3	24.72	35.53	48.64	55.97	100	55.72	46.65	38.85	31.88	19.23	22.7	19.18	20.48	16.85	19.44	14.32	12.62	11.42	4.014	8.427	21.78	16.82	18.78	13.55	15.14	11.35	12.73	10.88	8.051	9.126	8.732	0	0	0	0	0	0	0	0	0	0	0	0	0	0	0	0	0	0	0	0	0	0	0	0	0	0	0	0	0	0	109
0.4625	0	0	0	0	0	0	0	0	0	0	0	0	0	0	0	0	0	0	0	0	0	0	0	0	0	0	0	0	0	0	0	0	0	0	0	0	0	0	0	0	0	0	0	0	0	0	0	0	0	0	0	0	0	0	0	0	0	0	0	0	0	0	0	0	0	0	0	0	0	0	8.447	8.177	8.604	8.694	8.685	13.97	11.8	15.96	15.73	18.31	18.13	18.5	18.4	18.44	19.18	19.12	21.97	21.84	20.6	10.49	17.68	17.05	18.01	17.78	15.04	17.86	12.36	18.47	17	18.09	15.02	19.65	21.59	22	21.57	27.53	36.35	41.88	55.72	100	60.33	49.15	44.26	22.31	22.51	18.78	19.87	15.93	17.86	13.14	10.89	10.44	5.236	7.641	19.86	15.58	17.73	13.1	14.6	11.4	12.5	10.55	7.979	8.882	8.451	0	0	0	0	0	0	0	0	0	0	0	0	0	0	0	0	0	0	0	0	0	0	0	0	0	0	0	0	0	0	110
0.4875	0	0	0	0	0	0	0	0	0	0	0	0	0	0	0	0	0	0	0	0	0	0	0	0	0	0	0	0	0	0	0	0	0	0	0	0	0	0	0	0	0	0	0	0	0	0	0	0	0	0	0	0	0	0	0	0	0	0	0	0	0	0	0	0	0	0	0	0	0	0	9.219	8.921	9.379	9.33	9.195	14.72	12.52	16.83	16.59	19.31	19.12	19.56	19.44	19.39	20.23	20.11	23.17	22.92	20.75	10.57	17.86	17.98	18.77	18.57	15.66	18.87	13.13	19.48	18.35	18.87	15.28	19.71	22.32	23.34	25.32	21.41	31.28	34.91	46.65	60.33	100	61.98	49.84	27.86	27.86	18.79	19.66	15.9	18.23	13.78	11.91	11	5.009	8.537	20.42	16.48	18.58	13.61	15.71	12.29	13.59	11.57	8.469	10.12	9.277	0	0	0	0	0	0	0	0	0	0	0	0	0	0	0	0	0	0	0	0	0	0	0	0	0	0	0	0	0	0	111
0.51	0	0	0	0	0	0	0	0	0	0	0	0	0	0	0	0	0	0	0	0	0	0	0	0	0	0	0	0	0	0	0	0	0	0	0	0	0	0	0	0	0	0	0	0	0	0	0	0	0	0	0	0	0	0	0	0	0	0	0	0	0	0	0	0	0	0	0	0	0	0	8.522	8.245	8.668	8.632	8.509	13.75	11.54	15.58	15.37	17.9	17.74	18.12	18	17.94	18.62	18.46	21.04	21.26	19.14	9.611	16.49	16.48	17.49	17.26	14.62	17.71	12.43	17.8	16.08	17.66	14.08	18.24	20.57	21.92	23.93	22.14	23.77	27.08	38.85	49.15	61.98	100	56.75	38.11	33.66	20.29	17.6	15.39	18.51	13.51	10.16	11.06	3.438	7.194	19.49	15.76	17.45	12.17	14.53	10.82	12.49	10.56	7.998	8.737	8.601	0	0	0	0	0	0	0	0	0	0	0	0	0	0	0	0	0	0	0	0	0	0	0	0	0	0	0	0	0	0	112
0.53	0	0	0	0	0	0	0	0	0	0	0	0	0	0	0	0	0	0	0	0	0	0	0	0	0	0	0	0	0	0	0	0	0	0	0	0	0	0	0	0	0	0	0	0	0	0	0	0	0	0	0	0	0	0	0	0	0	0	0	0	0	0	0	0	0	0	0	0	0	0	7.467	7.234	7.612	7.695	7.681	12.18	10.44	14.08	13.95	16.23	16.1	16.52	16.5	16.65	17.28	17.19	19.61	20.36	20.25	9.428	17	15.95	15.86	17.11	13.54	15.64	11.21	16.31	15.18	17.02	13.37	18.13	18.42	19.52	22.19	22	20.93	21.85	31.88	44.26	49.84	56.75	100	29.73	31.91	19.07	19.63	13.09	16.48	12.18	8.937	9.813	5.14	6.339	17.75	13.83	15.21	11.45	13.11	10.63	11.44	9.627	7.345	7.719	7.545	0	0	0	0	0	0	0	0	0	0	0	0	0	0	0	0	0	0	0	0	0	0	0	0	0	0	0	0	0	0	113
0.555	0	0	0	0	0	0	0	0	0	0	0	0	0	0	0	0	0	0	0	0	0	0	0	0	0	0	0	0	0	0	0	0	0	0	0	0	0	0	0	0	0	0	0	0	0	0	0	0	0	0	0	0	0	0	0	0	0	0	0	0	0	0	0	0	0	0	0	0	0	0	5.526	5.348	5.619	5.568	5.463	8.819	7.381	10	9.845	11.49	11.42	11.73	11.71	11.7	12.17	12.12	13.83	14.83	13.44	6.607	11.62	11.56	11.84	12.15	10.22	11.87	8.863	11.45	10.46	12.46	10.04	12.69	13.76	14.41	15.51	15.73	15.6	15.4	19.23	22.31	27.86	38.11	29.73	100	44.68	28.61	21.82	11.54	13.55	11.47	7.224	8.828	1.527	5.073	15	12.18	13.45	8.579	10.83	7.548	9.096	7.691	6.037	6.132	6.471	0	0	0	0	0	0	0	0	0	0	0	0	0	0	0	0	0	0	0	0	0	0	0	0	0	0	0	0	0	0	114
0.585	0	0	0	0	0	0	0	0	0	0	0	0	0	0	0	0	0	0	0	0	0	0	0	0	0	0	0	0	0	0	0	0	0	0	0	0	0	0	0	0	0	0	0	0	0	0	0	0	0	0	0	0	0	0	0	0	0	0	0	0	0	0	0	0	0	0	0	0	0	0	6.739	6.524	6.862	6.846	6.764	10.86	9.238	12.53	12.28	14.34	14.26	14.77	14.77	14.77	15.41	15.4	17.72	18.13	17.27	8.505	14.81	14.6	14.63	15.18	12.75	14.62	10.77	14.65	13.26	15.49	12.67	16.31	17.74	18.78	20.98	21.36	21.72	19.44	22.7	22.51	27.86	33.66	31.91	44.68	100	52.87	36.36	24.99	20.04	13.99	10.52	13.03	3.401	7.117	21.82	16.67	19.23	12.38	14.62	10.94	12.44	10.45	8.186	8.062	8.289	0	0	0	0	0	0	0	0	0	0	0	0	0	0	0	0	0	0	0	0	0	0	0	0	0	0	0	0	0	0	115
0.625	0	0	0	0	0	0	0	0	0	0	0	0	0	0	0	0	0	0	0	0	0	0	0	0	0	0	0	0	0	0	0	0	0	0	0	0	0	0	0	0	0	0	0	0	0	0	0	0	0	0	0	0	0	0	0	0	0	0	0	0	0	0	0	0	0	0	0	0	0	0	5.843	5.657	5.95	5.89	5.783	9.313	7.892	10.75	10.53	12.28	12.19	12.57	12.55	12.58	13.13	13.2	15.19	15.36	14.83	7.175	12.67	12.37	12.41	12.84	10.78	12.42	9.201	12.46	11.36	13.29	11.21	14	15.11	15.94	17.7	17.85	18.71	16.48	19.18	18.78	18.79	20.29	19.07	28.61	52.87	100	46	41.87	28.87	11.84	9.434	10.65	3.229	6.359	18.28	14.41	16.75	10.9	12.78	9.398	10.87	8.992	7.318	6.965	7.203	0	0	0	0	0	0	0	0	0	0	0	0	0	0	0	0	0	0	0	0	0	0	0	0	0	0	0	0	0	0	116
0.675	0	0	0	0	0	0	0	0	0	0	0	0	0	0	0	0	0	0	0	0	0	0	0	0	0	0	0	0	0	0	0	0	0	0	0	0	0	0	0	0	0	0	0	0	0	0	0	0	0	0	0	0	0	0	0	0	0	0	0	0	0	0	0	0	0	0	0	0	0	0	6.21	6.011	6.335	6.399	6.407	10.22	8.83	11.94	11.75	13.71	13.67	14.16	14.1	14.14	14.71	14.84	17.49	17.23	17.41	8.298	14.45	13.86	13.79	14.32	12.05	13.82	10.28	13.96	12.87	15.14	13.67	16.05	16.79	17.46	19.53	19.28	20.55	17.41	20.48	19.87	19.66	17.6	19.63	21.82	36.36	46	100	43.9	34.12	20.01	13.07	6.647	2.581	7.715	18.68	16.26	17.28	11.87	14.01	10.34	12.09	9.928	7.982	7.936	8.137	0	0	0	0	0	0	0	0	0	0	0	0	0	0	0	0	0	0	0	0	0	0	0	0	0	0	0	0	0	0	117
0.725	0	0	0	0	0	0	0	0	0	0	0	0	0	0	0	0	0	0	0	0	0	0	0	0	0	0	0	0	0	0	0	0	0	0	0	0	0	0	0	0	0	0	0	0	0	0	0	0	0	0	0	0	0	0	0	0	0	0	0	0	0	0	0	0	0	0	0	0	0	0	5.273	5.108	5.372	5.348	5.278	8.499	7.224	9.907	9.601	11.21	11.14	11.53	11.49	11.52	12.05	12.16	14.08	14.19	13.65	6.638	11.74	11.5	11.54	11.89	9.963	11.56	8.572	11.6	10.66	12.59	10.7	13.06	14.08	14.65	16.2	16.33	17.17	14.57	16.85	15.93	15.9	15.39	13.09	11.54	24.99	41.87	43.9	100	51.77	28.92	11.73	12.92	4.046	6.316	15.45	14.12	16.13	10.39	12.28	9.03	10.5	8.661	6.961	6.723	6.916	0	0	0	0	0	0	0	0	0	0	0	0	0	0	0	0	0	0	0	0	0	0	0	0	0	0	0	0	0	0	118
0.775	0	0	0	0	0	0	0	0	0	0	0	0	0	0	0	0	0	0	0	0	0	0	0	0	0	0	0	0	0	0	0	0	0	0	0	0	0	0	0	0	0	0	0	0	0	0	0	0	0	0	0	0	0	0	0	0	0	0	0	0	0	0	0	0	0	0	0	0	0	0	5.509	5.339	5.619	5.628	5.581	8.979	7.777	10.62	10.14	11.97	11.89	12.25	12.22	12.27	12.83	12.9	14.96	15.29	14.76	7.094	12.67	12.4	12.41	12.72	10.62	12.43	9.073	12.65	11.41	13.39	11.2	13.88	15.36	16.11	18.32	19.05	19.36	16.53	19.44	17.86	18.23	18.51	16.48	13.55	20.04	28.87	34.12	51.77	100	33.31	12.76	24.51	5.59	7.412	24.82	13.78	18.17	12.03	14.4	10.71	12.47	10.4	8.696	7.784	8.309	0	0	0	0	0	0	0	0	0	0	0	0	0	0	0	0	0	0	0	0	0	0	0	0	0	0	0	0	0	0	119
0.825	0	0	0	0	0	0	0	0	0	0	0	0	0	0	0	0	0	0	0	0	0	0	0	0	0	0	0	0	0	0	0	0	0	0	0	0	0	0	0	0	0	0	0	0	0	0	0	0	0	0	0	0	0	0	0	0	0	0	0	0	0	0	0	0	0	0	0	0	0	0	5.01	4.848	5.094	5.027	4.917	7.882	6.668	9.254	8.803	10.24	10.2	10.72	10.76	10.74	11.21	11.22	12.63	12.88	12.2	6.351	10.67	10.58	10.55	11.04	9.111	10.59	7.937	10.48	9.482	11.31	9.37	11.8	12.42	12.88	13.6	13.7	14.68	12.55	14.32	13.14	13.78	13.51	12.18	11.47	13.99	11.84	20.01	28.92	33.31	100	10.72	15.21	9.52	6.074	25.12	12.56	12.91	9.145	11.14	8.154	9.483	7.589	6.05	5.901	5.966	0	0	0	0	0	0	0	0	0	0	0	0	0	0	0	0	0	0	0	0	0	0	0	0	0	0	0	0	0	0	120
0.875	0	0	0	0	0	0	0	0	0	0	0	0	0	0	0	0	0	0	0	0	0	0	0	0	0	0	0	0	0	0	0	0	0	0	0	0	0	0	0	0	0	0	0	0	0	0	0	0	0	0	0	0	0	0	0	0	0	0	0	0	0	0	0	0	0	0	0	0	0	0	3.717	3.597	3.789	3.844	3.87	6.168	5.309	7.189	7.025	8.174	8.096	8.297	8.263	8.249	8.759	8.976	11.58	10.15	10.21	4.845	8.848	9.919	8.609	8.786	7.308	8.767	6.573	8.953	8.513	10.11	11.19	10.61	11.54	10.47	10.56	11.35	14.4	11	12.62	10.89	11.91	10.16	8.937	7.224	10.52	9.434	13.07	11.73	12.76	10.72	100	8.827	3.219	43.52	20.39	13.2	11.79	8.119	10.95	9.124	10.09	9.325	5.961	9.075	7.054	0	0	0	0	0	0	0	0	0	0	0	0	0	0	0	0	0	0	0	0	0	0	0	0	0	0	0	0	0	0	121
0.92	0	0	0	0	0	0	0	0	0	0	0	0	0	0	0	0	0	0	0	0	0	0	0	0	0	0	0	0	0	0	0	0	0	0	0	0	0	0	0	0	0	0	0	0	0	0	0	0	0	0	0	0	0	0	0	0	0	0	0	0	0	0	0	0	0	0	0	0	0	0	3.311	3.205	3.375	3.403	3.402	5.449	4.711	6.506	6.2	7.18	7.134	7.348	7.284	7.275	7.62	7.668	8.943	9.376	8.687	4.25	7.585	7.815	7.607	7.831	6.324	7.508	5.436	7.617	6.866	8.173	6.526	8.246	9.356	9.47	10.36	11.02	11.61	9.957	11.42	10.44	11	11.06	9.813	8.828	13.03	10.65	6.647	12.92	24.51	15.21	8.827	100	6.007	4.91	38.09	21.03	6.297	10.56	10.76	7.886	9.439	7.725	6.847	5.821	7.171	0	0	0	0	0	0	0	0	0	0	0	0	0	0	0	0	0	0	0	0	0	0	0	0	0	0	0	0	0	0	122
0.95	0	0	0	0	0	0	0	0	0	0	0	0	0	0	0	0	0	0	0	0	0	0	0	0	0	0	0	0	0	0	0	0	0	0	0	0	0	0	0	0	0	0	0	0	0	0	0	0	0	0	0	0	0	0	0	0	0	0	0	0	0	0	0	0	0	0	0	0	0	0	2.042	1.978	2.093	2.253	2.388	3.666	3.666	7.847	4.419	4.635	4.506	4.56	4.48	4.667	5.08	5.538	5.437	4.343	3.86	1.979	3.333	2.989	3.24	2.714	1.62	2.743	0.2707	5.488	4.493	2.332	2.113	3.05	3.564	3.271	5.845	4.89	3.987	3.995	4.014	5.236	5.009	3.438	5.14	1.527	3.401	3.229	2.581	4.046	5.59	9.52	3.219	6.007	100	1.937	11.4	7.447	3.395	6.673	4.417	6.538	4.228	2.9	2.196	2.029	2.056	0	0	0	0	0	0	0	0	0	0	0	0	0	0	0	0	0	0	0	0	0	0	0	0	0	0	0	0	0	0	123
0.97	0	0	0	0	0	0	0	0	0	0	0	0	0	0	0	0	0	0	0	0	0	0	0	0	0	0	0	0	0	0	0	0	0	0	0	0	0	0	0	0	0	0	0	0	0	0	0	0	0	0	0	0	0	0	0	0	0	0	0	0	0	0	0	0	0	0	0	0	0	0	2.505	2.426	2.555	2.586	2.597	4.148	3.549	4.809	4.7	5.463	5.411	5.542	5.515	5.517	5.825	5.916	7.322	6.715	6.812	3.321	6.186	7.611	6.048	6.139	4.953	5.942	4.385	6.066	5.613	6.601	6.614	7.022	8.35	7.387	7.461	7.681	9.623	7.413	8.427	7.641	8.537	7.194	6.339	5.073	7.117	6.359	7.715	6.316	7.412	6.074	43.52	4.91	1.937	100	11.69	9.168	12.26	6.962	8.172	7.369	7.915	7.633	4.555	7.835	5.752	0	0	0	0	0	0	0	0	0	0	0	0	0	0	0	0	0	0	0	0	0	0	0	0	0	0	0	0	0	0	124
0.99	0	0	0	0	0	0	0	0	0	0	0	0	0	0	0	0	0	0	0	0	0	0	0	0	0	0	0	0	0	0	0	0	0	0	0	0	0	0	0	0	0	0	0	0	0	0	0	0	0	0	0	0	0	0	0	0	0	0	0	0	0	0	0	0	0	0	0	0	0	0	6.062	5.867	6.179	6.236	6.239	10	8.588	11.93	11.45	13.13	13.05	13.46	13.42	13.45	14.07	14.11	16.26	16.79	16.32	7.855	13.94	14.08	13.7	14.02	11.61	13.53	9.976	13.63	12.38	14.55	11.94	15.05	16.77	17.32	19.27	20.4	21.51	18.31	21.78	19.86	20.42	19.49	17.75	15	21.82	18.28	18.68	15.45	24.82	25.12	20.39	38.09	11.4	11.69	100	44.87	27.56	15.54	18.6	13.89	16.07	13.08	11.23	10.05	10.43	0	0	0	0	0	0	0	0	0	0	0	0	0	0	0	0	0	0	0	0	0	0	0	0	0	0	0	0	0	0	125
1.05	0	0	0	0	0	0	0	0	0	0	0	0	0	0	0	0	0	0	0	0	0	0	0	0	0	0	0	0	0	0	0	0	0	0	0	0	0	0	0	0	0	0	0	0	0	0	0	0	0	0	0	0	0	0	0	0	0	0	0	0	0	0	0	0	0	0	0	0	0	0	5.44	5.263	5.545	5.588	5.59	8.922	7.608	10.47	10.1	11.68	11.62	12.13	12.13	12.14	12.71	12.73	14.52	15.08	15.03	7.346	12.66	12.89	12.3	12.73	10.38	12.12	9.008	12.15	11.03	13.02	10.67	13.52	14.78	14.91	15.77	15.81	17.19	14.63	16.82	15.58	16.48	15.76	13.83	12.18	16.67	14.41	16.26	14.12	13.78	12.56	13.2	21.03	7.447	9.168	44.87	100	40.74	17.22	14.93	10.68	12.78	10.6	8.594	8.52	9.034	0	0	0	0	0	0	0	0	0	0	0	0	0	0	0	0	0	0	0	0	0	0	0	0	0	0	0	0	0	0	126
1.175	0	0	0	0	0	0	0	0	0	0	0	0	0	0	0	0	0	0	0	0	0	0	0	0	0	0	0	0	0	0	0	0	0	0	0	0	0	0	0	0	0	0	0	0	0	0	0	0	0	0	0	0	0	0	0	0	0	0	0	0	0	0	0	0	0	0	0	0	0	0	5.869	5.677	5.976	5.991	5.969	9.571	8.118	11.02	10.85	12.51	12.38	12.72	12.66	12.73	13.35	13.43	15.53	15.99	15.62	7.5	13.65	14.44	13.42	13.76	11.25	13.15	9.747	13.11	12.05	14.15	11.86	14.95	17.21	17.24	18.72	17.76	19.56	16.31	18.78	17.73	18.58	17.45	15.21	13.45	19.23	16.75	17.28	16.13	18.17	12.91	11.79	6.297	3.395	12.26	27.56	40.74	100	39.12	22.76	12.57	14.88	12.75	9.742	11.14	11.15	0	0	0	0	0	0	0	0	0	0	0	0	0	0	0	0	0	0	0	0	0	0	0	0	0	0	0	0	0	0	127
1.325	0	0	0	0	0	0	0	0	0	0	0	0	0	0	0	0	0	0	0	0	0	0	0	0	0	0	0	0	0	0	0	0	0	0	0	0	0	0	0	0	0	0	0	0	0	0	0	0	0	0	0	0	0	0	0	0	0	0	0	0	0	0	0	0	0	0	0	0	0	0	4.112	3.977	4.191	4.249	4.277	6.841	5.847	8.051	7.849	8.944	8.837	9.047	8.966	9.102	9.667	9.968	11.42	11.19	10.67	5.133	9.4	9.927	9.239	9.212	7.312	8.918	5.918	10.08	9.101	9.531	8.194	10.29	12.02	11.75	13.33	12.56	13.77	11.65	13.55	13.1	13.61	12.17	11.45	8.579	12.38	10.9	11.87	10.39	12.03	9.145	8.119	10.56	6.673	6.962	15.54	17.22	39.12	100	34.57	15.28	12.01	9.903	8.282	8.751	9.284	0	0	0	0	0	0	0	0	0	0	0	0	0	0	0	0	0	0	0	0	0	0	0	0	0	0	0	0	0	0	128
1.5	0	0	0	0	0	0	0	0	0	0	0	0	0	0	0	0	0	0	0	0	0	0	0	0	0	0	0	0	0	0	0	0	0	0	0	0	0	0	0	0	0	0	0	0	0	0	0	0	0	0	0	0	0	0	0	0	0	0	0	0	0	0	0	0	0	0	0	0	0	0	4.713	4.558	4.808	4.882	4.92	7.885	6.729	9.185	8.957	10.29	10.19	10.42	10.32	10.42	10.99	11.18	13.01	13.21	12.51	6.051	11.28	12.61	11.17	11.33	9.168	10.92	7.885	11.35	10.39	11.86	9.75	12.29	14.42	13.55	14.23	14.16	16.41	13.21	15.14	14.6	15.71	14.53	13.11	10.83	14.62	12.78	14.01	12.28	14.4	11.14	10.95	10.76	4.417	8.172	18.6	14.93	22.76	34.57	100	37.46	25.04	16.19	13.92	13.08	14.32	0	0	0	0	0	0	0	0	0	0	0	0	0	0	0	0	0	0	0	0	0	0	0	0	0	0	0	0	0	0	129
1.7	0	0	0	0	0	0	0	0	0	0	0	0	0	0	0	0	0	0	0	0	0	0	0	0	0	0	0	0	0	0	0	0	0	0	0	0	0	0	0	0	0	0	0	0	0	0	0	0	0	0	0	0	0	0	0	0	0	0	0	0	0	0	0	0	0	0	0	0	0	0	3.517	3.401	3.588	3.669	3.72	5.945	5.115	7.046	6.723	7.781	7.705	7.874	7.791	7.924	8.423	8.712	9.868	9.71	9.202	4.489	8.324	9.453	8.244	8.172	6.387	7.856	5.11	9.066	8.099	8.218	6.876	8.806	10.47	9.778	11.11	10.99	12.76	10.18	11.35	11.4	12.29	10.82	10.63	7.548	10.94	9.398	10.34	9.03	10.71	8.154	9.124	7.886	6.538	7.369	13.89	10.68	12.57	15.28	37.46	100	38.21	19.84	11.92	10.8	10.63	0	0	0	0	0	0	0	0	0	0	0	0	0	0	0	0	0	0	0	0	0	0	0	0	0	0	0	0	0	0	130
1.9	0	0	0	0	0	0	0	0	0	0	0	0	0	0	0	0	0	0	0	0	0	0	0	0	0	0	0	0	0	0	0	0	0	0	0	0	0	0	0	0	0	0	0	0	0	0	0	0	0	0	0	0	0	0	0	0	0	0	0	0	0	0	0	0	0	0	0	0	0	0	3.836	3.711	3.915	4.008	4.07	6.509	5.641	7.663	7.404	8.585	8.506	8.7	8.599	8.682	9.14	9.313	10.73	10.87	10.32	5.048	9.393	10.8	9.316	9.426	7.567	9.034	6.437	9.508	8.641	9.719	8.012	10.15	12.08	11.23	11.91	11.96	13.97	11.18	12.73	12.5	13.59	12.49	11.44	9.096	12.44	10.87	12.09	10.5	12.47	9.483	10.09	9.439	4.228	7.915	16.07	12.78	14.88	12.01	25.04	38.21	100	46.5	23.41	16.73	17.55	0	0	0	0	0	0	0	0	0	0	0	0	0	0	0	0	0	0	0	0	0	0	0	0	0	0	0	0	0	0	131
2.1	0	0	0	0	0	0	0	0	0	0	0	0	0	0	0	0	0	0	0	0	0	0	0	0	0	0	0	0	0	0	0	0	0	0	0	0	0	0	0	0	0	0	0	0	0	0	0	0	0	0	0	0	0	0	0	0	0	0	0	0	0	0	0	0	0	0	0	0	0	0	3.28	3.174	3.345	3.401	3.431	5.485	4.723	6.41	6.217	7.205	7.141	7.308	7.237	7.276	7.653	7.733	9.062	9.204	8.735	4.308	8.034	9.687	7.987	8.07	6.439	7.735	5.558	8.068	7.295	8.331	6.835	8.674	10.6	9.637	10.08	10.18	12.18	9.578	10.88	10.55	11.57	10.56	9.627	7.691	10.45	8.992	9.928	8.661	10.4	7.589	9.325	7.725	2.9	7.633	13.08	10.6	12.75	9.903	16.19	19.84	46.5	100	28.17	36.74	21.53	0	0	0	0	0	0	0	0	0	0	0	0	0	0	0	0	0	0	0	0	0	0	0	0	0	0	0	0	0	0	132
2.3	0	0	0	0	0	0	0	0	0	0	0	0	0	0	0	0	0	0	0	0	0	0	0	0	0	0	0	0	0	0	0	0	0	0	0	0	0	0	0	0	0	0	0	0	0	0	0	0	0	0	0	0	0	0	0	0	0	0	0	0	0	0	0	0	0	0	0	0	0	0	2.459	2.379	2.507	2.544	2.562	4.095	3.531	4.793	4.646	5.364	5.318	5.446	5.395	5.416	5.702	5.76	6.824	6.928	6.486	3.175	5.865	6.714	5.823	5.904	4.771	5.705	4.128	5.906	5.381	6.259	5.046	6.407	7.651	7.081	7.405	7.47	8.63	6.988	8.051	7.979	8.469	7.998	7.345	6.037	8.186	7.318	7.982	6.961	8.696	6.05	5.961	6.847	2.196	4.555	11.23	8.594	9.742	8.282	13.92	11.92	23.41	28.17	100	17.84	27.8	0	0	0	0	0	0	0	0	0	0	0	0	0	0	0	0	0	0	0	0	0	0	0	0	0	0	0	0	0	0	133
2.5	0	0	0	0	0	0	0	0	0	0	0	0	0	0	0	0	0	0	0	0	0	0	0	0	0	0	0	0	0	0	0	0	0	0	0	0	0	0	0	0	0	0	0	0	0	0	0	0	0	0	0	0	0	0	0	0	0	0	0	0	0	0	0	0	0	0	0	0	0	0	2.75	2.661	2.802	2.839	2.855	4.562	3.908	5.298	5.156	5.977	5.918	6.053	6.009	6.026	6.323	6.356	7.473	7.53	7.289	3.644	6.868	8.794	6.827	6.867	5.416	6.539	4.71	6.783	6.087	7.004	5.783	7.363	9.415	8.255	8.425	8.375	10.23	8.037	9.126	8.882	10.12	8.737	7.719	6.132	8.062	6.965	7.936	6.723	7.784	5.901	9.075	5.821	2.029	7.835	10.05	8.52	11.14	8.751	13.08	10.8	16.73	36.74	17.84	100	39.87	0	0	0	0	0	0	0	0	0	0	0	0	0	0	0	0	0	0	0	0	0	0	0	0	0	0	0	0	0	0	134
2.7	0	0	0	0	0	0	0	0	0	0	0	0	0	0	0	0	0	0	0	0	0	0	0	0	0	0	0	0	0	0	0	0	0	0	0	0	0	0	0	0	0	0	0	0	0	0	0	0	0	0	0	0	0	0	0	0	0	0	0	0	0	0	0	0	0	0	0	0	0	0	2.73	2.64	2.782	2.823	2.845	4.541	3.907	5.294	5.144	5.943	5.894	6.025	5.978	5.993	6.306	6.353	7.576	7.691	7.192	3.545	6.613	7.926	6.581	6.64	5.284	6.399	4.64	6.61	6.02	7.061	5.723	7.22	8.896	7.97	8.181	8.161	9.662	7.664	8.732	8.451	9.277	8.601	7.545	6.471	8.289	7.203	8.137	6.916	8.309	5.966	7.054	7.171	2.056	5.752	10.43	9.034	11.15	9.284	14.32	10.63	17.55	21.53	27.8	39.87	100	0	0	0	0	0	0	0	0	0	0	0	0	0	0	0	0	0	0	0	0	0	0	0	0	0	0	0	0	0	0	135
2.9	0	0	0	0	0	0	0	0	0	0	0	0	0	0	0	0	0	0	0	0	0	0	0	0	0	0	0	0	0	0	0	0	0	0	0	0	0	0	0	0	0	0	0	0	0	0	0	0	0	0	0	0	0	0	0	0	0	0	0	0	0	0	0	0	0	0	0	0	0	0	0	0	0	0	0	0	0	0	0	0	0	0	0	0	0	0	0	0	0	0	0	0	0	0	0	0	0	0	0	0	0	0	0	0	0	0	0	0	0	0	0	0	0	0	0	0	0	0	0	0	0	0	0	0	0	0	0	0	0	0	0	0	0	0	0	100	90.64	67.54	41.59	21.65	16.13	22.41	-0.6563	5.799	4.635	-0.6525	-1.72	2.034	4.24	0.5626	-1.353	-0.7023	1.241	3.285	4.904	3.786	0.7407	-0.6848	0.5146	0.5009	0.5007	0	0	0	0	136
3.3	0	0	0	0	0	0	0	0	0	0	0	0	0	0	0	0	0	0	0	0	0	0	0	0	0	0	0	0	0	0	0	0	0	0	0	0	0	0	0	0	0	0	0	0	0	0	0	0	0	0	0	0	0	0	0	0	0	0	0	0	0	0	0	0	0	0	0	0	0	0	0	0	0	0	0	0	0	0	0	0	0	0	0	0	0	0	0	0	0	0	0	0	0	0	0	0	0	0	0	0	0	0	0	0	0	0	0	0	0	0	0	0	0	0	0	0	0	0	0	0	0	0	0	0	0	0	0	0	0	0	0	0	0	0	0	90.64	100	90.95	69.86	45.2	23.41	19.5	4.672	4.107	9.529	6.491	2.088	1.152	5.652	7.115	5.797	4.459	3.714	3.588	4.05	4.382	3.492	2.274	1.42	1.382	1.382	0	0	0	0	137
3.8	0	0	0	0	0	0	0	0	0	0	0	0	0	0	0	0	0	0	0	0	0	0	0	0	0	0	0	0	0	0	0	0	0	0	0	0	0	0	0	0	0	0	0	0	0	0	0	0	0	0	0	0	0	0	0	0	0	0	0	0	0	0	0	0	0	0	0	0	0	0	0	0	0	0	0	0	0	0	0	0	0	0	0	0	0	0	0	0	0	0	0	0	0	0	0	0	0	0	0	0	0	0	0	0	0	0	0	0	0	0	0	0	0	0	0	0	0	0	0	0	0	0	0	0	0	0	0	0	0	0	0	0	0	0	0	67.54	90.95	100	92.36	71.97	36.96	14.38	11.41	1.005	11.89	13.93	7.961	1.243	5.664	12.9	13.47	10.63	6.948	4.015	2.422	3.838	5.745	5.32	2.371	2.308	2.307	0	0	0	0	138
4.4	0	0	0	0	0	0	0	0	0	0	0	0	0	0	0	0	0	0	0	0	0	0	0	0	0	0	0	0	0	0	0	0	0	0	0	0	0	0	0	0	0	0	0	0	0	0	0	0	0	0	0	0	0	0	0	0	0	0	0	0	0	0	0	0	0	0	0	0	0	0	0	0	0	0	0	0	0	0	0	0	0	0	0	0	0	0	0	0	0	0	0	0	0	0	0	0	0	0	0	0	0	0	0	0	0	0	0	0	0	0	0	0	0	0	0	0	0	0	0	0	0	0	0	0	0	0	0	0	0	0	0	0	0	0	0	41.59	69.86	92.36	100	91.35	54.79	13.18	14.77	-1.111	9.339	15.86	11.76	2.585	4.144	13.27	15.74	13.19	8.623	4.389	1.347	2.562	5.746	6.113	2.643	2.573	2.572	0	0	0	0	139
5	0	0	0	0	0	0	0	0	0	0	0	0	0	0	0	0	0	0	0	0	0	0	0	0	0	0	0	0	0	0	0	0	0	0	0	0	0	0	0	0	0	0	0	0	0	0	0	0	0	0	0	0	0	0	0	0	0	0	0	0	0	0	0	0	0	0	0	0	0	0	0	0	0	0	0	0	0	0	0	0	0	0	0	0	0	0	0	0	0	0	0	0	0	0	0	0	0	0	0	0	0	0	0	0	0	0	0	0	0	0	0	0	0	0	0	0	0	0	0	0	0	0	0	0	0	0	0	0	0	0	0	0	0	0	0	21.65	45.2	71.97	91.35	100	79.37	25.09	10.97	0.3321	2.525	9.395	10.17	4.558	1.959	6.782	9.766	9.441	7.108	4.345	1.705	1.475	3.277	3.802	1.873	1.823	1.823	0	0	0	0	140
5.8	0	0	0	0	0	0	0	0	0	0	0	0	0	0	0	0	0	0	0	0	0	0	0	0	0	0	0	0	0	0	0	0	0	0	0	0	0	0	0	0	0	0	0	0	0	0	0	0	0	0	0	0	0	0	0	0	0	0	0	0	0	0	0	0	0	0	0	0	0	0	0	0	0	0	0	0	0	0	0	0	0	0	0	0	0	0	0	0	0	0	0	0	0	0	0	0	0	0	0	0	0	0	0	0	0	0	0	0	0	0	0	0	0	0	0	0	0	0	0	0	0	0	0	0	0	0	0	0	0	0	0	0	0	0	0	16.13	23.41	36.96	54.79	79.37	100	64.26	-2.232	8.771	0.09818	-2.102	1.419	5.355	2.94	-1.391	-1.262	0.8098	2.995	4.462	4.872	2.979	0.5624	-0.218	0.6833	0.6652	0.665	0	0	0	0	141
6.7	0	0	0	0	0	0	0	0	0	0	0	0	0	0	0	0	0	0	0	0	0	0	0	0	0	0	0	0	0	0	0	0	0	0	0	0	0	0	0	0	0	0	0	0	0	0	0	0	0	0	0	0	0	0	0	0	0	0	0	0	0	0	0	0	0	0	0	0	0	0	0	0	0	0	0	0	0	0	0	0	0	0	0	0	0	0	0	0	0	0	0	0	0	0	0	0	0	0	0	0	0	0	0	0	0	0	0	0	0	0	0	0	0	0	0	0	0	0	0	0	0	0	0	0	0	0	0	0	0	0	0	0	0	0	0	22.41	19.5	14.38	13.18	25.09	64.26	100	17.8	21.55	27.75	20.09	14.21	14.57	20.31	19.84	18.81	19	19.52	19.93	19.79	16.6	11.14	7.355	6.076	5.915	5.913	0	0	0	0	142
7.6	0	0	0	0	0	0	0	0	0	0	0	0	0	0	0	0	0	0	0	0	0	0	0	0	0	0	0	0	0	0	0	0	0	0	0	0	0	0	0	0	0	0	0	0	0	0	0	0	0	0	0	0	0	0	0	0	0	0	0	0	0	0	0	0	0	0	0	0	0	0	0	0	0	0	0	0	0	0	0	0	0	0	0	0	0	0	0	0	0	0	0	0	0	0	0	0	0	0	0	0	0	0	0	0	0	0	0	0	0	0	0	0	0	0	0	0	0	0	0	0	0	0	0	0	0	0	0	0	0	0	0	0	0	0	0	-0.6563	4.672	11.41	14.77	10.97	-2.232	17.8	100	63.49	51.05	53.46	53.22	48.39	46.91	47.75	52.83	56.81	57.36	55.4	50.6	40.37	28.8	21.02	16.5	16.06	16.06	0	0	0	0	143
8.7	0	0	0	0	0	0	0	0	0	0	0	0	0	0	0	0	0	0	0	0	0	0	0	0	0	0	0	0	0	0	0	0	0	0	0	0	0	0	0	0	0	0	0	0	0	0	0	0	0	0	0	0	0	0	0	0	0	0	0	0	0	0	0	0	0	0	0	0	0	0	0	0	0	0	0	0	0	0	0	0	0	0	0	0	0	0	0	0	0	0	0	0	0	0	0	0	0	0	0	0	0	0	0	0	0	0	0	0	0	0	0	0	0	0	0	0	0	0	0	0	0	0	0	0	0	0	0	0	0	0	0	0	0	0	0	5.799	4.107	1.005	-1.111	0.3321	8.771	21.55	63.49	100	80.85	59.51	43.62	38.07	48.67	52.71	53.66	54.04	53.05	51.26	48.19	40.36	29.35	21.02	16.04	15.62	15.61	0	0	0	0	144
10	0	0	0	0	0	0	0	0	0	0	0	0	0	0	0	0	0	0	0	0	0	0	0	0	0	0	0	0	0	0	0	0	0	0	0	0	0	0	0	0	0	0	0	0	0	0	0	0	0	0	0	0	0	0	0	0	0	0	0	0	0	0	0	0	0	0	0	0	0	0	0	0	0	0	0	0	0	0	0	0	0	0	0	0	0	0	0	0	0	0	0	0	0	0	0	0	0	0	0	0	0	0	0	0	0	0	0	0	0	0	0	0	0	0	0	0	0	0	0	0	0	0	0	0	0	0	0	0	0	0	0	0	0	0	0	4.635	9.529	11.89	9.339	2.525	0.09818	27.75	51.05	80.85	100	90.42	67.07	43.41	46.68	60.6	66.98	66.61	61.73	55.63	48.66	40.67	32.51	25.24	18.08	17.6	17.59	0	0	0	0	145
11	0	0	0	0	0	0	0	0	0	0	0	0	0	0	0	0	0	0	0	0	0	0	0	0	0	0	0	0	0	0	0	0	0	0	0	0	0	0	0	0	0	0	0	0	0	0	0	0	0	0	0	0	0	0	0	0	0	0	0	0	0	0	0	0	0	0	0	0	0	0	0	0	0	0	0	0	0	0	0	0	0	0	0	0	0	0	0	0	0	0	0	0	0	0	0	0	0	0	0	0	0	0	0	0	0	0	0	0	0	0	0	0	0	0	0	0	0	0	0	0	0	0	0	0	0	0	0	0	0	0	0	0	0	0	0	-0.6525	6.491	13.93	15.86	9.395	-2.102	20.09	53.46	59.51	90.42	100	89.51	63.78	46.81	51.09	61.29	66.57	65.76	61.52	54.11	42.68	31.7	24.11	18.44	17.95	17.95	0	0	0	0	146
12	0	0	0	0	0	0	0	0	0	0	0	0	0	0	0	0	0	0	0	0	0	0	0	0	0	0	0	0	0	0	0	0	0	0	0	0	0	0	0	0	0	0	0	0	0	0	0	0	0	0	0	0	0	0	0	0	0	0	0	0	0	0	0	0	0	0	0	0	0	0	0	0	0	0	0	0	0	0	0	0	0	0	0	0	0	0	0	0	0	0	0	0	0	0	0	0	0	0	0	0	0	0	0	0	0	0	0	0	0	0	0	0	0	0	0	0	0	0	0	0	0	0	0	0	0	0	0	0	0	0	0	0	0	0	0	-1.72	2.088	7.961	11.76	10.17	1.419	14.21	53.22	43.62	67.07	89.51	100	87.59	54.28	36.24	43.23	53.52	59.49	60.72	56.72	43.31	28.12	19.52	16.76	16.32	16.31	0	0	0	0	147
13	0	0	0	0	0	0	0	0	0	0	0	0	0	0	0	0	0	0	0	0	0	0	0	0	0	0	0	0	0	0	0	0	0	0	0	0	0	0	0	0	0	0	0	0	0	0	0	0	0	0	0	0	0	0	0	0	0	0	0	0	0	0	0	0	0	0	0	0	0	0	0	0	0	0	0	0	0	0	0	0	0	0	0	0	0	0	0	0	0	0	0	0	0	0	0	0	0	0	0	0	0	0	0	0	0	0	0	0	0	0	0	0	0	0	0	0	0	0	0	0	0	0	0	0	0	0	0	0	0	0	0	0	0	0	0	2.034	1.152	1.243	2.585	4.558	5.355	14.57	48.39	38.07	43.41	63.78	87.59	100	75.75	39.13	33.28	39.32	46.06	50.11	50.24	39.99	25.02	16.17	14.31	13.93	13.93	0	0	0	0	148
14	0	0	0	0	0	0	0	0	0	0	0	0	0	0	0	0	0	0	0	0	0	0	0	0	0	0	0	0	0	0	0	0	0	0	0	0	0	0	0	0	0	0	0	0	0	0	0	0	0	0	0	0	0	0	0	0	0	0	0	0	0	0	0	0	0	0	0	0	0	0	0	0	0	0	0	0	0	0	0	0	0	0	0	0	0	0	0	0	0	0	0	0	0	0	0	0	0	0	0	0	0	0	0	0	0	0	0	0	0	0	0	0	0	0	0	0	0	0	0	0	0	0	0	0	0	0	0	0	0	0	0	0	0	0	0	4.24	5.652	5.664	4.144	1.959	2.94	20.31	46.91	48.67	46.68	46.81	54.28	75.75	100	81.06	64.63	55.02	48.48	44.02	40.45	35.43	27.88	20.86	15.03	14.63	14.62	0	0	0	0	149
15	0	0	0	0	0	0	0	0	0	0	0	0	0	0	0	0	0	0	0	0	0	0	0	0	0	0	0	0	0	0	0	0	0	0	0	0	0	0	0	0	0	0	0	0	0	0	0	0	0	0	0	0	0	0	0	0	0	0	0	0	0	0	0	0	0	0	0	0	0	0	0	0	0	0	0	0	0	0	0	0	0	0	0	0	0	0	0	0	0	0	0	0	0	0	0	0	0	0	0	0	0	0	0	0	0	0	0	0	0	0	0	0	0	0	0	0	0	0	0	0	0	0	0	0	0	0	0	0	0	0	0	0	0	0	0	0.5626	7.115	12.9	13.27	6.782	-1.391	19.84	47.75	52.71	60.6	51.09	36.24	39.13	81.06	100	91.65	79.18	65.06	52.83	41.74	34	29.1	23.8	16.47	16.03	16.03	0	0	0	0	150
16	0	0	0	0	0	0	0	0	0	0	0	0	0	0	0	0	0	0	0	0	0	0	0	0	0	0	0	0	0	0	0	0	0	0	0	0	0	0	0	0	0	0	0	0	0	0	0	0	0	0	0	0	0	0	0	0	0	0	0	0	0	0	0	0	0	0	0	0	0	0	0	0	0	0	0	0	0	0	0	0	0	0	0	0	0	0	0	0	0	0	0	0	0	0	0	0	0	0	0	0	0	0	0	0	0	0	0	0	0	0	0	0	0	0	0	0	0	0	0	0	0	0	0	0	0	0	0	0	0	0	0	0	0	0	0	-1.353	5.797	13.47	15.74	9.766	-1.262	18.81	52.83	53.66	66.98	61.29	43.23	33.28	64.63	91.65	100	91.66	80.67	68.51	54.28	39.71	29.88	23.59	17.96	17.48	17.48	0	0	0	0	151
17	0	0	0	0	0	0	0	0	0	0	0	0	0	0	0	0	0	0	0	0	0	0	0	0	0	0	0	0	0	0	0	0	0	0	0	0	0	0	0	0	0	0	0	0	0	0	0	0	0	0	0	0	0	0	0	0	0	0	0	0	0	0	0	0	0	0	0	0	0	0	0	0	0	0	0	0	0	0	0	0	0	0	0	0	0	0	0	0	0	0	0	0	0	0	0	0	0	0	0	0	0	0	0	0	0	0	0	0	0	0	0	0	0	0	0	0	0	0	0	0	0	0	0	0	0	0	0	0	0	0	0	0	0	0	0	-0.7023	4.459	10.63	13.19	9.441	0.8098	19	56.81	54.04	66.61	66.57	53.52	39.32	55.02	79.18	91.66	100	89.58	80.65	66.36	46	29.96	21.89	18.63	18.14	18.13	0	0	0	0	152
18	0	0	0	0	0	0	0	0	0	0	0	0	0	0	0	0	0	0	0	0	0	0	0	0	0	0	0	0	0	0	0	0	0	0	0	0	0	0	0	0	0	0	0	0	0	0	0	0	0	0	0	0	0	0	0	0	0	0	0	0	0	0	0	0	0	0	0	0	0	0	0	0	0	0	0	0	0	0	0	0	0	0	0	0	0	0	0	0	0	0	0	0	0	0	0	0	0	0	0	0	0	0	0	0	0	0	0	0	0	0	0	0	0	0	0	0	0	0	0	0	0	0	0	0	0	0	0	0	0	0	0	0	0	0	0	1.241	3.714	6.948	8.623	7.108	2.995	19.52	57.36	53.05	61.73	65.76	59.49	46.06	48.48	65.06	80.67	89.58	100	85.33	72.79	49.42	28.88	19.37	18.13	17.65	17.64	0	0	0	0	153
19	0	0	0	0	0	0	0	0	0	0	0	0	0	0	0	0	0	0	0	0	0	0	0	0	0	0	0	0	0	0	0	0	0	0	0	0	0	0	0	0	0	0	0	0	0	0	0	0	0	0	0	0	0	0	0	0	0	0	0	0	0	0	0	0	0	0	0	0	0	0	0	0	0	0	0	0	0	0	0	0	0	0	0	0	0	0	0	0	0	0	0	0	0	0	0	0	0	0	0	0	0	0	0	0	0	0	0	0	0	0	0	0	0	0	0	0	0	0	0	0	0	0	0	0	0	0	0	0	0	0	0	0	0	0	0	3.285	3.588	4.015	4.389	4.345	4.462	19.93	55.4	51.26	55.63	61.52	60.72	50.11	44.02	52.83	68.51	80.65	85.33	100	73.45	49.81	27.28	17.01	16.92	16.47	16.46	0	0	0	0	154
20	0	0	0	0	0	0	0	0	0	0	0	0	0	0	0	0	0	0	0	0	0	0	0	0	0	0	0	0	0	0	0	0	0	0	0	0	0	0	0	0	0	0	0	0	0	0	0	0	0	0	0	0	0	0	0	0	0	0	0	0	0	0	0	0	0	0	0	0	0	0	0	0	0	0	0	0	0	0	0	0	0	0	0	0	0	0	0	0	0	0	0	0	0	0	0	0	0	0	0	0	0	0	0	0	0	0	0	0	0	0	0	0	0	0	0	0	0	0	0	0	0	0	0	0	0	0	0	0	0	0	0	0	0	0	0	4.904	4.05	2.422	1.347	1.705	4.872	19.79	50.6	48.19	48.66	54.11	56.72	50.24	40.45	41.74	54.28	66.36	72.79	73.45	100	46.27	25.06	14.93	14.79	14.4	14.39	0	0	0	0	155
22	0	0	0	0	0	0	0	0	0	0	0	0	0	0	0	0	0	0	0	0	0	0	0	0	0	0	0	0	0	0	0	0	0	0	0	0	0	0	0	0	0	0	0	0	0	0	0	0	0	0	0	0	0	0	0	0	0	0	0	0	0	0	0	0	0	0	0	0	0	0	0	0	0	0	0	0	0	0	0	0	0	0	0	0	0	0	0	0	0	0	0	0	0	0	0	0	0	0	0	0	0	0	0	0	0	0	0	0	0	0	0	0	0	0	0	0	0	0	0	0	0	0	0	0	0	0	0	0	0	0	0	0	0	0	0	3.786	4.382	3.838	2.562	1.475	2.979	16.6	40.37	40.36	40.67	42.68	43.31	39.99	35.43	34	39.71	46	49.42	49.81	46.27	100	21.03	13.28	11.22	10.92	10.92	0	0	0	0	156
24	0	0	0	0	0	0	0	0	0	0	0	0	0	0	0	0	0	0	0	0	0	0	0	0	0	0	0	0	0	0	0	0	0	0	0	0	0	0	0	0	0	0	0	0	0	0	0	0	0	0	0	0	0	0	0	0	0	0	0	0	0	0	0	0	0	0	0	0	0	0	0	0	0	0	0	0	0	0	0	0	0	0	0	0	0	0	0	0	0	0	0	0	0	0	0	0	0	0	0	0	0	0	0	0	0	0	0	0	0	0	0	0	0	0	0	0	0	0	0	0	0	0	0	0	0	0	0	0	0	0	0	0	0	0	0	0.7407	3.492	5.745	5.746	3.277	0.5624	11.14	28.8	29.35	32.51	31.7	28.12	25.02	27.88	29.1	29.88	29.96	28.88	27.28	25.06	21.03	100	11.32	7.78	7.573	7.571	0	0	0	0	157
26	0	0	0	0	0	0	0	0	0	0	0	0	0	0	0	0	0	0	0	0	0	0	0	0	0	0	0	0	0	0	0	0	0	0	0	0	0	0	0	0	0	0	0	0	0	0	0	0	0	0	0	0	0	0	0	0	0	0	0	0	0	0	0	0	0	0	0	0	0	0	0	0	0	0	0	0	0	0	0	0	0	0	0	0	0	0	0	0	0	0	0	0	0	0	0	0	0	0	0	0	0	0	0	0	0	0	0	0	0	0	0	0	0	0	0	0	0	0	0	0	0	0	0	0	0	0	0	0	0	0	0	0	0	0	0	-0.6848	2.274	5.32	6.113	3.802	-0.218	7.355	21.02	21.02	25.24	24.11	19.52	16.17	20.86	23.8	23.59	21.89	19.37	17.01	14.93	13.28	11.32	100	5.698	5.546	5.545	0	0	0	0	158
28	0	0	0	0	0	0	0	0	0	0	0	0	0	0	0	0	0	0	0	0	0	0	0	0	0	0	0	0	0	0	0	0	0	0	0	0	0	0	0	0	0	0	0	0	0	0	0	0	0	0	0	0	0	0	0	0	0	0	0	0	0	0	0	0	0	0	0	0	0	0	0	0	0	0	0	0	0	0	0	0	0	0	0	0	0	0	0	0	0	0	0	0	0	0	0	0	0	0	0	0	0	0	0	0	0	0	0	0	0	0	0	0	0	0	0	0	0	0	0	0	0	0	0	0	0	0	0	0	0	0	0	0	0	0	0	0.5146	1.42	2.371	2.643	1.873	0.6833	6.076	16.5	16.04	18.08	18.44	16.76	14.31	15.03	16.47	17.96	18.63	18.13	16.92	14.79	11.22	7.78	5.698	100	97.34	97.31	0	0	0	0	159
30	0	0	0	0	0	0	0	0	0	0	0	0	0	0	0	0	0	0	0	0	0	0	0	0	0	0	0	0	0	0	0	0	0	0	0	0	0	0	0	0	0	0	0	0	0	0	0	0	0	0	0	0	0	0	0	0	0	0	0	0	0	0	0	0	0	0	0	0	0	0	0	0	0	0	0	0	0	0	0	0	0	0	0	0	0	0	0	0	0	0	0	0	0	0	0	0	0	0	0	0	0	0	0	0	0	0	0	0	0	0	0	0	0	0	0	0	0	0	0	0	0	0	0	0	0	0	0	0	0	0	0	0	0	0	0	0.5009	1.382	2.308	2.573	1.823	0.6652	5.915	16.06	15.62	17.6	17.95	16.32	13.93	14.63	16.03	17.48	18.14	17.65	16.47	14.4	10.92	7.573	5.546	97.34	100	99.98	22.81	22.89	22.85	22.85	160
34	0	0	0	0	0	0	0	0	0	0	0	0	0	0	0	0	0	0	0	0	0	0	0	0	0	0	0	0	0	0	0	0	0	0	0	0	0	0	0	0	0	0	0	0	0	0	0	0	0	0	0	0	0	0	0	0	0	0	0	0	0	0	0	0	0	0	0	0	0	0	0	0	0	0	0	0	0	0	0	0	0	0	0	0	0	0	0	0	0	0	0	0	0	0	0	0	0	0	0	0	0	0	0	0	0	0	0	0	0	0	0	0	0	0	0	0	0	0	0	0	0	0	0	0	0	0	0	0	0	0	0	0	0	0	0	0.5007	1.382	2.307	2.572	1.823	0.665	5.913	16.06	15.61	17.59	17.95	16.31	13.93	14.62	16.03	17.48	18.13	17.64	16.46	14.39	10.92	7.571	5.545	97.31	99.98	100	23.03	22.88	22.98	22.98	161
40	0	0	0	0	0	0	0	0	0	0	0	0	0	0	0	0	0	0	0	0	0	0	0	0	0	0	0	0	0	0	0	0	0	0	0	0	0	0	0	0	0	0	0	0	0	0	0	0	0	0	0	0	0	0	0	0	0	0	0	0	0	0	0	0	0	0	0	0	0	0	0	0	0	0	0	0	0	0	0	0	0	0	0	0	0	0	0	0	0	0	0	0	0	0	0	0	0	0	0	0	0	0	0	0	0	0	0	0	0	0	0	0	0	0	0	0	0	0	0	0	0	0	0	0	0	0	0	0	0	0	0	0	0	0	0	0	0	0	0	0	0	0	0	0	0	0	0	0	0	0	0	0	0	0	0	0	0	0	0	22.81	23.03	100	99.34	99.8	99.8	162
42	0	0	0	0	0	0	0	0	0	0	0	0	0	0	0	0	0	0	0	0	0	0	0	0	0	0	0	0	0	0	0	0	0	0	0	0	0	0	0	0	0	0	0	0	0	0	0	0	0	0	0	0	0	0	0	0	0	0	0	0	0	0	0	0	0	0	0	0	0	0	0	0	0	0	0	0	0	0	0	0	0	0	0	0	0	0	0	0	0	0	0	0	0	0	0	0	0	0	0	0	0	0	0	0	0	0	0	0	0	0	0	0	0	0	0	0	0	0	0	0	0	0	0	0	0	0	0	0	0	0	0	0	0	0	0	0	0	0	0	0	0	0	0	0	0	0	0	0	0	0	0	0	0	0	0	0	0	0	0	22.89	22.88	99.34	100	99.78	99.78	163
50	0	0	0	0	0	0	0	0	0	0	0	0	0	0	0	0	0	0	0	0	0	0	0	0	0	0	0	0	0	0	0	0	0	0	0	0	0	0	0	0	0	0	0	0	0	0	0	0	0	0	0	0	0	0	0	0	0	0	0	0	0	0	0	0	0	0	0	0	0	0	0	0	0	0	0	0	0	0	0	0	0	0	0	0	0	0	0	0	0	0	0	0	0	0	0	0	0	0	0	0	0	0	0	0	0	0	0	0	0	0	0	0	0	0	0	0	0	0	0	0	0	0	0	0	0	0	0	0	0	0	0	0	0	0	0	0	0	0	0	0	0	0	0	0	0	0	0	0	0	0	0	0	0	0	0	0	0	0	0	22.85	22.98	99.8	99.78	100	99.78	164
60	0	0	0	0	0	0	0	0	0	0	0	0	0	0	0	0	0	0	0	0	0	0	0	0	0	0	0	0	0	0	0	0	0	0	0	0	0	0	0	0	0	0	0	0	0	0	0	0	0	0	0	0	0	0	0	0	0	0	0	0	0	0	0	0	0	0	0	0	0	0	0	0	0	0	0	0	0	0	0	0	0	0	0	0	0	0	0	0	0	0	0	0	0	0	0	0	0	0	0	0	0	0	0	0	0	0	0	0	0	0	0	0	0	0	0	0	0	0	0	0	0	0	0	0	0	0	0	0	0	0	0	0	0	0	0	0	0	0	0	0	0	0	0	0	0	0	0	0	0	0	0	0	0	0	0	0	0	0	0	22.85	22.98	99.8	99.78	99.78	100	165
i 	1	2	3	4	5	6	7	8	9	10	11	12	13	14	15	16	17	18	19	20	21	22	23	24	25	26	27	28	29	30	31	32	33	34	35	36	37	38	39	40	41	42	43	44	45	46	47	48	49	50	51	52	53	54	55	56	57	58	59	60	61	62	63	64	65	66	67	68	69	70	71	72	73	74	75	76	77	78	79	80	81	82	83	84	85	86	87	88	89	90	91	92	93	94	95	96	97	98	99	100	101	102	103	104	105	106	107	108	109	110	111	112	113	114	115	116	117	118	119	120	121	122	123	124	125	126	127	128	129	130	131	132	133	134	135	136	137	138	139	140	141	142	143	144	145	146	147	148	149	150	151	152	153	154	155	156	157	158	159	160	161	162	163	164	165	
