<cross-s.>      1.01      1.00400000D-03    238.05    0    3
 1.53212D+04
 5.29485D+03
 1.00263D+04
<cross-s.>      1.01      2.00800000D-03    238.05    0    3
 1.39522D+04
 3.95606D+03
 9.99615D+03
<cross-s.>      1.01      5.02100000D-03    238.05    0    3
 1.28323D+04
 2.91004D+03
 9.92225D+03
<cross-s.>      1.01      1.00400000D-02    238.05    0    3
 1.23640D+04
 2.54628D+03
 9.81770D+03
<cross-s.>      1.01      2.00800000D-02    238.05    0    3
 1.21388D+04
 2.50436D+03
 9.63444D+03
<cross-s.>      1.01      5.02100000D-02    238.05    0    3
 1.21327D+04
 2.95885D+03
 9.17388D+03
<cross-s.>      1.01      1.00420000D-01    238.05    0    3
 1.22997D+04
 3.71998D+03
 8.57976D+03
<cross-s.>      1.01      2.00850000D-01    238.05    0    3
 1.22896D+04
 4.50858D+03
 7.78099D+03
<cross-s.>      1.01      3.01270000D-01    238.05    0    3
 1.17328D+04
 4.54880D+03
 7.18405D+03
<cross-s.>      1.01      4.01690000D-01    238.05    0    3
 1.09181D+04
 4.31366D+03
 6.60445D+03
<cross-s.>      1.01      5.02120000D-01    238.05    0    3
 1.00883D+04
 4.06986D+03
 6.01840D+03
<cross-s.>      1.01      6.02540000D-01    238.05    0    3
 9.35381D+03
 3.90454D+03
 5.44927D+03
<cross-s.>      1.01      7.02970000D-01    238.05    0    3
 8.75047D+03
 3.83014D+03
 4.92033D+03
<cross-s.>      1.01      8.03390000D-01    238.05    0    3
 8.28405D+03
 3.83672D+03
 4.44733D+03
<cross-s.>      1.01      9.03810000D-01    238.05    0    3
 7.94764D+03
 3.90834D+03
 4.03929D+03
<cross-s.>      1.01      1.00424000D+00    238.05    0    3
 7.72709D+03
 4.02539D+03
 3.70170D+03
<cross-s.>      1.01      1.10466000D+00    238.05    0    3
 7.60027D+03
 4.16348D+03
 3.43679D+03
<cross-s.>      1.01      1.20508000D+00    238.05    0    3
 7.54005D+03
 4.29702D+03
 3.24303D+03
<cross-s.>      1.01      1.30551000D+00    238.05    0    3
 7.52172D+03
 4.40628D+03
 3.11544D+03
<cross-s.>      1.01      1.40593000D+00    238.05    0    3
 7.52843D+03
 4.48178D+03
 3.04665D+03
<cross-s.>      1.01      1.50636000D+00    238.05    0    3
 7.55082D+03
 4.52282D+03
 3.02799D+03
<cross-s.>      1.01      1.60678000D+00    238.05    0    3
 7.58390D+03
 4.53354D+03
 3.05036D+03
<cross-s.>      1.01      1.70720000D+00    238.05    0    3
 7.62491D+03
 4.51993D+03
 3.10498D+03
<cross-s.>      1.01      1.80763000D+00    238.05    0    3
 7.67209D+03
 4.48806D+03
 3.18403D+03
<cross-s.>      1.01      1.90805000D+00    238.05    0    3
 7.72362D+03
 4.44298D+03
 3.28065D+03
<cross-s.>      1.01      2.00847000D+00    238.05    0    3
 7.77721D+03
 4.38835D+03
 3.38887D+03
<cross-s.>      1.01      2.20932000D+00    238.05    0    3
 7.87924D+03
 4.25980D+03
 3.61943D+03
<cross-s.>      1.01      2.41017000D+00    238.05    0    3
 7.95920D+03
 4.11698D+03
 3.84222D+03
<cross-s.>      1.01      2.61102000D+00    238.05    0    3
 8.01174D+03
 3.97323D+03
 4.03851D+03
<cross-s.>      1.01      2.81186000D+00    238.05    0    3
 8.04362D+03
 3.84020D+03
 4.20342D+03
<cross-s.>      1.01      3.01271000D+00    238.05    0    3
 8.10263D+03
 3.72694D+03
 4.37569D+03
<cross-s.>      1.01      3.21356000D+00    238.05    0    3
 8.15134D+03
 3.63767D+03
 4.51368D+03
<cross-s.>      1.01      3.41441000D+00    238.05    0    3
 8.18501D+03
 3.55536D+03
 4.62965D+03
<cross-s.>      1.01      3.61525000D+00    238.05    0    3
 8.20148D+03
 3.48039D+03
 4.72108D+03
<cross-s.>      1.01      3.81610000D+00    238.05    0    3
 8.20050D+03
 3.41340D+03
 4.78711D+03
<cross-s.>      1.01      4.01695000D+00    238.05    0    3
 8.18263D+03
 3.35436D+03
 4.82828D+03
<cross-s.>      1.01      4.51907000D+00    238.05    0    3
 8.06326D+03
 3.23073D+03
 4.83253D+03
<cross-s.>      1.01      5.02119000D+00    238.05    0    3
 7.84400D+03
 3.12704D+03
 4.71697D+03
<cross-s.>      1.01      5.52330000D+00    238.05    0    3
 7.56924D+03
 3.05496D+03
 4.51428D+03
<cross-s.>      1.01      6.02542000D+00    238.05    0    3
 7.28071D+03
 3.01869D+03
 4.26202D+03
<cross-s.>      1.01      6.52754000D+00    238.05    0    3
 6.99880D+03
 3.00690D+03
 3.99190D+03
<cross-s.>      1.01      7.02966000D+00    238.05    0    3
 6.73281D+03
 3.00605D+03
 3.72675D+03
<cross-s.>      1.01      7.53178000D+00    238.05    0    3
 6.48783D+03
 3.00651D+03
 3.48132D+03
<cross-s.>      1.01      8.03390000D+00    238.05    0    3
 6.26863D+03
 3.00422D+03
 3.26440D+03
<cross-s.>      1.01      8.53602000D+00    238.05    0    3
 6.07915D+03
 2.99875D+03
 3.08040D+03
<cross-s.>      1.01      9.03813000D+00    238.05    0    3
 5.92087D+03
 2.99088D+03
 2.92998D+03
<cross-s.>      1.01      9.54025000D+00    238.05    0    3
 5.79341D+03
 2.98229D+03
 2.81112D+03
<cross-s.>      1.01      1.00423700D+01    238.05    0    3
 5.69601D+03
 2.97516D+03
 2.72085D+03
<cross-s.>      1.01      1.05444900D+01    238.05    0    3
 5.62763D+03
 2.97114D+03
 2.65649D+03
<cross-s.>      1.01      1.10466100D+01    238.05    0    3
 5.58601D+03
 2.97024D+03
 2.61578D+03
<cross-s.>      1.01      1.15487300D+01    238.05    0    3
 5.56744D+03
 2.97100D+03
 2.59644D+03
<cross-s.>      1.01      1.20508500D+01    238.05    0    3
 5.56743D+03
 2.97155D+03
 2.59588D+03
<cross-s.>      1.01      1.25529700D+01    238.05    0    3
 5.58167D+03
 2.97048D+03
 2.61119D+03
<cross-s.>      1.01      1.30550800D+01    238.05    0    3
 5.60625D+03
 2.96695D+03
 2.63930D+03
<cross-s.>      1.01      1.35572000D+01    238.05    0    3
 5.63758D+03
 2.96037D+03
 2.67721D+03
<cross-s.>      1.01      1.40593200D+01    238.05    0    3
 5.67265D+03
 2.95051D+03
 2.72214D+03
<cross-s.>      1.01      4.01690000D-01    238.05   91    1
 2.72715D-46
<cross-s.>      1.01      5.02120000D-01    238.05   91    1
 7.47928D-40
<cross-s.>      1.01      6.02540000D-01    238.05   91    1
 4.14464D-35
<cross-s.>      1.01      7.02960000D-01    238.05   91    1
 1.98683D-31
<cross-s.>      1.01      8.03390000D-01    238.05   91    1
 5.91284D-28
<cross-s.>      1.01      9.03810000D-01    238.05   91    1
 1.80888D-25
<cross-s.>      1.01      1.00423000D+00    238.05   91    1
 2.12139D-23
<cross-s.>      1.01      1.10465000D+00    238.05   91    1
 1.27010D-21
<cross-s.>      1.01      1.20508000D+00    238.05   91    1
 4.48190D-20
<cross-s.>      1.01      1.30550000D+00    238.05   91    1
 1.03341D-18
<cross-s.>      1.01      1.40592000D+00    238.05   91    1
 1.68282D-17
<cross-s.>      1.01      1.50635000D+00    238.05   91    1
 2.05256D-16
<cross-s.>      1.01      1.60677000D+00    238.05   91    1
 1.96234D-15
<cross-s.>      1.01      1.70719000D+00    238.05   91    1
 1.52504D-14
<cross-s.>      1.01      1.80762000D+00    238.05   91    1
 9.91999D-14
<cross-s.>      1.01      1.90804000D+00    238.05   91    1
 5.52763D-13
<cross-s.>      1.01      2.00846000D+00    238.05   91    1
 2.69092D-12
<cross-s.>      1.01      2.20931000D+00    238.05   91    1
 4.52531D-11
<cross-s.>      1.01      2.41016000D+00    238.05   91    1
 5.21836D-10
<cross-s.>      1.01      2.61100000D+00    238.05   91    1
 4.44187D-09
<cross-s.>      1.01      2.81185000D+00    238.05   91    1
 2.94984D-08
<cross-s.>      1.01      3.01269000D+00    238.05   91    1
 1.59414D-07
<cross-s.>      1.01      3.21354000D+00    238.05   91    1
 7.24764D-07
<cross-s.>      1.01      3.41439000D+00    238.05   91    1
 2.84576D-06
<cross-s.>      1.01      3.61523000D+00    238.05   91    1
 9.85646D-06
<cross-s.>      1.01      3.81608000D+00    238.05   91    1
 3.06437D-05
<cross-s.>      1.01      4.01693000D+00    238.05   91    1
 8.67357D-05
<cross-s.>      1.01      4.51904000D+00    238.05   91    1
 8.34190D-04
<cross-s.>      1.01      5.02116000D+00    238.05   91    1
 5.49535D-03
<cross-s.>      1.01      5.52327000D+00    238.05   91    1
 2.71983D-02
<cross-s.>      1.01      6.02539000D+00    238.05   91    1
 1.07783D-01
<cross-s.>      1.01      6.52750000D+00    238.05   91    1
 3.57710D-01
<cross-s.>      1.01      7.02962000D+00    238.05   91    1
 1.02713D+00
<cross-s.>      1.01      7.53173000D+00    238.05   91    1
 2.61340D+00
<cross-s.>      1.01      8.03385000D+00    238.05   91    1
 5.99475D+00
<cross-s.>      1.01      8.53597000D+00    238.05   91    1
 1.25504D+01
<cross-s.>      1.01      9.03808000D+00    238.05   91    1
 2.41714D+01
<cross-s.>      1.01      9.54020000D+00    238.05   91    1
 4.30208D+01
<cross-s.>      1.01      1.00423100D+01    238.05   91    1
 7.09645D+01
<cross-s.>      1.01      1.05444300D+01    238.05   91    1
 1.08829D+02
<cross-s.>      1.01      1.10465400D+01    238.05   91    1
 1.56011D+02
<cross-s.>      1.01      1.15486600D+01    238.05   91    1
 2.10910D+02
<cross-s.>      2.01      4.03400000D-01    237.05   91    1
 4.31444D-65
<cross-s.>      2.01      5.04250000D-01    237.05   91    1
 5.10057D-56
<cross-s.>      2.01      6.05100000D-01    237.05   91    1
 2.19054D-49
<cross-s.>      2.01      7.05950000D-01    237.05   91    1
 3.25859D-44
<cross-s.>      2.01      8.06800000D-01    237.05   91    1
 4.66747D-40
<cross-s.>      2.01      9.07640000D-01    237.05   91    1
 1.25918D-36
<cross-s.>      2.01      1.00849000D+00    237.05   91    1
 9.84808D-34
<cross-s.>      2.01      1.10934000D+00    237.05   91    1
 1.39036D-30
<cross-s.>      2.01      1.21019000D+00    237.05   91    1
 2.03808D-28
<cross-s.>      2.01      1.31104000D+00    237.05   91    1
 1.61115D-26
<cross-s.>      2.01      1.41189000D+00    237.05   91    1
 7.80456D-25
<cross-s.>      2.01      1.51274000D+00    237.05   91    1
 2.51870D-23
<cross-s.>      2.01      1.61359000D+00    237.05   91    1
 5.77853D-22
<cross-s.>      2.01      1.71444000D+00    237.05   91    1
 9.92098D-21
<cross-s.>      2.01      1.81529000D+00    237.05   91    1
 1.32831D-19
<cross-s.>      2.01      1.91614000D+00    237.05   91    1
 1.43407D-18
<cross-s.>      2.01      2.01699000D+00    237.05   91    1
 1.28340D-17
<cross-s.>      2.01      2.21869000D+00    237.05   91    1
 6.39073D-16
<cross-s.>      2.01      2.42039000D+00    237.05   91    1
 1.89221D-14
<cross-s.>      2.01      2.62209000D+00    237.05   91    1
 3.69378D-13
<cross-s.>      2.01      2.82378000D+00    237.05   91    1
 5.13361D-12
<cross-s.>      2.01      3.02548000D+00    237.05   91    1
 5.38628D-11
<cross-s.>      2.01      3.22718000D+00    237.05   91    1
 4.46344D-10
<cross-s.>      2.01      3.42888000D+00    237.05   91    1
 3.02695D-09
<cross-s.>      2.01      3.63058000D+00    237.05   91    1
 1.72855D-08
<cross-s.>      2.01      3.83228000D+00    237.05   91    1
 8.50332D-08
<cross-s.>      2.01      4.03398000D+00    237.05   91    1
 3.67228D-07
<cross-s.>      2.01      4.53822000D+00    237.05   91    1
 8.86010D-06
<cross-s.>      2.01      5.04247000D+00    237.05   91    1
 1.24533D-04
<cross-s.>      2.01      5.54672000D+00    237.05   91    1
 1.15505D-03
<cross-s.>      2.01      6.05097000D+00    237.05   91    1
 7.72937D-03
<cross-s.>      2.01      6.55521000D+00    237.05   91    1
 3.98835D-02
<cross-s.>      2.01      7.05946000D+00    237.05   91    1
 1.66921D-01
<cross-s.>      2.01      7.56371000D+00    237.05   91    1
 5.88980D-01
<cross-s.>      2.01      8.06795000D+00    237.05   91    1
 1.80381D+00
<cross-s.>      2.01      8.57220000D+00    237.05   91    1
 4.89896D+00
<cross-s.>      2.01      9.07645000D+00    237.05   91    1
 1.19669D+01
<cross-s.>      3.02      4.05110000D-01    236.05   91    1
 1.60309D-48
<cross-s.>      3.02      5.06390000D-01    236.05   91    1
 3.09437D-67
<cross-s.>      3.02      6.07670000D-01    236.05   91    1
 4.25473D-59
<cross-s.>      3.02      7.08940000D-01    236.05   91    1
 8.46283D-53
<cross-s.>      3.02      8.10220000D-01    236.05   91    1
 8.71476D-48
<cross-s.>      3.02      9.11500000D-01    236.05   91    1
 1.28761D-43
<cross-s.>      3.02      1.01278000D+00    236.05   91    1
 4.17813D-40
<cross-s.>      3.02      1.11406000D+00    236.05   91    1
 4.24133D-37
<cross-s.>      3.02      1.21533000D+00    236.05   91    1
 1.72539D-34
<cross-s.>      3.02      1.31661000D+00    236.05   91    1
 2.03178D-31
<cross-s.>      3.02      1.41789000D+00    236.05   91    1
 2.23995D-29
<cross-s.>      3.02      1.51917000D+00    236.05   91    1
 1.46765D-27
<cross-s.>      3.02      1.62044000D+00    236.05   91    1
 6.32695D-26
<cross-s.>      3.02      1.72172000D+00    236.05   91    1
 1.91249D-24
<cross-s.>      3.02      1.82300000D+00    236.05   91    1
 4.26160D-23
<cross-s.>      3.02      1.92428000D+00    236.05   91    1
 7.29363D-22
<cross-s.>      3.02      2.02555000D+00    236.05   91    1
 9.91430D-21
<cross-s.>      3.02      2.22811000D+00    236.05   91    1
 1.02345D-18
<cross-s.>      3.02      2.43067000D+00    236.05   91    1
 5.58586D-17
<cross-s.>      3.02      2.63322000D+00    236.05   91    1
 1.83055D-15
<cross-s.>      3.02      2.83578000D+00    236.05   91    1
 3.96240D-14
<cross-s.>      3.02      3.03833000D+00    236.05   91    1
 6.08971D-13
<cross-s.>      3.02      3.24089000D+00    236.05   91    1
 7.03282D-12
<cross-s.>      3.02      3.44344000D+00    236.05   91    1
 6.38095D-11
<cross-s.>      3.02      3.64600000D+00    236.05   91    1
 4.71567D-10
<cross-s.>      3.02      3.84855000D+00    236.05   91    1
 2.92218D-09
<cross-s.>      3.02      4.05111000D+00    236.05   91    1
 1.55548D-08
<cross-s.>      3.02      4.55750000D+00    236.05   91    1
 5.90773D-07
<cross-s.>      3.02      5.06389000D+00    236.05   91    1
 1.22649D-05
<cross-s.>      3.02      5.57028000D+00    236.05   91    1
 1.61573D-04
<cross-s.>      3.02      6.07666000D+00    236.05   91    1
 1.48956D-03
<cross-s.>      3.02      6.58305000D+00    236.05   91    1
 1.02700D-02
<cross-s.>      3.02      7.08944000D+00    236.05   91    1
 5.56155D-02
<cross-s.>      3.02      7.59583000D+00    236.05   91    1
 2.45685D-01
<cross-s.>      3.02      8.10222000D+00    236.05   91    1
 9.14577D-01
<cross-s.>      3.02      8.60861000D+00    236.05   91    1
 2.94595D+00
<cross-s.>      3.02      9.11500000D+00    236.05   91    1
 8.37655D+00
<cross-s.>      3.02      9.62138000D+00    236.05   91    1
 2.12741D+01
<cross-s.>      3.02      8.10220000D-01    236.05  180    1
 9.05879D-47
<cross-s.>      3.02      9.11500000D-01    236.05  180    1
 2.02759D-68
<cross-s.>      3.02      1.01278000D+00    236.05  180    1
 2.46834D-61
<cross-s.>      3.02      1.11405000D+00    236.05  180    1
 2.98202D-55
<cross-s.>      3.02      1.21533000D+00    236.05  180    1
 5.86238D-50
<cross-s.>      3.02      1.31661000D+00    236.05  180    1
 2.67446D-45
<cross-s.>      3.02      1.41789000D+00    236.05  180    1
 3.70010D-41
<cross-s.>      3.02      1.51917000D+00    236.05  180    1
 3.23402D-67
<cross-s.>      3.02      1.62044000D+00    236.05  180    1
 7.20995D-64
<cross-s.>      3.02      1.72172000D+00    236.05  180    1
 7.91603D-61
<cross-s.>      3.02      1.82300000D+00    236.05  180    1
 4.72611D-58
<cross-s.>      3.02      1.92428000D+00    236.05  180    1
 1.66514D-55
<cross-s.>      3.02      2.02555000D+00    236.05  180    1
 3.69815D-53
<cross-s.>      3.02      2.22811000D+00    236.05  180    1
 5.67323D-49
<cross-s.>      3.02      2.43067000D+00    236.05  180    1
 2.41368D-45
<cross-s.>      3.02      2.63322000D+00    236.05  180    1
 3.66345D-42
<cross-s.>      3.02      2.83578000D+00    236.05  180    1
 2.16671D-39
<cross-s.>      3.02      3.03833000D+00    236.05  180    1
 7.03227D-37
<cross-s.>      3.02      3.24089000D+00    236.05  180    1
 4.40964D-34
<cross-s.>      3.02      3.44344000D+00    236.05  180    1
 1.30625D-31
<cross-s.>      3.02      3.64600000D+00    236.05  180    1
 9.39427D-30
<cross-s.>      3.02      3.84855000D+00    236.05  180    1
 4.64399D-28
<cross-s.>      3.02      4.05111000D+00    236.05  180    1
 1.65865D-26
<cross-s.>      3.02      4.55750000D+00    236.05  180    1
 3.88134D-23
<cross-s.>      3.02      5.06389000D+00    236.05  180    1
 2.37700D-20
<cross-s.>      3.02      5.57027000D+00    236.05  180    1
 5.21137D-18
<cross-s.>      3.02      6.07666000D+00    236.05  180    1
 5.10176D-16
<cross-s.>      3.02      6.58305000D+00    236.05  180    1
 2.61932D-14
<cross-s.>      3.02      7.08944000D+00    236.05  180    1
 7.95762D-13
<cross-s.>      3.02      7.59583000D+00    236.05  180    1
 1.57039D-11
<cross-s.>      3.02      8.10222000D+00    236.05  180    1
 2.16634D-10
<cross-s.>      3.02      8.60861000D+00    236.05  180    1
 2.21630D-09
<cross-s.>      4.00      8.13620000D-01    235.05  180    1
 3.05521D-61
<cross-s.>      4.00      9.15330000D-01    235.05  180    1
 1.35974D-51
<cross-s.>      4.00      1.01703000D+00    235.05  180    1
 1.89276D-43
<cross-s.>      4.00      1.11873000D+00    235.05  180    1
 1.67574D-66
<cross-s.>      4.00      1.22043000D+00    235.05  180    1
 2.02895D-60
<cross-s.>      4.00      1.32214000D+00    235.05  180    1
 4.58897D-55
<cross-s.>      4.00      1.42384000D+00    235.05  180    1
 2.62589D-50
<cross-s.>      4.00      1.52554000D+00    235.05  180    1
 4.80622D-46
<cross-s.>      4.00      1.62725000D+00    235.05  180    1
 3.37113D-42
<cross-s.>      4.00      1.72895000D+00    235.05  180    1
 3.49987D-68
<cross-s.>      4.00      1.83065000D+00    235.05  180    1
 5.39501D-65
<cross-s.>      4.00      1.93236000D+00    235.05  180    1
 4.53359D-62
<cross-s.>      4.00      2.03406000D+00    235.05  180    1
 2.24160D-59
<cross-s.>      4.00      2.23746000D+00    235.05  180    1
 1.42777D-54
<cross-s.>      4.00      2.44087000D+00    235.05  180    1
 2.08096D-50
<cross-s.>      4.00      2.64428000D+00    235.05  180    1
 9.26832D-47
<cross-s.>      4.00      2.84768000D+00    235.05  180    1
 1.56432D-43
<cross-s.>      4.00      3.05109000D+00    235.05  180    1
 1.18027D-40
<cross-s.>      4.00      3.25449000D+00    235.05  180    1
 4.09179D-38
<cross-s.>      4.00      3.45790000D+00    235.05  180    1
 8.80940D-36
<cross-s.>      4.00      3.66130000D+00    235.05  180    1
 6.53283D-33
<cross-s.>      4.00      3.86471000D+00    235.05  180    1
 5.69075D-31
<cross-s.>      4.00      4.06812000D+00    235.05  180    1
 3.37595D-29
<cross-s.>      4.00      4.57663000D+00    235.05  180    1
 2.34714D-25
<cross-s.>      4.00      5.08514000D+00    235.05  180    1
 3.47232D-22
<cross-s.>      4.00      5.59366000D+00    235.05  180    1
 1.56657D-19
<cross-s.>      4.00      6.10217000D+00    235.05  180    1
 2.77574D-17
<cross-s.>      4.00      6.61069000D+00    235.05  180    1
 2.32242D-15
<cross-s.>      4.00      7.11920000D+00    235.05  180    1
 1.05374D-13
<cross-s.>      4.00      7.62772000D+00    235.05  180    1
 2.88583D-12
<cross-s.>      4.00      8.13623000D+00    235.05  180    1
 5.19205D-11
<cross-s.>      4.00      8.64475000D+00    235.05  180    1
 6.57460D-10
<cross-s.>      4.00      9.15326000D+00    235.05  180    1
 6.20167D-09
<cross-s.>      4.00      9.66177000D+00    235.05  180    1
 4.57079D-08
<cross-s.>      4.00      1.01702900D+01    235.05  180    1
 2.73945D-07
<cross-s.>      4.00      1.06788000D+01    235.05  180    1
 1.38010D-06
<cross-s.>      4.00      1.11873200D+01    235.05  180    1
 6.00437D-06
<cross-s.>      4.00      1.16958300D+01    235.05  180    1
 2.30521D-05
<cross-s.>      4.00      1.22043500D+01    235.05  180    1
 7.94549D-05
<cross-s.>      4.00      1.27128600D+01    235.05  180    1
 2.49250D-04
<cross-s.>      4.00      1.32213800D+01    235.05  180    1
 7.19711D-04
<cross-s.>      4.00      1.37298900D+01    235.05  180    1
 1.93106D-03
<cross-s.>      4.00      1.42384100D+01    235.05  180    1
 4.85479D-03
<cross-s.>      4.00      1.47469200D+01    235.05  180    1
 1.15214D-02
<cross-s.>      4.00      1.52554300D+01    235.05  180    1
 2.59870D-02
<cross-s.>      4.00      1.57639500D+01    235.05  180    1
 5.60619D-02
<cross-s.>      4.00      1.62724600D+01    235.05  180    1
 1.16348D-01
<cross-s.>      4.00      1.67809800D+01    235.05  180    1
 2.33526D-01
<cross-s.>      4.00      1.72894900D+01    235.05  180    1
 4.55465D-01
<cross-s.>      4.00      1.77980100D+01    235.05  180    1
 8.66691D-01
<cross-s.>      4.00      1.83065200D+01    235.05  180    1
 1.61380D+00
<cross-s.>      4.00      1.88150300D+01    235.05  180    1
 2.94668D+00
<cross-s.>      4.00      1.93235500D+01    235.05  180    1
 5.27992D+00
<cross-s.>      4.00      1.98320600D+01    235.05  180    1
 9.27782D+00
<cross-s.>      4.00      2.03405800D+01    235.05  180    1
 1.59520D+01
<cross-s.>      4.00      2.13576100D+01    235.05  180    1
 4.33331D+01
<cross-s.>      4.00      2.23746400D+01    235.05  180    1
 1.00698D+02
<cross-s.>      4.00      2.33916600D+01    235.05  180    1
 1.92812D+02
