origin  0.0000E+00  0.0000E+00  0.0000E+00 extent  1.6667E+01  1.6667E+01
origin  0.0000E+00  0.0000E+00  0.0000E+00 extent  3.3333E+01  3.3333E+01
origin 10 0 21                                                                  
origin  1.0000E+01  0.0000E+00  2.1000E+01 extent  6.6667E+00  6.6667E+00
origin  1.0000E+01  0.0000E+00  2.1000E+01 extent  2.6667E+01  2.6667E+01
origin 10 8 22.71                                                               
origin  1.0000E+01  8.0000E+00  2.2710E+01 extent  3.8095E+00  3.8095E+00
origin  1.0000E+01  7.7138E+00  2.5456E+01 extent  5.4422E-01  5.4422E-01
origin  1.0000E+01  7.7138E+00  2.5456E+01 extent  1.6327E+00  1.6327E+00
origin  1.0000E+01  7.7138E+00  2.5456E+01 extent  1.1429E+01  1.1429E+01
origin  1.0000E+01  7.9669E+00  2.1228E+01 extent  1.1429E+01  1.1429E+01
origin  1.0000E+01  7.9669E+00  2.1228E+01 extent  1.4286E+00  1.4286E+00
basis  1.0000E+00  0.0000E+00  0.0000E+00  0.0000E+00  1.0000E+00  0.0000E+00
origin  1.0000E+01  7.9669E+00  2.1228E+01 extent  1.1429E+01  1.1429E+01
origin  1.0000E+01  7.9669E+00  2.1228E+01 extent  9.1429E+01  9.1429E+01
origin  1.0000E+01  7.9669E+00  2.1228E+01 extent  2.2857E+01  2.2857E+01
origin  1.0000E+01  7.9669E+00  2.1228E+01 extent  5.7143E+00  5.7143E+00
basis  1.0000E+00  0.0000E+00  0.0000E+00  0.0000E+00  1.0000E+00  0.0000E+00
basis  0.0000E+00  1.0000E+00  0.0000E+00  0.0000E+00  0.0000E+00  1.0000E+00
label 1 1 cel       
origin  1.0000E+01  7.9669E+00  2.1228E+01 extent  2.2857E+01  2.2857E+01
basis  1.0000E+00  0.0000E+00  0.0000E+00  0.0000E+00  1.0000E+00  0.0000E+00
origin -1.0886E+00  8.0860E+00  2.1228E+01 extent  2.2857E+01  2.2857E+01
origin -1.0886E+00  8.0860E+00  2.1228E+01 extent  4.5714E+00  4.5714E+00
origin -1.0886E+00  8.0860E+00  2.1228E+01 extent  9.1429E-01  9.1429E-01
origin 0 0 22                                                                   
origin  0.0000E+00  0.0000E+00  2.2000E+01 extent  1.8286E+00  1.8286E+00
origin  0.0000E+00  0.0000E+00  2.2000E+01 extent  3.6571E+00  3.6571E+00
origin  0.0000E+00  0.0000E+00  2.2000E+01 extent  7.3143E+00  7.3143E+00
origin  0.0000E+00  0.0000E+00  2.2000E+01 extent  1.4629E+01  1.4629E+01
origin  7.6939E+00 -2.2864E-01  2.2000E+01 extent  1.4629E+01  1.4629E+01
origin  7.6939E+00 -2.2864E-01  2.2000E+01 extent  2.0898E+00  2.0898E+00
