label 0 0 cel       
basis  1.0000E+00  0.0000E+00  0.0000E+00  0.0000E+00  1.0000E+00  0.0000E+00
basis  1.0000E+00  0.0000E+00  0.0000E+00  0.0000E+00  1.0000E+00  0.0000E+00
basis  0.0000E+00  1.0000E+00  0.0000E+00  0.0000E+00  0.0000E+00  1.0000E+00
basis  0.0000E+00  0.0000E+00  1.0000E+00  1.0000E+00  0.0000E+00  0.0000E+00
basis  0.0000E+00  1.0000E+00  0.0000E+00  0.0000E+00  0.0000E+00  1.0000E+00
basis  1.0000E+00  0.0000E+00  0.0000E+00  0.0000E+00  1.0000E+00  0.0000E+00
basis  0.0000E+00  1.0000E+00  0.0000E+00  0.0000E+00  0.0000E+00  1.0000E+00
origin 0 0 20                                                                   
basis  1.0000E+00  0.0000E+00  0.0000E+00  0.0000E+00  1.0000E+00  0.0000E+00
basis  0.0000E+00  1.0000E+00  0.0000E+00  0.0000E+00  0.0000E+00  1.0000E+00
basis  0.0000E+00  0.0000E+00  1.0000E+00  1.0000E+00  0.0000E+00  0.0000E+00
basis  0.0000E+00  1.0000E+00  0.0000E+00  0.0000E+00  0.0000E+00  1.0000E+00
origin  0.0000E+00  0.0000E+00  2.0000E+01 extent  1.0000E+02  1.0000E+02
origin  0.0000E+00  0.0000E+00  2.0000E+01 extent  1.0000E+02  1.0000E+02
origin  0.0000E+00  0.0000E+00  2.0000E+01 extent  1.0000E+02  1.0000E+02
origin  0.0000E+00  0.0000E+00  2.0000E+01 extent  3.3333E+01  3.3333E+01
origin  0.0000E+00  0.0000E+00  2.0000E+01 extent  1.6667E+01  1.6667E+01
basis  0.0000E+00  0.0000E+00  1.0000E+00  1.0000E+00  0.0000E+00  0.0000E+00
basis  1.0000E+00  0.0000E+00  0.0000E+00  0.0000E+00  1.0000E+00  0.0000E+00
basis  0.0000E+00  1.0000E+00  0.0000E+00  0.0000E+00  0.0000E+00  1.0000E+00
origin  0.0000E+00  0.0000E+00  2.0000E+01 extent  4.1667E+00  4.1667E+00
origin  0.0000E+00  0.0000E+00  2.0000E+01 extent  1.0417E+00  1.0417E+00
origin  0.0000E+00  0.0000E+00  2.0000E+01 extent  2.0833E+00  2.0833E+00
origin  0.0000E+00  0.0000E+00  2.0000E+01 extent  4.1667E+00  4.1667E+00
