label 0 0 cel       
origin  0.0000E+00  0.0000E+00  0.0000E+00 extent  5.0000E+01  5.0000E+01
origin  0.0000E+00  0.0000E+00  0.0000E+00 extent  2.5000E+01  2.5000E+01
origin  0.0000E+00  0.0000E+00  0.0000E+00 extent  6.2500E+00  6.2500E+00
origin 0 0 20                                                                   
origin  0.0000E+00  0.0000E+00  2.0000E+01 extent  2.0833E+00  2.0833E+00
origin  0.0000E+00  0.0000E+00  2.0000E+01 extent  8.3333E+00  8.3333E+00
origin  0.0000E+00  0.0000E+00  2.0000E+01 extent  4.1667E+00  4.1667E+00
basis  1.0000E+00  0.0000E+00  0.0000E+00  0.0000E+00  1.0000E+00  0.0000E+00
basis  0.0000E+00  1.0000E+00  0.0000E+00  0.0000E+00  0.0000E+00  1.0000E+00
basis  0.0000E+00  0.0000E+00  1.0000E+00  1.0000E+00  0.0000E+00  0.0000E+00
basis  0.0000E+00  1.0000E+00  0.0000E+00  0.0000E+00  0.0000E+00  1.0000E+00
origin  0.0000E+00  0.0000E+00  2.0000E+01 extent  2.0833E+00  2.0833E+00
origin  0.0000E+00  0.0000E+00  2.0000E+01 extent  6.2500E+00  6.2500E+00
origin  0.0000E+00  0.0000E+00  2.0000E+01 extent  3.1250E+00  3.1250E+00
basis  1.0000E+00  0.0000E+00  0.0000E+00  0.0000E+00  1.0000E+00  0.0000E+00
basis  0.0000E+00  1.0000E+00  0.0000E+00  0.0000E+00  0.0000E+00  1.0000E+00
label 0 1 cel       
basis  0.0000E+00  0.0000E+00  1.0000E+00  1.0000E+00  0.0000E+00  0.0000E+00
origin  0.0000E+00  0.0000E+00  2.0000E+01 extent  9.3750E+00  9.3750E+00
origin  0.0000E+00  0.0000E+00  2.0000E+01 extent  4.6875E+00  4.6875E+00
basis  1.0000E+00  0.0000E+00  0.0000E+00  0.0000E+00  1.0000E+00  0.0000E+00
basis  0.0000E+00  1.0000E+00  0.0000E+00  0.0000E+00  0.0000E+00  1.0000E+00
basis  0.0000E+00  1.0000E+00  0.0000E+00  0.0000E+00  0.0000E+00  1.0000E+00
basis  0.0000E+00  0.0000E+00  1.0000E+00  1.0000E+00  0.0000E+00  0.0000E+00
basis  0.0000E+00  1.0000E+00  0.0000E+00  0.0000E+00  0.0000E+00  1.0000E+00
basis  1.0000E+00  0.0000E+00  0.0000E+00  0.0000E+00  1.0000E+00  0.0000E+00
basis  0.0000E+00  0.0000E+00  1.0000E+00  1.0000E+00  0.0000E+00  0.0000E+00
basis  1.0000E+00  0.0000E+00  0.0000E+00  0.0000E+00  1.0000E+00  0.0000E+00
basis  0.0000E+00  1.0000E+00  0.0000E+00  0.0000E+00  0.0000E+00  1.0000E+00
basis  0.0000E+00  0.0000E+00  1.0000E+00  1.0000E+00  0.0000E+00  0.0000E+00
label 1 1 cel       
origin  0.0000E+00  0.0000E+00  2.0000E+01 extent  1.4062E+01  1.4062E+01
origin  0.0000E+00  0.0000E+00  2.0000E+01 extent  7.0312E+00  7.0312E+00
origin  0.0000E+00  0.0000E+00  2.0000E+01 extent  2.3437E+00  2.3437E+00
origin  0.0000E+00  0.0000E+00  2.0000E+01 extent  7.8125E-01  7.8125E-01
origin  0.0000E+00  0.0000E+00  2.0000E+01 extent  2.3437E+00  2.3437E+00
origin  0.0000E+00  0.0000E+00  2.0000E+01 extent  7.0312E+00  7.0312E+00
origin -2.72 0 21.16                                                            
origin -2.7200E+00  0.0000E+00  2.1160E+01 extent  2.3437E+00  2.3437E+00
origin -2.7200E+00  0.0000E+00  2.1160E+01 extent  7.8125E-01  7.8125E-01
origin -2.7200E+00  0.0000E+00  2.1160E+01 extent  2.6042E-01  2.6042E-01
origin -2.7200E+00  0.0000E+00  2.1160E+01 extent  8.6806E-02  8.6806E-02
origin -2.7200E+00  0.0000E+00  2.1160E+01 extent  1.7361E-01  1.7361E-01
origin -2.7200E+00  0.0000E+00  2.1160E+01 extent  3.4722E-01  3.4722E-01
origin -2.7200E+00  0.0000E+00  2.1160E+01 extent  1.3889E+00  1.3889E+00
origin -2.7200E+00  0.0000E+00  2.1160E+01 extent  2.7778E+00  2.7778E+00
origin -2.7200E+00  0.0000E+00  2.1160E+01 extent  5.5556E+00  5.5556E+00
origin -2.7200E+00  0.0000E+00  2.1160E+01 extent  1.1111E+01  1.1111E+01
origin 3 0 21                                                                   
origin  3.0000E+00  0.0000E+00  2.1000E+01 extent  3.7037E+00  3.7037E+00
origin  3.0000E+00  0.0000E+00  2.1000E+01 extent  1.4815E+01  1.4815E+01
origin 13 0 21                                                                  
origin  1.3000E+01  0.0000E+00  2.1000E+01 extent  3.7037E+00  3.7037E+00
origin  1.3000E+01  0.0000E+00  2.1000E+01 extent  9.2593E-01  9.2593E-01
origin  1.3000E+01  0.0000E+00  2.1000E+01 extent  3.7037E+00  3.7037E+00
origin  1.3000E+01  0.0000E+00  2.1000E+01 extent  1.4815E+01  1.4815E+01
origin -1 0 21                                                                  
origin -1.0000E+00  0.0000E+00  2.1000E+01 extent  7.4074E+00  7.4074E+00
origin -1.0000E+00  0.0000E+00  2.1000E+01 extent  3.7037E+00  3.7037E+00
basis  0.0000E+00  1.0000E+00  0.0000E+00  0.0000E+00  0.0000E+00  1.0000E+00
basis  0.0000E+00  0.0000E+00  1.0000E+00  1.0000E+00  0.0000E+00  0.0000E+00
basis  1.0000E+00  0.0000E+00  0.0000E+00  0.0000E+00  1.0000E+00  0.0000E+00
basis  1.0000E+00  0.0000E+00  0.0000E+00  0.0000E+00  1.0000E+00  0.0000E+00
basis  0.0000E+00  1.0000E+00  0.0000E+00  0.0000E+00  0.0000E+00  1.0000E+00
basis  1.0000E+00  0.0000E+00  0.0000E+00  0.0000E+00  1.0000E+00  0.0000E+00
basis  1.0000E+00  0.0000E+00  0.0000E+00  0.0000E+00  1.0000E+00  0.0000E+00
basis  0.0000E+00  1.0000E+00  0.0000E+00  0.0000E+00  0.0000E+00  1.0000E+00
basis  0.0000E+00  0.0000E+00  1.0000E+00  1.0000E+00  0.0000E+00  0.0000E+00
basis  1.0000E+00  0.0000E+00  0.0000E+00  0.0000E+00  1.0000E+00  0.0000E+00
origin -1.0000E+00  0.0000E+00  2.1000E+01 extent  1.8519E+00  1.8519E+00
origin -1.0000E+00  0.0000E+00  2.1000E+01 extent  5.5556E+00  5.5556E+00
basis  1.0000E+00  0.0000E+00  0.0000E+00  0.0000E+00  1.0000E+00  0.0000E+00
basis  0.0000E+00  1.0000E+00  0.0000E+00  0.0000E+00  0.0000E+00  1.0000E+00
origin -1 2 21                                                                  
origin -1.0000E+00  2.0000E+00  2.1000E+01 extent  1.8519E+00  1.8519E+00
basis  0.0000E+00  0.0000E+00  1.0000E+00  1.0000E+00  0.0000E+00  0.0000E+00
origin 2 0 21                                                                   
origin 21 0 21                                                                  
origin  2.1000E+01  0.0000E+00  2.1000E+01 extent  7.4074E+00  7.4074E+00
origin  2.1000E+01  0.0000E+00  2.1000E+01 extent  2.9630E+01  2.9630E+01
origin 12 021                                                                   
origin 12 0 21                                                                  
origin  1.2000E+01  0.0000E+00  2.1000E+01 extent  7.4074E+00  7.4074E+00
origin 0 0 21                                                                   
origin  0.0000E+00  0.0000E+00  2.1000E+01 extent  1.8519E+00  1.8519E+00
origin -2 0 21                                                                  
basis  1.0000E+00  0.0000E+00  0.0000E+00  0.0000E+00  1.0000E+00  0.0000E+00
basis  1.0000E+00  0.0000E+00  0.0000E+00  0.0000E+00  1.0000E+00  0.0000E+00
basis  0.0000E+00  1.0000E+00  0.0000E+00  0.0000E+00  0.0000E+00  1.0000E+00
origin -2.0000E+00  0.0000E+00  2.1000E+01 extent  3.7037E+00  3.7037E+00
basis  0.0000E+00  1.0000E+00  0.0000E+00  0.0000E+00  0.0000E+00  1.0000E+00
basis  1.0000E+00  0.0000E+00  0.0000E+00  0.0000E+00  1.0000E+00  0.0000E+00
basis  0.0000E+00  0.0000E+00  1.0000E+00  1.0000E+00  0.0000E+00  0.0000E+00
origin -2.0000E+00  0.0000E+00  2.1000E+01 extent  1.1111E+01  1.1111E+01
origin -2.0000E+00  0.0000E+00  2.1000E+01 extent  3.7037E+00  3.7037E+00
basis  1.0000E+00  0.0000E+00  0.0000E+00  0.0000E+00  1.0000E+00  0.0000E+00
basis  0.0000E+00  0.0000E+00  1.0000E+00  1.0000E+00  0.0000E+00  0.0000E+00
label 1 0 cel       
label 1 1 cel       
basis  1.0000E+00  0.0000E+00  0.0000E+00  0.0000E+00  1.0000E+00  0.0000E+00
basis  0.0000E+00  1.0000E+00  0.0000E+00  0.0000E+00  0.0000E+00  1.0000E+00
origin -2.0000E+00  0.0000E+00  2.1000E+01 extent  1.1111E+01  1.1111E+01
label 0 1 cel       
basis  1.0000E+00  0.0000E+00  0.0000E+00  0.0000E+00  1.0000E+00  0.0000E+00
label 1 1 cel       
origin -2.0000E+00  0.0000E+00  2.1000E+01 extent  5.5556E+00  5.5556E+00
origin -2.0000E+00  0.0000E+00  2.1000E+01 extent  2.7778E+00  2.7778E+00
origin -2.0000E+00  0.0000E+00  2.1000E+01 extent  8.3333E+00  8.3333E+00
origin 2 3 21                                                                   
origin  2.0000E+00  3.0000E+00  2.1000E+01 extent  2.7778E+00  2.7778E+00
origin  2.0000E+00  3.0000E+00  2.1000E+01 extent  9.2593E-01  9.2593E-01
origin  2.0000E+00  3.0000E+00  2.1000E+01 extent  1.8519E+00  1.8519E+00
origin  2.0000E+00  3.0000E+00  2.1000E+01 extent  3.7037E+00  3.7037E+00
origin  2.0000E+00  3.0000E+00  2.1000E+01 extent  7.4074E+00  7.4074E+00
origin  2.0000E+00  3.0000E+00  2.1000E+01 extent  5.1852E+01  5.1852E+01
origin  2.0000E+00  3.0000E+00  2.1000E+01 extent  5.1852E+01  5.1852E+01
origin  2.0000E+00  3.0000E+00  2.1000E+01 extent  2.5926E+01  2.5926E+01
origin 12 0 21                                                                  
origin 12 0 21                                                                  
origin  1.2000E+01  0.0000E+00  2.1000E+01 extent  4.3210E+00  4.3210E+00
origin  1.2000E+01  0.0000E+00  2.1000E+01 extent  1.0802E+00  1.0802E+00
origin  1.2000E+01  0.0000E+00  2.1000E+01 extent  3.2407E+00  3.2407E+00
origin 10 0 21                                                                  
origin 10 -3 21                                                                 
origin  1.0000E+01 -3.0000E+00  2.1000E+01 extent  1.0802E+00  1.0802E+00
basis  1.0000E+00  0.0000E+00  0.0000E+00  0.0000E+00  1.0000E+00  0.0000E+00
basis  0.0000E+00  1.0000E+00  0.0000E+00  0.0000E+00  0.0000E+00  1.0000E+00
basis  0.0000E+00  0.0000E+00  1.0000E+00  1.0000E+00  0.0000E+00  0.0000E+00
basis  0.0000E+00  1.0000E+00  0.0000E+00  0.0000E+00  0.0000E+00  1.0000E+00
origin 0 0 21                                                                   
origin  0.0000E+00  0.0000E+00  2.1000E+01 extent  3.2407E+00  3.2407E+00
basis  0.0000E+00  1.0000E+00  0.0000E+00  0.0000E+00  0.0000E+00  1.0000E+00
basis  1.0000E+00  0.0000E+00  0.0000E+00  0.0000E+00  1.0000E+00  0.0000E+00
basis  0.0000E+00  0.0000E+00  1.0000E+00  1.0000E+00  0.0000E+00  0.0000E+00
origin 3 0 21                                                                   
origin  3.0000E+00  0.0000E+00  2.1000E+01 extent  8.1019E-01  8.1019E-01
basis  1.0000E+00  0.0000E+00  0.0000E+00  0.0000E+00  1.0000E+00  0.0000E+00
origin  3.0000E+00  0.0000E+00  2.1000E+01 extent  2.4306E+00  2.4306E+00
origin  3.0000E+00  0.0000E+00  2.1000E+01 extent  7.2917E+00  7.2917E+00
origin 4 -3 21                                                                  
origin  4.0000E+00 -3.0000E+00  2.1000E+01 extent  2.4306E+00  2.4306E+00
origin  4.0000E+00 -3.0000E+00  2.1000E+01 extent  8.1019E-01  8.1019E-01
origin  4.0000E+00 -3.0000E+00  2.1000E+01 extent  1.1574E-01  1.1574E-01
origin  4.0000E+00 -3.0000E+00  2.1000E+01 extent  3.4722E-01  3.4722E-01
origin  4.0000E+00 -3.0000E+00  2.1000E+01 extent  1.0417E+00  1.0417E+00
origin  4.0000E+00 -3.0000E+00  2.1000E+01 extent  3.1250E+00  3.1250E+00
origin  4.0000E+00 -3.0000E+00  2.1000E+01 extent  9.3750E+00  9.3750E+00
basis  1.0000E+00  0.0000E+00  0.0000E+00  0.0000E+00  1.0000E+00  0.0000E+00
basis  0.0000E+00  1.0000E+00  0.0000E+00  0.0000E+00  0.0000E+00  1.0000E+00
basis  0.0000E+00  0.0000E+00  1.0000E+00  1.0000E+00  0.0000E+00  0.0000E+00
basis  0.0000E+00  1.0000E+00  0.0000E+00  0.0000E+00  0.0000E+00  1.0000E+00
basis  0.0000E+00  1.0000E+00  0.0000E+00  0.0000E+00  0.0000E+00  1.0000E+00
origin  4.0000E+00 -3.0000E+00  2.1000E+01 extent  3.1250E+00  3.1250E+00
basis  1.0000E+00  0.0000E+00  0.0000E+00  0.0000E+00  1.0000E+00  0.0000E+00
basis  0.0000E+00  1.0000E+00  0.0000E+00  0.0000E+00  0.0000E+00  1.0000E+00
basis  0.0000E+00  1.0000E+00  0.0000E+00  0.0000E+00  0.0000E+00  1.0000E+00
basis  1.0000E+00  0.0000E+00  0.0000E+00  0.0000E+00  1.0000E+00  0.0000E+00
basis  0.0000E+00  0.0000E+00  1.0000E+00  1.0000E+00  0.0000E+00  0.0000E+00
origin  4.0000E+00 -3.0000E+00  2.1000E+01 extent  9.3750E+00  9.3750E+00
origin  4.0000E+00 -3.0000E+00  2.1000E+01 extent  2.8125E+01  2.8125E+01
origin 0 0 0                                                                    
origin 0 0 21                                                                   
origin  0.0000E+00  0.0000E+00  2.1000E+01 extent  9.3750E+00  9.3750E+00
origin  0.0000E+00  0.0000E+00  2.1000E+01 extent  3.1250E+00  3.1250E+00
origin  0.0000E+00  0.0000E+00  2.1000E+01 extent  6.2500E+00  6.2500E+00
origin  0.0000E+00  0.0000E+00  2.1000E+01 extent  1.8750E+01  1.8750E+01
origin -8.6 0 21                                                                
origin -8.6000E+00  0.0000E+00  2.1000E+01 extent  3.1250E+00  3.1250E+00
origin -8.6000E+00  0.0000E+00  2.1000E+01 extent  5.2083E-01  5.2083E-01
origin -8.6000E+00  0.0000E+00  2.1000E+01 extent  1.0417E+00  1.0417E+00
basis  1.0000E+00  0.0000E+00  0.0000E+00  0.0000E+00  1.0000E+00  0.0000E+00
origin -8.6000E+00  0.0000E+00  2.1000E+01 extent  3.1250E+00  3.1250E+00
origin -8.6000E+00  0.0000E+00  2.1000E+01 extent  9.3750E+00  9.3750E+00
origin -8.6000E+00  0.0000E+00  2.1000E+01 extent  2.8125E+01  2.8125E+01
origin -8.6000E+00  0.0000E+00  2.1000E+01 extent  7.0312E+00  7.0312E+00
basis  0.0000E+00  0.0000E+00  1.0000E+00  1.0000E+00  0.0000E+00  0.0000E+00
basis  1.0000E+00  0.0000E+00  0.0000E+00  0.0000E+00  1.0000E+00  0.0000E+00
origin -8.6000E+00  0.0000E+00  2.1000E+01 extent  2.1094E+01  2.1094E+01
origin 7 3.77 21                                                                
origin  7.0000E+00  3.7700E+00  2.1000E+01 extent  5.2734E+00  5.2734E+00
basis  1.0000E+00  0.0000E+00  0.0000E+00  0.0000E+00  1.0000E+00  0.0000E+00
basis  0.0000E+00  1.0000E+00  0.0000E+00  0.0000E+00  0.0000E+00  1.0000E+00
origin  7.0000E+00  3.7700E+00  2.1000E+01 extent  2.1094E+01  2.1094E+01
origin  7.0000E+00  3.7700E+00  2.1000E+01 extent  7.0312E+00  7.0312E+00
basis  0.0000E+00  1.0000E+00  0.0000E+00  0.0000E+00  0.0000E+00  1.0000E+00
basis  1.0000E+00  0.0000E+00  0.0000E+00  0.0000E+00  1.0000E+00  0.0000E+00
origin 5.76 2.76 21                                                             
origin  5.7600E+00  2.7600E+00  2.1000E+01 extent  2.3437E+00  2.3437E+00
origin  5.7600E+00  2.7600E+00  2.1000E+01 extent  9.3750E+00  9.3750E+00
origin 6.75 -3 21                                                               
origin  6.7500E+00 -3.0000E+00  2.1000E+01 extent  1.5625E+00  1.5625E+00
basis  1.0000E+00  0.0000E+00  0.0000E+00  0.0000E+00  1.0000E+00  0.0000E+00
basis  0.0000E+00  1.0000E+00  0.0000E+00  0.0000E+00  0.0000E+00  1.0000E+00
basis  1.0000E+00  0.0000E+00  0.0000E+00  0.0000E+00  1.0000E+00  0.0000E+00
origin  6.7500E+00 -3.0000E+00  2.1000E+01 extent  4.6875E+00  4.6875E+00
origin  6.7500E+00 -3.0000E+00  2.1000E+01 extent  1.4062E+01  1.4062E+01
basis  1.0000E+00  0.0000E+00  0.0000E+00  0.0000E+00  1.0000E+00  0.0000E+00
basis  0.0000E+00  1.0000E+00  0.0000E+00  0.0000E+00  0.0000E+00  1.0000E+00
basis  1.0000E+00  0.0000E+00  0.0000E+00  0.0000E+00  1.0000E+00  0.0000E+00
basis  1.0000E+00  0.0000E+00  0.0000E+00  0.0000E+00  1.0000E+00  0.0000E+00
basis  0.0000E+00  1.0000E+00  0.0000E+00  0.0000E+00  0.0000E+00  1.0000E+00
basis  0.0000E+00  0.0000E+00  1.0000E+00  1.0000E+00  0.0000E+00  0.0000E+00
basis  1.0000E+00  0.0000E+00  0.0000E+00  0.0000E+00  1.0000E+00  0.0000E+00
basis  1.0000E+00  0.0000E+00  0.0000E+00  0.0000E+00  1.0000E+00  0.0000E+00
basis  0.0000E+00  1.0000E+00  0.0000E+00  0.0000E+00  0.0000E+00  1.0000E+00
basis  1.0000E+00  0.0000E+00  0.0000E+00  0.0000E+00  1.0000E+00  0.0000E+00
label 1 0 cel       
basis  0.0000E+00  0.0000E+00  1.0000E+00  1.0000E+00  0.0000E+00  0.0000E+00
basis  1.0000E+00  0.0000E+00  0.0000E+00  0.0000E+00  1.0000E+00  0.0000E+00
origin  6.7500E+00 -3.0000E+00  2.1000E+01 extent  3.5156E+00  3.5156E+00
origin  6.7500E+00 -3.0000E+00  2.1000E+01 extent  8.7891E-01  8.7891E-01
label 1 1 cel       
origin  6.7500E+00 -3.0000E+00  2.1000E+01 extent  5.2734E+00  5.2734E+00
origin  6.7500E+00 -3.0000E+00  2.1000E+01 extent  3.1641E+01  3.1641E+01
basis  1.0000E+00  0.0000E+00  0.0000E+00  0.0000E+00  1.0000E+00  0.0000E+00
basis  0.0000E+00  1.0000E+00  0.0000E+00  0.0000E+00  0.0000E+00  1.0000E+00
origin  6.7500E+00 -3.0000E+00  2.1000E+01 extent  1.0547E+01  1.0547E+01
basis  0.0000E+00  1.0000E+00  0.0000E+00  0.0000E+00  0.0000E+00  1.0000E+00
basis  1.0000E+00  0.0000E+00  0.0000E+00  0.0000E+00  1.0000E+00  0.0000E+00
basis  0.0000E+00  0.0000E+00  1.0000E+00  1.0000E+00  0.0000E+00  0.0000E+00
origin  6.7500E+00 -3.0000E+00  2.1000E+01 extent  3.1641E+01  3.1641E+01
origin 0 0 0                                                                    
origin 0 0 21                                                                   
origin  0.0000E+00  0.0000E+00  2.1000E+01 extent  1.0547E+01  1.0547E+01
basis  1.0000E+00  0.0000E+00  0.0000E+00  0.0000E+00  1.0000E+00  0.0000E+00
basis  1.0000E+00  0.0000E+00  0.0000E+00  0.0000E+00  1.0000E+00  0.0000E+00
basis  0.0000E+00  1.0000E+00  0.0000E+00  0.0000E+00  0.0000E+00  1.0000E+00
origin  0.0000E+00  0.0000E+00  2.1000E+01 extent  2.1094E+01  2.1094E+01
origin  0.0000E+00  0.0000E+00  2.1000E+01 extent  1.0547E+01  1.0547E+01
origin  0.0000E+00  0.0000E+00  2.1000E+01 extent  5.2734E+00  5.2734E+00
origin  0.0000E+00  0.0000E+00  2.1000E+01 extent  2.6367E+00  2.6367E+00
origin  0.0000E+00  0.0000E+00  2.1000E+01 extent  7.9102E+00  7.9102E+00
origin 0 3 21                                                                   
origin  0.0000E+00  3.0000E+00  2.1000E+01 extent  2.6367E+00  2.6367E+00
origin  0.0000E+00  3.0000E+00  2.1000E+01 extent  8.7891E-01  8.7891E-01
origin  0.0000E+00  3.0000E+00  2.1000E+01 extent  2.9297E-01  2.9297E-01
origin  0.0000E+00  3.0000E+00  2.1000E+01 extent  5.8594E-01  5.8594E-01
basis  1.0000E+00  0.0000E+00  0.0000E+00  0.0000E+00  1.0000E+00  0.0000E+00
origin  0.0000E+00  3.0000E+00  2.1000E+01 extent  2.3437E+00  2.3437E+00
origin  0.0000E+00  3.0000E+00  2.1000E+01 extent  9.3750E+00  9.3750E+00
basis  0.0000E+00  0.0000E+00  1.0000E+00  1.0000E+00  0.0000E+00  0.0000E+00
basis  1.0000E+00  0.0000E+00  0.0000E+00  0.0000E+00  1.0000E+00  0.0000E+00
basis  0.0000E+00  1.0000E+00  0.0000E+00  0.0000E+00  0.0000E+00  1.0000E+00
origin  0.0000E+00  3.0000E+00  2.1000E+01 extent  3.1250E+00  3.1250E+00
origin  0.0000E+00  3.0000E+00  2.1000E+01 extent  1.0417E+00  1.0417E+00
origin  0.0000E+00  3.0000E+00  2.1000E+01 extent  3.4722E-01  3.4722E-01
basis  1.0000E+00  0.0000E+00  0.0000E+00  0.0000E+00  1.0000E+00  0.0000E+00
origin  0.0000E+00  3.0000E+00  2.1000E+01 extent  1.3889E+00  1.3889E+00
origin  0.0000E+00  3.0000E+00  2.1000E+01 extent  5.5556E+00  5.5556E+00
origin  2.9412E+00  1.9291E+00  2.1000E+01 extent  2.2222E+01  2.2222E+01
origin  2.9412E+00  1.9291E+00  2.1000E+01 extent  4.4444E+01  4.4444E+01
origin  2.9412E+00  1.9291E+00  2.1000E+01 extent  1.1111E+01  1.1111E+01
origin  2.9412E+00  1.9291E+00  2.1000E+01 extent  2.7778E+00  2.7778E+00
origin  2.9412E+00  1.9291E+00  2.1000E+01 extent  2.7778E+00  2.7778E+00
origin  2.9412E+00  1.9291E+00  2.1000E+01 extent  5.5556E+00  5.5556E+00
origin  2.9412E+00  1.9291E+00  2.1000E+01 extent  1.1111E+01  1.1111E+01
basis  1.0000E+00  0.0000E+00  0.0000E+00  0.0000E+00  1.0000E+00  0.0000E+00
basis  0.0000E+00  1.0000E+00  0.0000E+00  0.0000E+00  0.0000E+00  1.0000E+00
origin 3 10 21                                                                  
basis  1.0000E+00  0.0000E+00  0.0000E+00  0.0000E+00  1.0000E+00  0.0000E+00
basis  0.0000E+00  1.0000E+00  0.0000E+00  0.0000E+00  0.0000E+00  1.0000E+00
basis  1.0000E+00  0.0000E+00  0.0000E+00  0.0000E+00  1.0000E+00  0.0000E+00
basis  0.0000E+00  1.0000E+00  0.0000E+00  0.0000E+00  0.0000E+00  1.0000E+00
origin  3.0000E+00  1.0000E+01  2.1000E+01 extent  2.7778E+00  2.7778E+00
origin  3.0000E+00  1.0000E+01  2.1000E+01 extent  6.9444E-01  6.9444E-01
origin  3.0000E+00  1.0000E+01  2.1000E+01 extent  1.3889E+00  1.3889E+00
origin  3.0000E+00  1.0000E+01  2.1000E+01 extent  2.7778E+00  2.7778E+00
origin 3 10.25 22.74                                                            
origin  3.0000E+00  1.0250E+01  2.2740E+01 extent  3.0864E-01  3.0864E-01
origin  3.0000E+00  1.0250E+01  2.2740E+01 extent  9.2593E-01  9.2593E-01
origin  3.0000E+00  1.0250E+01  2.2740E+01 extent  2.7778E+00  2.7778E+00
origin  3.0000E+00  1.0250E+01  2.2740E+01 extent  8.3333E+00  8.3333E+00
origin  3.0000E+00  1.0250E+01  2.2740E+01 extent  2.5000E+01  2.5000E+01
orgin 3 0 22                                                                    
origin  3.0000E+00  1.0250E+01  2.2740E+01 extent  8.3333E+00  8.3333E+00
origin  3.0000E+00  1.0250E+01  2.2740E+01 extent  4.1667E+01  4.1667E+01
origin 3 0 21                                                                   
origin  3.0000E+00  0.0000E+00  2.1000E+01 extent  5.2083E+00  5.2083E+00
origin  3.0000E+00  0.0000E+00  2.1000E+01 extent  1.5625E+01  1.5625E+01
origin  3.0000E+00  0.0000E+00  2.1000E+01 extent  7.8125E+00  7.8125E+00
basis  1.0000E+00  0.0000E+00  0.0000E+00  0.0000E+00  1.0000E+00  0.0000E+00
basis  0.0000E+00  1.0000E+00  0.0000E+00  0.0000E+00  0.0000E+00  1.0000E+00
basis  1.0000E+00  0.0000E+00  0.0000E+00  0.0000E+00  1.0000E+00  0.0000E+00
basis  0.0000E+00  0.0000E+00  1.0000E+00  1.0000E+00  0.0000E+00  0.0000E+00
basis  1.0000E+00  0.0000E+00  0.0000E+00  0.0000E+00  1.0000E+00  0.0000E+00
basis  0.0000E+00  1.0000E+00  0.0000E+00  0.0000E+00  0.0000E+00  1.0000E+00
origin 3 -3 22                                                                  
basis  1.0000E+00  0.0000E+00  0.0000E+00  0.0000E+00  1.0000E+00  0.0000E+00
basis  1.0000E+00  0.0000E+00  0.0000E+00  0.0000E+00  1.0000E+00  0.0000E+00
basis  0.0000E+00  1.0000E+00  0.0000E+00  0.0000E+00  0.0000E+00  1.0000E+00
origin  3.0000E+00 -3.0000E+00  2.2000E+01 extent  2.6042E+00  2.6042E+00
origin  3.0000E+00 -3.0000E+00  2.2000E+01 extent  8.6806E-01  8.6806E-01
origin  3.0000E+00 -3.0000E+00  2.2000E+01 extent  1.7361E+00  1.7361E+00
origin  3.0000E+00 -3.0000E+00  2.2000E+01 extent  3.4722E+00  3.4722E+00
origin  3.0000E+00 -3.0000E+00  2.2000E+01 extent  6.9444E+00  6.9444E+00
origin  3.0000E+00 -3.0000E+00  2.2000E+01 extent  2.0833E+01  2.0833E+01
basis  0.0000E+00  1.0000E+00  0.0000E+00  0.0000E+00  0.0000E+00  1.0000E+00
origin  3.0000E+00 -3.0000E+00  2.2000E+01 extent  1.0417E+01  1.0417E+01
basis  1.0000E+00  0.0000E+00  0.0000E+00  0.0000E+00  1.0000E+00  0.0000E+00
basis  0.0000E+00  1.0000E+00  0.0000E+00  0.0000E+00  0.0000E+00  1.0000E+00
basis  0.0000E+00  0.0000E+00  1.0000E+00  1.0000E+00  0.0000E+00  0.0000E+00
basis  0.0000E+00  1.0000E+00  0.0000E+00  0.0000E+00  0.0000E+00  1.0000E+00
origin  3.0000E+00 -3.0000E+00  2.2000E+01 extent  4.1667E+01  4.1667E+01
origin 0 0 22                                                                   
origin  0.0000E+00  0.0000E+00  2.2000E+01 extent  2.0833E+02  2.0833E+02
origin 0 0 23                                                                   
origin  0.0000E+00  0.0000E+00  2.3000E+01 extent  3.4722E+01  3.4722E+01
origin  0.0000E+00  0.0000E+00  2.3000E+01 extent  5.7870E+00  5.7870E+00
origin  0.0000E+00  0.0000E+00  2.3000E+01 extent  9.6451E-01  9.6451E-01
origin  0.0000E+00  0.0000E+00  2.3000E+01 extent  1.6075E-01  1.6075E-01
origin  0.0000E+00  0.0000E+00  2.3000E+01 extent  3.2150E-01  3.2150E-01
origin  0.0000E+00  0.0000E+00  2.3000E+01 extent  1.0717E-01  1.0717E-01
origin -0.3998 0 23                                                             
origin -3.9980E-01  0.0000E+00  2.3000E+01 extent  4.2867E-01  4.2867E-01
basis  1.0000E+00  0.0000E+00  0.0000E+00  0.0000E+00  1.0000E+00  0.0000E+00
basis  0.0000E+00  1.0000E+00  0.0000E+00  0.0000E+00  0.0000E+00  1.0000E+00
basis  0.0000E+00  0.0000E+00  1.0000E+00  1.0000E+00  0.0000E+00  0.0000E+00
label 0 1 cel       
basis  0.0000E+00  1.0000E+00  0.0000E+00  0.0000E+00  0.0000E+00  1.0000E+00
origin -3.9980E-01  0.0000E+00  2.3000E+01 extent  2.1433E+00  2.1433E+00
origin -3.9980E-01  0.0000E+00  2.3000E+01 extent  7.1445E-01  7.1445E-01
origin -3.9980E-01  0.0000E+00  2.3000E+01 extent  2.8578E+00  2.8578E+00
origin -3.9980E-01  0.0000E+00  2.3000E+01 extent  1.1431E+01  1.1431E+01
basis  0.0000E+00  1.0000E+00  0.0000E+00  0.0000E+00  0.0000E+00  1.0000E+00
basis  1.0000E+00  0.0000E+00  0.0000E+00  0.0000E+00  1.0000E+00  0.0000E+00
origin -13.997 0 22.72                                                          
origin -1.3997E+01  0.0000E+00  2.2720E+01 extent  1.9052E+00  1.9052E+00
origin -1.3997E+01  0.0000E+00  2.2720E+01 extent  3.1753E-01  3.1753E-01
origin -1.3997E+01  0.0000E+00  2.2720E+01 extent  5.2922E-02  5.2922E-02
origin -1.3997E+01  0.0000E+00  2.2720E+01 extent  8.8204E-03  8.8204E-03
origin -1.3997E+01  0.0000E+00  2.2720E+01 extent  1.7641E-02  1.7641E-02
origin -1.3997E+01  0.0000E+00  2.2720E+01 extent  3.5281E-02  3.5281E-02
origin -1.3997E+01  0.0000E+00  2.2720E+01 extent  7.0563E-02  7.0563E-02
origin -1.3997E+01  0.0000E+00  2.2720E+01 extent  1.4113E-01  1.4113E-01
origin -1.3997E+01  0.0000E+00  2.2720E+01 extent  2.8225E-01  2.8225E-01
origin -1.3997E+01  0.0000E+00  2.2720E+01 extent  5.6450E-01  5.6450E-01
origin -1.3997E+01  0.0000E+00  2.2720E+01 extent  1.6935E+00  1.6935E+00
origin -1.3997E+01  0.0000E+00  2.2720E+01 extent  5.0805E+00  5.0805E+00
origin -1.3997E+01  0.0000E+00  2.2720E+01 extent  1.5242E+01  1.5242E+01
origin -1.3997E+01  0.0000E+00  2.2720E+01 extent  4.5725E+01  4.5725E+01
origin -1.3997E+01  0.0000E+00  2.2720E+01 extent  1.1431E+01  1.1431E+01
origin -1.3997E+01  0.0000E+00  2.2720E+01 extent  5.7156E+00  5.7156E+00
origin -1.3997E+01  0.0000E+00  2.2720E+01 extent  1.7147E+01  1.7147E+01
origin -1.3997E+01  0.0000E+00  2.2720E+01 extent  5.1440E+01  5.1440E+01
basis  1.0000E+00  0.0000E+00  0.0000E+00  0.0000E+00  1.0000E+00  0.0000E+00
basis  0.0000E+00  1.0000E+00  0.0000E+00  0.0000E+00  0.0000E+00  1.0000E+00
origin -1.3997E+01  0.0000E+00  2.2720E+01 extent  8.5734E+00  8.5734E+00
basis  0.0000E+00  0.0000E+00  1.0000E+00  1.0000E+00  0.0000E+00  0.0000E+00
origin -1.3997E+01  0.0000E+00  2.2720E+01 extent  2.8578E+00  2.8578E+00
origin -1.3997E+01  0.0000E+00  2.2720E+01 extent  9.5260E-01  9.5260E-01
origin -1.3997E+01  0.0000E+00  2.2720E+01 extent  1.9052E+00  1.9052E+00
origin -1.3997E+01  0.0000E+00  2.2720E+01 extent  3.8104E+00  3.8104E+00
origin -1.3997E+01  0.0000E+00  2.2720E+01 extent  7.6208E+00  7.6208E+00
origin -1.3997E+01  0.0000E+00  2.2720E+01 extent  9.5260E-01  9.5260E-01
origin -1.3997E+01  0.0000E+00  2.2720E+01 extent  3.8104E+00  3.8104E+00
origin -11.44 0 23.43                                                           
basis  1.0000E+00  0.0000E+00  0.0000E+00  0.0000E+00  1.0000E+00  0.0000E+00
origin -1.1440E+01  0.0000E+00  2.3430E+01 extent  1.1431E+01  1.1431E+01
origin -1.1440E+01  0.0000E+00  2.3430E+01 extent  3.4294E+01  3.4294E+01
origin -1.1440E+01  0.0000E+00  2.3430E+01 extent  1.0288E+02  1.0288E+02
origin -1.1440E+01  0.0000E+00  2.3430E+01 extent  3.4294E+01  3.4294E+01
origin -1.1440E+01  0.0000E+00  2.3430E+01 extent  1.1431E+01  1.1431E+01
basis  1.0000E+00  0.0000E+00  0.0000E+00  0.0000E+00  1.0000E+00  0.0000E+00
basis  0.0000E+00  1.0000E+00  0.0000E+00  0.0000E+00  0.0000E+00  1.0000E+00
origin -11 -3 22                                                                
origin -1.1000E+01 -3.0000E+00  2.2000E+01 extent  1.4289E+00  1.4289E+00
origin -1.1000E+01 -3.0000E+00  2.2000E+01 extent  2.8578E+00  2.8578E+00
origin -11 -3 23                                                                
origin -1.1000E+01 -3.0000E+00  2.3000E+01 extent  4.0826E-01  4.0826E-01
origin -1.1000E+01 -3.0000E+00  2.3000E+01 extent  1.2248E+00  1.2248E+00
label 1 1 cel       
origin -1.1000E+01 -3.0000E+00  2.3000E+01 extent  2.0413E-01  2.0413E-01
origin -1.1000E+01 -3.0000E+00  2.3000E+01 extent  8.1651E-01  8.1651E-01
origin -11 -3.03 23.42                                                          
origin -1.1000E+01 -3.0300E+00  2.3420E+01 extent  1.1664E-01  1.1664E-01
origin -1.1000E+01 -3.0300E+00  2.3420E+01 extent  3.4993E-01  3.4993E-01
origin -1.1000E+01 -3.0300E+00  2.3420E+01 extent  1.0498E+00  1.0498E+00
origin -1.1000E+01 -3.0300E+00  2.3420E+01 extent  3.1494E+00  3.1494E+00
origin -1.1000E+01 -3.0300E+00  2.3420E+01 extent  9.4482E+00  9.4482E+00
origin -1.1000E+01 -3.0300E+00  2.3420E+01 extent  1.8896E+00  1.8896E+00
origin -1.1000E+01 -3.0300E+00  2.3420E+01 extent  1.3228E+01  1.3228E+01
origin -11 -4.39 22.89                                                          
origin -1.1000E+01 -4.3900E+00  2.2890E+01 extent  1.8896E+00  1.8896E+00
origin -1.1000E+01 -4.3900E+00  2.2890E+01 extent  2.6995E-01  2.6995E-01
origin -1.1000E+01 -4.3900E+00  2.2890E+01 extent  8.0985E-01  8.0985E-01
origin -1.1000E+01 -4.3900E+00  2.2890E+01 extent  2.4295E+00  2.4295E+00
origin -1.1000E+01 -4.3900E+00  2.2890E+01 extent  7.2886E+00  7.2886E+00
origin -1.1000E+01 -4.3900E+00  2.2890E+01 extent  1.2148E+00  1.2148E+00
origin -1.1000E+01 -4.3900E+00  2.2890E+01 extent  2.0246E-01  2.0246E-01
origin -1.1000E+01 -4.3900E+00  2.2890E+01 extent  8.0985E-01  8.0985E-01
origin -7.899 0 223                                                             
origin -7.8990E+00  0.0000E+00  2.2300E+02 extent  2.4295E+00  2.4295E+00
origin -7.8990E+00  0.0000E+00  2.2300E+02 extent  7.2886E+00  7.2886E+00
origin -7.8990E+00  0.0000E+00  2.2300E+02 extent  2.9155E+01  2.9155E+01
origin -7.8990E+00  0.0000E+00  2.2300E+02 extent  1.1662E+02  1.1662E+02
origin -7.8990E+00  0.0000E+00  2.2300E+02 extent  4.6647E+02  4.6647E+02
origin -7.899 0 23                                                              
origin -7.8990E+00  0.0000E+00  2.3000E+01 extent  5.8309E+01  5.8309E+01
origin -7.8990E+00  0.0000E+00  2.3000E+01 extent  7.2886E+00  7.2886E+00
origin -7.8990E+00  0.0000E+00  2.3000E+01 extent  9.1108E-01  9.1108E-01
basis  1.0000E+00  0.0000E+00  0.0000E+00  0.0000E+00  1.0000E+00  0.0000E+00
origin -7.8990E+00  0.0000E+00  2.3000E+01 extent  3.0369E-01  3.0369E-01
origin -7.8990E+00  0.0000E+00  2.3000E+01 extent  1.0123E-01  1.0123E-01
origin -7.8990E+00  0.0000E+00  2.3000E+01 extent  3.3744E-02  3.3744E-02
origin -7.8990E+00  0.0000E+00  2.3000E+01 extent  1.1248E-02  1.1248E-02
origin -7.8990E+00  0.0000E+00  2.3000E+01 extent  3.7493E-03  3.7493E-03
origin -7.8990E+00  0.0000E+00  2.3000E+01 extent  1.2498E-03  1.2498E-03
origin -7.8990E+00  0.0000E+00  2.3000E+01 extent  4.9991E-03  4.9991E-03
origin -7.8990E+00  0.0000E+00  2.3000E+01 extent  1.9996E-02  1.9996E-02
origin -7.8990E+00  0.0000E+00  2.3000E+01 extent  7.9985E-02  7.9985E-02
origin -7.8990E+00  0.0000E+00  2.3000E+01 extent  3.1994E-01  3.1994E-01
origin -7.8990E+00  0.0000E+00  2.3000E+01 extent  1.2798E+00  1.2798E+00
origin -7.8990E+00  0.0000E+00  2.3000E+01 extent  5.1190E+00  5.1190E+00
origin -7.8990E+00  0.0000E+00  2.3000E+01 extent  2.0476E+01  2.0476E+01
basis  0.0000E+00  1.0000E+00  0.0000E+00  0.0000E+00  0.0000E+00  1.0000E+00
origin -7.8990E+00  0.0000E+00  2.3000E+01 extent  1.0238E+01  1.0238E+01
origin -7.8990E+00  0.0000E+00  2.3000E+01 extent  5.1190E+00  5.1190E+00
origin -7.8990E+00  0.0000E+00  2.3000E+01 extent  2.5595E+00  2.5595E+00
basis  0.0000E+00  0.0000E+00  1.0000E+00  1.0000E+00  0.0000E+00  0.0000E+00
origin -7.8990E+00  0.0000E+00  2.3000E+01 extent  4.2659E-01  4.2659E-01
origin -7.8990E+00  0.0000E+00  2.3000E+01 extent  1.2798E+00  1.2798E+00
origin -7.8990E+00  0.0000E+00  2.3000E+01 extent  3.8393E+00  3.8393E+00
origin -7.8990E+00  0.0000E+00  2.3000E+01 extent  1.1518E+01  1.1518E+01
origin -7.8990E+00  0.0000E+00  2.3000E+01 extent  2.8795E+00  2.8795E+00
origin -7.8990E+00  0.0000E+00  2.3000E+01 extent  7.1986E-01  7.1986E-01
origin -7.8990E+00  0.0000E+00  2.3000E+01 extent  1.4397E+00  1.4397E+00
origin -7.8990E+00  0.0000E+00  2.3000E+01 extent  2.8795E+00  2.8795E+00
origin -7.8990E+00  0.0000E+00  2.3000E+01 extent  5.7589E+00  5.7589E+00
basis  1.0000E+00  0.0000E+00  0.0000E+00  0.0000E+00  1.0000E+00  0.0000E+00
origin -7.8990E+00  0.0000E+00  2.3000E+01 extent  1.1518E+00  1.1518E+00
origin -7.8990E+00  0.0000E+00  2.3000E+01 extent  2.3036E-01  2.3036E-01
origin -7.8990E+00  0.0000E+00  2.3000E+01 extent  4.6071E-02  4.6071E-02
origin -7.8990E+00  0.0000E+00  2.3000E+01 extent  2.3036E-01  2.3036E-01
origin -7.8990E+00  0.0000E+00  2.3000E+01 extent  1.1518E+00  1.1518E+00
origin -7.8990E+00  0.0000E+00  2.3000E+01 extent  5.7589E+00  5.7589E+00
origin -7.8990E+00  0.0000E+00  2.3000E+01 extent  2.8795E+01  2.8795E+01
basis  1.0000E+00  0.0000E+00  0.0000E+00  0.0000E+00  1.0000E+00  0.0000E+00
basis  0.0000E+00  1.0000E+00  0.0000E+00  0.0000E+00  0.0000E+00  1.0000E+00
origin -7.8990E+00  0.0000E+00  2.3000E+01 extent  1.4397E+01  1.4397E+01
origin -7.8990E+00  0.0000E+00  2.3000E+01 extent  7.1986E+00  7.1986E+00
origin -7.8990E+00  0.0000E+00  2.3000E+01 extent  4.3192E+01  4.3192E+01
-8 10 24                                                                        
origin -8 10 24                                                                 
origin -8.0000E+00  1.0000E+01  2.4000E+01 extent  6.1703E+00  6.1703E+00
origin -8.0000E+00  1.0000E+01  2.4000E+01 extent  8.8147E-01  8.8147E-01
origin -8.0000E+00  1.0000E+01  2.4000E+01 extent  2.6444E+00  2.6444E+00
origin -8.0000E+00  1.0000E+01  2.4000E+01 extent  7.9332E+00  7.9332E+00
origin -8.0000E+00  1.0000E+01  2.4000E+01 extent  1.5866E+00  1.5866E+00
origin -8.0000E+00  1.0000E+01  2.4000E+01 extent  3.1733E-01  3.1733E-01
origin -8.0000E+00  1.0000E+01  2.4000E+01 extent  1.5866E-01  1.5866E-01
origin -8.0000E+00  1.0000E+01  2.4000E+01 extent  7.9332E-02  7.9332E-02
origin -8.0000E+00  1.0000E+01  2.4000E+01 extent  3.9666E-02  3.9666E-02
origin -8.0000E+00  1.0000E+01  2.4000E+01 extent  1.9833E-01  1.9833E-01
origin -8.0000E+00  1.0000E+01  2.4000E+01 extent  9.9165E-01  9.9165E-01
origin -8.0000E+00  1.0000E+01  2.4000E+01 extent  2.9750E+00  2.9750E+00
origin -8.0000E+00  1.0000E+01  2.4000E+01 extent  8.9249E+00  8.9249E+00
origin -8.0000E+00  1.0000E+01  2.4000E+01 extent  2.6775E+01  2.6775E+01
basis  0.0000E+00  1.0000E+00  0.0000E+00  0.0000E+00  0.0000E+00  1.0000E+00
basis  0.0000E+00  0.0000E+00  1.0000E+00  1.0000E+00  0.0000E+00  0.0000E+00
origin -8.0000E+00  1.0000E+01  2.4000E+01 extent  5.3549E+00  5.3549E+00
origin -8.0000E+00  1.0000E+01  2.4000E+01 extent  1.0710E+00  1.0710E+00
origin -8.0000E+00  1.0000E+01  2.4000E+01 extent  2.1420E-01  2.1420E-01
origin -8.0000E+00  1.0000E+01  2.4000E+01 extent  6.4259E-01  6.4259E-01
origin -8.0000E+00  1.0000E+01  2.4000E+01 extent  1.9278E+00  1.9278E+00
origin -8.0000E+00  1.0000E+01  2.4000E+01 extent  2.7540E-01  2.7540E-01
origin -8.0000E+00  1.0000E+01  2.4000E+01 extent  3.9342E-02  3.9342E-02
origin -8.0000E+00  1.0000E+01  2.4000E+01 extent  7.8684E-02  7.8684E-02
origin -8.0000E+00  1.0000E+01  2.4000E+01 extent  1.5737E-01  1.5737E-01
origin -8.0000E+00  1.0000E+01  2.4000E+01 extent  3.1474E-01  3.1474E-01
origin -8.0000E+00  1.0000E+01  2.4000E+01 extent  6.2948E-01  6.2948E-01
origin -8.0000E+00  1.0000E+01  2.4000E+01 extent  5.6653E+00  5.6653E+00
origin -8.0000E+00  1.0000E+01  2.4000E+01 extent  5.0988E+01  5.0988E+01
origin -8.0000E+00  1.0000E+01  2.4000E+01 extent  1.6996E+01  1.6996E+01
origin -8.0000E+00  1.0000E+01  2.4000E+01 extent  5.6653E+00  5.6653E+00
origin -8.0000E+00  1.0000E+01  2.4000E+01 extent  2.2661E+01  2.2661E+01
origin -8.0000E+00  1.0000E+01  2.4000E+01 extent  1.1331E+01  1.1331E+01
origin -0.75 10 13                                                              
origin -7.5000E-01  1.0000E+01  1.3000E+01 extent  1.2590E+00  1.2590E+00
basis  0.0000E+00  1.0000E+00  0.0000E+00  0.0000E+00  0.0000E+00  1.0000E+00
basis  1.0000E+00  0.0000E+00  0.0000E+00  0.0000E+00  1.0000E+00  0.0000E+00
basis  0.0000E+00  1.0000E+00  0.0000E+00  0.0000E+00  0.0000E+00  1.0000E+00
basis  0.0000E+00  0.0000E+00  1.0000E+00  1.0000E+00  0.0000E+00  0.0000E+00
basis  0.0000E+00  1.0000E+00  0.0000E+00  0.0000E+00  0.0000E+00  1.0000E+00
origin -7.5000E-01  1.0000E+01  1.3000E+01 extent  2.5179E+00  2.5179E+00
origin -7.5000E-01  1.0000E+01  1.3000E+01 extent  5.0358E+00  5.0358E+00
origin -7.5000E-01  1.0000E+01  1.3000E+01 extent  1.0072E+01  1.0072E+01
origin -7.5000E-01  1.0000E+01  1.3000E+01 extent  2.0143E+01  2.0143E+01
origin -0.75 12.83 23.11                                                        
origin -7.5000E-01  1.2830E+01  2.3110E+01 extent  5.0358E+00  5.0358E+00
origin -7.5000E-01  1.2830E+01  2.3110E+01 extent  1.2590E+00  1.2590E+00
origin -0.75 12.79 24.06                                                        
origin -0.75 12.8 23.25                                                         
origin -7.5000E-01  1.2800E+01  2.3250E+01 extent  2.5179E-01  2.5179E-01
origin -7.5000E-01  1.2800E+01  2.3250E+01 extent  5.0358E-02  5.0358E-02
origin -7.5000E-01  1.2800E+01  2.3250E+01 extent  2.5179E-01  2.5179E-01
origin -7.5000E-01  1.2800E+01  2.3250E+01 extent  5.0358E-01  5.0358E-01
origin -7.5000E-01  1.2800E+01  2.3250E+01 extent  1.0072E+00  1.0072E+00
origin -7.5000E-01  1.2800E+01  2.3250E+01 extent  2.0143E+00  2.0143E+00
origin -7.5000E-01  1.2800E+01  2.3250E+01 extent  4.0286E+00  4.0286E+00
origin -7.5000E-01  9.8798E+00  2.5258E+01 extent  8.0573E+00  8.0573E+00
origin -7.5000E-01  9.8798E+00  2.5258E+01 extent  4.0286E+01  4.0286E+01
origin -7.5000E-01  9.8798E+00  2.5258E+01 extent  8.0573E+00  8.0573E+00
basis  1.0000E+00  0.0000E+00  0.0000E+00  0.0000E+00  1.0000E+00  0.0000E+00
origin -7.5000E-01  9.8798E+00  2.5258E+01 extent  2.6858E+00  2.6858E+00
origin -7.5000E-01  9.8798E+00  2.5258E+01 extent  1.8800E+01  1.8800E+01
origin  1.1294E+01  5.1457E+00  2.5258E+01 extent  1.3160E+02  1.3160E+02
origin  1.1294E+01  5.1457E+00  2.5258E+01 extent  1.4622E+01  1.4622E+01
origin  1.1294E+01  5.1457E+00  2.5258E+01 extent  1.6247E+00  1.6247E+00
origin  1.1294E+01  5.1457E+00  2.5258E+01 extent  1.2998E+01  1.2998E+01
origin  1.1294E+01  5.1457E+00  2.5258E+01 extent  5.1991E+01  5.1991E+01
origin  1.1294E+01  5.1457E+00  2.5258E+01 extent  2.5996E+01  2.5996E+01
origin  1.1294E+01  5.1457E+00  2.5258E+01 extent  1.2998E+01  1.2998E+01
origin  6.5612E-02  3.3783E-01  2.5258E+01 extent  1.2998E+01  1.2998E+01
origin  1.1147E+01  6.2743E+00  2.5258E+01 extent  1.2998E+01  1.2998E+01
origin  1.1147E+01  6.2743E+00  2.5258E+01 extent  1.6247E+00  1.6247E+00
origin  1.1147E+01  6.2743E+00  2.5258E+01 extent  2.0309E-01  2.0309E-01
origin  1.1031E+01  6.1456E+00  2.5258E+01 extent  2.0309E-01  2.0309E-01
origin  1.1031E+01  6.1456E+00  2.5258E+01 extent  2.9013E-02  2.9013E-02
origin  1.1031E+01  6.1456E+00  2.5258E+01 extent  4.1447E-03  4.1447E-03
origin  1.1031E+01  6.1456E+00  2.5258E+01 extent  5.9210E-04  5.9210E-04
origin  1.1031E+01  6.1456E+00  2.5258E+01 extent  1.1842E-03  1.1842E-03
origin  1.1031E+01  6.1456E+00  2.5258E+01 extent  2.3684E-03  2.3684E-03
origin  1.1031E+01  6.1456E+00  2.5258E+01 extent  2.3684E-02  2.3684E-02
origin  1.1031E+01  6.1456E+00  2.5258E+01 extent  2.3684E-01  2.3684E-01
origin  1.1031E+01  6.1456E+00  2.5258E+01 extent  2.3684E+00  2.3684E+00
origin  1.1031E+01  6.1456E+00  2.5258E+01 extent  2.3684E+01  2.3684E+01
origin  8.5106E+00  1.9092E+00  2.5258E+01 extent  2.3684E+01  2.3684E+01
origin  8.5106E+00  1.9092E+00  2.5258E+01 extent  3.9473E+00  3.9473E+00
origin  8.5106E+00  1.9092E+00  2.5258E+01 extent  1.3158E+00  1.3158E+00
origin  7.5431E+00  2.0988E+00  2.5258E+01 extent  1.3158E+00  1.3158E+00
origin  7.5431E+00  2.0988E+00  2.5258E+01 extent  1.3158E+01  1.3158E+01
origin  7.9260E+00 -4.3751E-01  2.5258E+01 extent  1.3158E+01  1.3158E+01
origin  7.9260E+00 -4.3751E-01  2.5258E+01 extent  1.3158E+00  1.3158E+00
origin  8.4214E+00 -7.2770E-01  2.5258E+01 extent  1.3158E+00  1.3158E+00
origin  8.4214E+00 -7.2770E-01  2.5258E+01 extent  1.6447E-01  1.6447E-01
origin  8.4214E+00 -7.2770E-01  2.5258E+01 extent  1.4802E+00  1.4802E+00
origin  8.4214E+00 -7.2770E-01  2.5258E+01 extent  1.3322E+01  1.3322E+01
origin  8.4214E+00 -7.2770E-01  2.5258E+01 extent  1.1990E+02  1.1990E+02
basis  0.0000E+00  1.0000E+00  0.0000E+00  0.0000E+00  0.0000E+00  1.0000E+00
origin  8.4214E+00 -7.2770E-01  2.5258E+01 extent  1.3322E+01  1.3322E+01
basis  1.0000E+00  0.0000E+00  0.0000E+00  0.0000E+00  1.0000E+00  0.0000E+00
basis  0.0000E+00  1.0000E+00  0.0000E+00  0.0000E+00  0.0000E+00  1.0000E+00
basis  0.0000E+00  1.0000E+00  0.0000E+00  0.0000E+00  0.0000E+00  1.0000E+00
basis  0.0000E+00  0.0000E+00  1.0000E+00  1.0000E+00  0.0000E+00  0.0000E+00
basis  0.0000E+00  1.0000E+00  0.0000E+00  0.0000E+00  0.0000E+00  1.0000E+00
