         5e-11      2.14932
         1e-10      2.01139
         5e-10      2.11045
          1e-9      2.16765
          5e-9      1.33891
          1e-8     0.894428
        1.5e-8     0.544138
          2e-8     0.259462
       2.51e-8     0.197751
       2.55e-8     0.239532
          3e-8     0.501417
          4e-8     0.811807
          5e-8      1.01588
          6e-8       1.1457
          7e-8       1.2276
          8e-8      1.27972
          9e-8      1.31392
          1e-7      1.36302
        1.5e-7      1.44354
          2e-7      1.51796
        2.5e-7      1.57103
          3e-7      1.59985
          4e-7      1.58539
          5e-7      1.54277
          6e-7      1.49983
          7e-7      1.46819
          8e-7       1.4501
          9e-7      1.44342
          1e-6      1.45104
        1.5e-6      1.46567
          2e-6      1.42637
        2.5e-6      1.36775
          3e-6      1.32262
        3.5e-6      1.30874
        4.1e-6      1.45462
        4.7e-6      2.71409
        5.1e-6      1.43614
          6e-6      1.38911
          7e-6      1.41905
          8e-6      1.44078
          9e-6      1.46808
          1e-5      1.61201
       1.45e-5      2.57555
        2.1e-5      4.89042
        3.1e-5      6.08669
        4.5e-5      11.7955
       5.15e-5       12.226
       5.85e-5      9.31829
        6.7e-5      5.68499
       7.65e-5      9.12244
       8.75e-5       3.1749
        0.0001      10.5656
     0.0001275      14.0226
       0.00016      9.20051
       0.00018      15.6445
        0.0002      3.66627
      0.000235      6.26579
      0.000265      15.2807
      0.000315      10.4245
        0.0004      12.7871
      0.000525      15.7984
       0.00072      17.0025
         0.001      20.0905
         0.002      17.8354
         0.003      1.98972
         0.004     0.649307
         0.005     0.591439
         0.006     0.577321
         0.007     0.580086
         0.008     0.607783
         0.009     0.616441
          0.01     0.546626
         0.018     0.579482
         0.022     0.550636
         0.027     0.536284
        0.0375     0.532259
          0.05     0.542955
          0.06     0.521728
          0.07     0.517204
          0.08     0.566833
          0.09     0.872582
        0.0975     0.905373
          0.11     0.834326
         0.135     0.860872
          0.16     0.958645
         0.175      2.27134
         0.185      1.16619
         0.195      1.04259
         0.205        1.114
         0.215      1.14324
         0.225      1.22066
        0.2325      1.15499
        0.2375      1.62696
        0.2425      1.11848
        0.2475      1.28569
         0.255      1.18659
         0.265       1.2025
         0.275       1.0872
          0.29      1.02372
        0.3125      1.02225
        0.3375     0.963068
        0.3625      0.96395
        0.3875     0.938669
        0.4125       1.1265
        0.4375     0.956295
        0.4625      1.03102
        0.4875      1.02176
          0.51      1.08028
          0.53      1.15758
         0.555      1.49365
         0.585      1.05024
         0.625      1.24218
         0.675      1.10815
         0.725      1.28335
         0.775      1.02372
         0.825      1.66493
         0.875       2.1744
          0.92      1.93132
          0.95      4.28135
          0.97       3.1686
          0.99      1.06911
          1.05      1.36894
         1.175      1.24579
         1.325      1.71143
           1.5      1.49499
           1.7      2.02953
           1.9      1.63951
           2.1      1.82839
           2.3      2.23271
           2.5      2.21088
           2.7       2.0423
           2.9      1.60592
           3.3      2.11414
           3.8      2.85749
           4.4       3.8974
             5      5.23864
           5.8      7.09417
           6.7      9.40078
           7.6      14.0454
           8.7      12.5336
            10      11.8332
            11      11.2676
            12      9.42667
            13      6.88917
            14      5.64708
            15      7.31185
            16      9.49065
            17      11.3044
            18      12.9384
            19      14.4616
            20      16.4992
            22      21.0548
            24      30.6252
            26      45.5082
            28      63.9618
            30      63.9618