        0.0085       3.3365
      0.012924      3.08576
      0.020484      2.79295
      0.032465      2.66831
      0.051453      2.59642
      0.081548      2.82712
       0.11295      3.30138
       0.14219      3.77551
       0.17901      3.95548
       0.22536      3.87023
       0.28371      3.86563
       0.35717      3.89633
       0.44965      3.73866
       0.56607       3.5512
       0.71264      3.88043
       0.89716      4.05126
        1.1295      4.36523
        1.4219      3.89289
        1.7901      4.12095
        2.2536      5.36064
        2.8371       7.2695
        3.5717      9.51436
        4.4965      10.8737
        5.6607      20.1996
        7.1264      23.3344
        8.9716      12.4178
        11.295      9.79313
        14.219      9.79337
        17.901      11.5673
        22.536       16.537
