    4.1399E-07   0.00000E+00 0.0000
    1.1253E-06   2.93101E-13 0.4413
    3.0590E-06   8.05148E-12 0.1108
    1.0677E-05   5.93801E-11 0.0838
    2.9023E-05   1.43367E-10 0.0459
    1.0130E-04   8.91062E-10 0.0173
    2.7536E-04   2.92000E-09 0.0072
    5.8295E-04   7.96883E-09 0.0038
    1.2341E-03   2.39166E-08 0.0020
    3.3546E-03   1.51623E-07 0.0007
    1.0333E-02   1.26873E-06 0.0002
    2.1875E-02   4.31250E-06 0.0001
    2.4788E-02   1.45563E-06 0.0002
    3.4307E-02   5.70433E-06 0.0001
    5.2475E-02   1.44535E-05 0.0001
    1.1109E-01   6.67475E-05 0.0000
    1.5764E-01   6.55541E-05 0.0000
    2.4724E-01   1.34675E-04 0.0000
    3.6883E-01   1.76795E-04 0.0000
    5.5023E-01   2.36451E-04 0.0000
    6.3928E-01   1.01571E-04 0.0000
    7.4274E-01   1.05154E-04 0.0000
    8.2085E-01   7.15892E-05 0.0000
    9.6164E-01   1.15065E-04 0.0000
    1.1080E+00   1.03580E-04 0.0000
    1.4227E+00   1.81803E-04 0.0000
    1.8268E+00   1.78970E-04 0.0000
    2.3069E+00   1.59734E-04 0.0000
    2.3852E+00   2.19928E-05 0.0000
    3.0119E+00   1.44696E-04 0.0000
    4.0657E+00   1.50471E-04 0.0000
    4.7237E+00   5.43811E-05 0.0000
    4.9659E+00   1.48122E-05 0.0001
    6.3763E+00   5.12733E-05 0.0000
    7.4082E+00   1.54322E-05 0.0001
    8.1873E+00   5.82943E-06 0.0001
    9.0484E+00   3.48276E-06 0.0001
    1.0000E+01   1.94307E-06 0.0001
    1.1052E+01   9.94352E-07 0.0002
    1.2214E+01   4.67968E-07 0.0003
    1.2523E+01   6.75598E-08 0.0008
    1.3840E+01   1.56025E-07 0.0005
    1.4191E+01   2.00981E-08 0.0014
    1.4918E+01   2.72168E-08 0.0012
    1.6905E+01   2.67690E-08 0.0013
    1.9640E+01   5.76582E-09 0.0027