IN115G  IFX  3.937E+01 129INNG   3.83400E+22
 9.0955659E-02 2.5991902E-01 4.5283001E-01 5.4204657E-01 6.0265560E-01 6.4434965E-01
 6.6079657E-01 6.7963826E-01 6.8498928E-01 6.6815803E-01 5.9787019E-01 2.7465022E-01
 2.1651075E-02 6.5245181E-01 3.6929774E-01 9.4989325E-01 2.2393285E-01 6.7688263E-01
 9.9626591E-01 5.7916251E-01 4.5180173E-01 8.6501287E-01 6.6137363E-01 7.9991461E-01
 6.8783768E-01 6.3251010E-01 6.6882681E-01 7.3925633E-01 8.1581749E-01 8.4695843E-01
 8.9941127E-01 8.9640637E-01 9.0958226E-01 9.5217819E-01 9.1953414E-01 9.7493354E-01
 9.7805692E-01 9.8062479E-01 9.8267807E-01 9.8429013E-01 9.8587947E-01 9.8687051E-01
 9.8856088E-01 9.8932667E-01 9.9058393E-01 9.9144609E-01 9.9234594E-01 9.9315350E-01
 9.9396636E-01 9.9468450E-01 9.9535940E-01 9.9580553E-01 9.9621586E-01 9.9651755E-01
 9.9673458E-01 9.9692331E-01 9.9707519E-01 9.9715520E-01 9.9726353E-01 9.9732914E-01
 9.9738288E-01 9.9742301E-01 9.9744215E-01 9.9744856E-01 9.9744464E-01 9.9742882E-01
 9.9740780E-01 9.9737945E-01 9.9733470E-01 9.9729286E-01 9.9722271E-01 9.9719589E-01
 9.9728541E-01 9.9749343E-01 9.9776811E-01 9.9816881E-01 9.9855255E-01 9.9897800E-01
 9.9923847E-01 9.9971812E-01 1.0000000E+00 1.0000000E+00 1.0000000E+00 1.0000000E+00
 1.0000000E+00 1.0000000E+00 1.0000000E+00 1.0000000E+00 1.0000000E+00 1.0000000E+00
 1.0000000E+00 1.0000000E+00 1.0000000E+00 1.0000000E+00 1.0000000E+00 1.0000000E+00
 1.0000000E+00 1.0000000E+00 1.0000000E+00 1.0000000E+00 1.0000000E+00 1.0000000E+00
 1.0000000E+00 1.0000000E+00 1.0000000E+00 1.0000000E+00 1.0000000E+00 1.0000000E+00
 1.0000000E+00 1.0000000E+00 1.0000000E+00 1.0000000E+00 1.0000000E+00 1.0000000E+00
 1.0000000E+00 1.0000000E+00 1.0000000E+00 1.0000000E+00 1.0000000E+00 1.0000000E+00
 1.0000000E+00 1.0000000E+00 1.0000000E+00 1.0000000E+00 1.0000000E+00 1.0000000E+00
 1.0000000E+00 1.0000000E+00 1.0000000E+00
AU197G  IFX  3.937E+00 129AUNG   5.90100E+22
 5.2571011E-01 7.5685396E-01 8.6786537E-01 9.0109627E-01 9.2121534E-01 9.3465914E-01
 9.4027008E-01 9.4803067E-01 9.5409451E-01 9.5878424E-01 9.6184178E-01 9.6309276E-01
 9.6044041E-01 9.4783776E-01 8.3296942E-01 1.3139714E-01 9.5145977E-01 9.9191614E-01
 9.9764366E-01 9.9897328E-01 9.9916740E-01 4.7694521E-01 7.8647235E-01 8.6171165E-01
 8.2935107E-01 8.3540945E-01 8.2082133E-01 8.1520212E-01 8.7914901E-01 8.8948862E-01
 9.0071982E-01 9.2059699E-01 9.3808645E-01 9.5951837E-01 9.6799071E-01 9.7413116E-01
 9.8210632E-01 9.8579226E-01 9.9376453E-01 9.9595838E-01 9.9667750E-01 9.9706925E-01
 9.9769030E-01 9.9795795E-01 9.9829766E-01 9.9843523E-01 9.9861026E-01 9.9876543E-01
 9.9889719E-01 9.9901581E-01 9.9911201E-01 9.9916777E-01 9.9921593E-01 9.9925040E-01
 9.9928129E-01 9.9931082E-01 9.9936121E-01 9.9941997E-01 9.9946839E-01 9.9987011E-01
 1.0000000E+00 1.0000000E+00 1.0000000E+00 1.0000000E+00 1.0000000E+00 1.0000000E+00
 1.0000000E+00 1.0000000E+00 1.0000000E+00 1.0000000E+00 1.0000000E+00 1.0000000E+00
 1.0000000E+00 1.0000000E+00 1.0000000E+00 1.0000000E+00 1.0000000E+00 1.0000000E+00
 1.0000000E+00 1.0000000E+00 1.0000000E+00 1.0000000E+00 1.0000000E+00 1.0000000E+00
 1.0000000E+00 1.0000000E+00 1.0000000E+00 1.0000000E+00 1.0000000E+00 1.0000000E+00
 1.0000000E+00 1.0000000E+00 1.0000000E+00 1.0000000E+00 1.0000000E+00 1.0000000E+00
 1.0000000E+00 1.0000000E+00 1.0000000E+00 1.0000000E+00 1.0000000E+00 1.0000000E+00
 1.0000000E+00 1.0000000E+00 1.0000000E+00 1.0000000E+00 1.0000000E+00 1.0000000E+00
 1.0000000E+00 1.0000000E+00 1.0000000E+00 1.0000000E+00 1.0000000E+00 1.0000000E+00
 1.0000000E+00 1.0000000E+00 1.0000000E+00 1.0000000E+00 1.0000000E+00 1.0000000E+00
 1.0000000E+00 1.0000000E+00 1.0000000E+00 1.0000000E+00 1.0000000E+00 1.0000000E+00
 1.0000000E+00 1.0000000E+00 1.0000000E+00
W186G   IFX  3.937E+01 129WWNG   6.32200E+22
 2.0994906E-01 4.6534467E-01 6.6085827E-01 7.3416018E-01 7.8242538E-01 8.1697262E-01
 8.3210004E-01 8.5405362E-01 8.7249612E-01 8.8851366E-01 9.0174920E-01 9.1386193E-01
 9.2328168E-01 9.2976706E-01 9.3324004E-01 9.3161546E-01 9.1990214E-01 8.7003353E-01
 4.9896028E-02 7.2108754E-01 9.7297422E-01 9.9368964E-01 9.9779135E-01 9.9867496E-01
 6.7392867E-01 2.4823731E-01 9.3390757E-01 4.1152448E-01 4.0797804E-01 4.8093111E-01
 5.6581268E-01 7.9544447E-01 6.6288651E-01 7.9338400E-01 8.4711680E-01 8.4333583E-01
 9.2030868E-01 9.4029169E-01 9.5643897E-01 9.6585485E-01 9.7954592E-01 9.9294617E-01
 9.9419143E-01 9.9465981E-01 9.9523512E-01 9.9559974E-01 9.9593450E-01 9.9619189E-01
 9.9641541E-01 9.9657041E-01 9.9678960E-01 9.9729546E-01 9.9803087E-01 9.9831332E-01
 9.9842697E-01 9.9850483E-01 9.9857603E-01 9.9861754E-01 9.9863551E-01 9.9864890E-01
 9.9865039E-01 9.9864730E-01 9.9865405E-01 9.9866151E-01 9.9866926E-01 9.9864707E-01
 9.9863776E-01 9.9865552E-01 9.9869065E-01 9.9874625E-01 9.9885540E-01 9.9896203E-01
 9.9903235E-01 9.9906852E-01 9.9908781E-01 9.9913657E-01 9.9922543E-01 9.9936309E-01
 9.9953819E-01 1.0000000E+00 1.0000000E+00 1.0000000E+00 1.0000000E+00 1.0000000E+00
 1.0000000E+00 1.0000000E+00 1.0000000E+00 1.0000000E+00 1.0000000E+00 1.0000000E+00
 1.0000000E+00 1.0000000E+00 1.0000000E+00 1.0000000E+00 1.0000000E+00 1.0000000E+00
 1.0000000E+00 1.0000000E+00 1.0000000E+00 1.0000000E+00 1.0000000E+00 1.0000000E+00
 1.0000000E+00 1.0000000E+00 1.0000000E+00 1.0000000E+00 1.0000000E+00 1.0000000E+00
 1.0000000E+00 1.0000000E+00 1.0000000E+00 1.0000000E+00 1.0000000E+00 1.0000000E+00
 1.0000000E+00 1.0000000E+00 1.0000000E+00 1.0000000E+00 1.0000000E+00 1.0000000E+00
 1.0000000E+00 1.0000000E+00 1.0000000E+00 1.0000000E+00 1.0000000E+00 1.0000000E+00
 1.0000000E+00 1.0000000E+00 1.0000000E+00
MN55G   IFX  3.937E+01 129MNNG   7.90300E+22
 3.8467533E-01 6.4999337E-01 7.9977887E-01 8.4831626E-01 8.7882677E-01 8.9999367E-01
 9.0910641E-01 9.2222398E-01 9.3318753E-01 9.4272654E-01 9.5071271E-01 9.5828256E-01
 9.6462793E-01 9.6979001E-01 9.7430373E-01 9.7808596E-01 9.8107383E-01 9.8355869E-01
 9.8587079E-01 9.8753633E-01 9.8883896E-01 9.8980930E-01 9.9016485E-01 9.8978432E-01
 9.8849161E-01 9.8471793E-01 9.6854346E-01 6.9950172E-01 9.0441787E-01 9.8986538E-01
 9.9544381E-01 9.9557764E-01 8.1266860E-01 9.9605271E-01 9.8457414E-01 9.7893999E-01
 9.9382490E-01 9.9841077E-01 9.2676314E-01 9.8442392E-01 9.9343920E-01 9.9818438E-01
 9.9876104E-01 9.9732897E-01 9.9845485E-01 9.9882509E-01 9.9897978E-01 9.9515914E-01
 9.9909614E-01 9.9933061E-01 9.9966370E-01 9.9969922E-01 1.0000000E+00 1.0000000E+00
 1.0000000E+00 1.0000000E+00 1.0000000E+00 1.0000000E+00 1.0000000E+00 1.0000000E+00
 1.0000000E+00 1.0000000E+00 1.0000000E+00 1.0000000E+00 1.0000000E+00 1.0000000E+00
 1.0000000E+00 1.0000000E+00 1.0000000E+00 1.0000000E+00 1.0000000E+00 1.0000000E+00
 1.0000000E+00 1.0000000E+00 1.0000000E+00 1.0000000E+00 1.0000000E+00 1.0000000E+00
 1.0000000E+00 1.0000000E+00 1.0000000E+00 1.0000000E+00 1.0000000E+00 1.0000000E+00
 1.0000000E+00 1.0000000E+00 1.0000000E+00 1.0000000E+00 1.0000000E+00 1.0000000E+00
 1.0000000E+00 1.0000000E+00 1.0000000E+00 1.0000000E+00 1.0000000E+00 1.0000000E+00
 1.0000000E+00 1.0000000E+00 1.0000000E+00 1.0000000E+00 1.0000000E+00 1.0000000E+00
 1.0000000E+00 1.0000000E+00 1.0000000E+00 1.0000000E+00 1.0000000E+00 1.0000000E+00
 1.0000000E+00 1.0000000E+00 1.0000000E+00 1.0000000E+00 1.0000000E+00 1.0000000E+00
 1.0000000E+00 1.0000000E+00 1.0000000E+00 1.0000000E+00 1.0000000E+00 1.0000000E+00
 1.0000000E+00 1.0000000E+00 1.0000000E+00 1.0000000E+00 1.0000000E+00 1.0000000E+00
 1.0000000E+00 1.0000000E+00 1.0000000E+00
