   E (MeV)	Unadj. F×Eavg	Adj. F×Eavg
 1.00000E-10	 0.00000E+00	 0.00000E+00
 1.00000E-09	 0.00000E+00	 0.00000E+00
 1.00000E-09	 2.35823E+02	 2.29059E+02
 1.00000E-08	 2.35823E+02	 2.29059E+02
 1.00000E-08	 1.98209E+03	 1.91061E+03
 2.30000E-08	 1.98209E+03	 1.91061E+03
 2.30000E-08	 9.25439E+03	 8.82626E+03
 5.00000E-08	 9.25439E+03	 8.82626E+03
 5.00000E-08	 2.04157E+04	 1.91994E+04
 7.60000E-08	 2.04157E+04	 1.91994E+04
 7.60000E-08	 3.54979E+04	 3.28921E+04
 1.15000E-07	 3.54979E+04	 3.28921E+04
 1.15000E-07	 8.46768E+04	 7.69912E+04
 1.70000E-07	 8.46768E+04	 7.69912E+04
 1.70000E-07	 1.36426E+05	 1.21557E+05
 2.55000E-07	 1.36426E+05	 1.21557E+05
 2.55000E-07	 1.95679E+05	 1.70226E+05
 3.80000E-07	 1.95679E+05	 1.70226E+05
 3.80000E-07	 2.69494E+05	 2.31493E+05
 5.50000E-07	 2.69494E+05	 2.31493E+05
 5.50000E-07	 3.21798E+05	 2.71638E+05
 8.40000E-07	 3.21798E+05	 2.71638E+05
 8.40000E-07	 3.23707E+05	 2.69622E+05
 1.27500E-06	 3.23707E+05	 2.69622E+05
 1.27500E-06	 2.93040E+05	 2.41987E+05
 1.90000E-06	 2.93040E+05	 2.41987E+05
 1.90000E-06	 1.33466E+06	 1.09907E+06
 2.80000E-06	 1.33466E+06	 1.09907E+06
 2.80000E-06	 1.06783E+06	 8.89652E+05
 4.25000E-06	 1.06783E+06	 8.89652E+05
 4.25000E-06	 1.18299E+06	 1.01051E+06
 6.30000E-06	 1.18299E+06	 1.01051E+06
 6.30000E-06	 1.88299E+06	 1.66827E+06
 9.20000E-06	 1.88299E+06	 1.66827E+06
 9.20000E-06	 2.94911E+06	 2.73946E+06
 1.35000E-05	 2.94911E+06	 2.73946E+06
 1.35000E-05	 2.11245E+06	 2.06578E+06
 2.10000E-05	 2.11245E+06	 2.06578E+06
 2.10000E-05	 4.70799E+06	 4.62250E+06
 3.00000E-05	 4.70799E+06	 4.62250E+06
 3.00000E-05	 6.20085E+06	 6.11016E+06
 4.50000E-05	 6.20085E+06	 6.11016E+06
 4.50000E-05	 7.15658E+06	 7.07053E+06
 6.90000E-05	 7.15658E+06	 7.07053E+06
 6.90000E-05	 8.64558E+06	 8.55854E+06
 1.00000E-04	 8.64558E+06	 8.55854E+06
 1.00000E-04	 8.69682E+06	 8.62240E+06
 1.35000E-04	 8.69682E+06	 8.62240E+06
 1.35000E-04	 9.30783E+06	 9.23654E+06
 1.70000E-04	 9.30783E+06	 9.23654E+06
 1.70000E-04	 1.21354E+07	 1.20611E+07
 2.20000E-04	 1.21354E+07	 1.20611E+07
 2.20000E-04	 1.46042E+07	 1.45263E+07
 2.80000E-04	 1.46042E+07	 1.45263E+07
 2.80000E-04	 8.21361E+06	 8.17875E+06
 3.60000E-04	 8.21361E+06	 8.17875E+06
 3.60000E-04	 9.98855E+06	 9.94876E+06
 4.50000E-04	 9.98855E+06	 9.94876E+06
 4.50000E-04	 1.82354E+07	 1.81713E+07
 5.75000E-04	 1.82354E+07	 1.81713E+07
 5.75000E-04	 2.37729E+07	 2.36965E+07
 7.60000E-04	 2.37729E+07	 2.36965E+07
 7.60000E-04	 2.47137E+07	 2.46498E+07
 9.60000E-04	 2.47137E+07	 2.46498E+07
 9.60000E-04	 3.23553E+07	 3.22768E+07
 1.27500E-03	 3.23553E+07	 3.22768E+07
 1.27500E-03	 5.67715E+07	 5.66366E+07
 1.60000E-03	 5.67715E+07	 5.66366E+07
 1.60000E-03	 1.16077E+08	 1.15808E+08
 2.00000E-03	 1.16077E+08	 1.15808E+08
 2.00000E-03	 1.01045E+08	 1.00820E+08
 2.70000E-03	 1.01045E+08	 1.00820E+08
 2.70000E-03	 1.66038E+08	 1.65644E+08
 3.40000E-03	 1.66038E+08	 1.65644E+08
 3.40000E-03	 2.89729E+08	 2.88967E+08
 4.50000E-03	 2.89729E+08	 2.88967E+08
 4.50000E-03	 4.53624E+08	 4.52288E+08
 5.50000E-03	 4.53624E+08	 4.52288E+08
 5.50000E-03	 7.09615E+08	 7.07384E+08
 7.20000E-03	 7.09615E+08	 7.07384E+08
 7.20000E-03	 9.50025E+08	 9.46738E+08
 9.20000E-03	 9.50025E+08	 9.46738E+08
 9.20000E-03	 1.59088E+09	 1.58490E+09
 1.20000E-02	 1.59088E+09	 1.58490E+09
 1.20000E-02	 2.03520E+09	 2.02699E+09
 1.50000E-02	 2.03520E+09	 2.02699E+09
 1.50000E-02	 2.61240E+09	 2.60101E+09
 1.90000E-02	 2.61240E+09	 2.60101E+09
 1.90000E-02	 4.11310E+09	 4.09269E+09
 2.55000E-02	 4.11310E+09	 4.09269E+09
 2.55000E-02	 7.58652E+09	 7.54570E+09
 3.20000E-02	 7.58652E+09	 7.54570E+09
 3.20000E-02	 5.89825E+09	 5.86623E+09
 4.00000E-02	 5.89825E+09	 5.86623E+09
 4.00000E-02	 9.77278E+09	 9.71101E+09
 5.25000E-02	 9.77278E+09	 9.71101E+09
 5.25000E-02	 1.42018E+10	 1.41093E+10
 6.60000E-02	 1.42018E+10	 1.41093E+10
 6.60000E-02	 2.23878E+10	 2.22284E+10
 8.80000E-02	 2.23878E+10	 2.22284E+10
 8.80000E-02	 2.32864E+10	 2.31261E+10
 1.10000E-01	 2.32864E+10	 2.31261E+10
 1.10000E-01	 3.85046E+10	 3.82257E+10
 1.35000E-01	 3.85046E+10	 3.82257E+10
 1.35000E-01	 3.87040E+10	 3.84168E+10
 1.60000E-01	 3.87040E+10	 3.84168E+10
 1.60000E-01	 4.95089E+10	 4.91412E+10
 1.90000E-01	 4.95089E+10	 4.91412E+10
 1.90000E-01	 5.34153E+10	 5.30180E+10
 2.20000E-01	 5.34153E+10	 5.30180E+10
 2.20000E-01	 6.23486E+10	 6.18920E+10
 2.55000E-01	 6.23486E+10	 6.18920E+10
 2.55000E-01	 7.70146E+10	 7.64797E+10
 2.90000E-01	 7.70146E+10	 7.64797E+10
 2.90000E-01	 7.90273E+10	 7.85138E+10
 3.20000E-01	 7.90273E+10	 7.85138E+10
 3.20000E-01	 9.37718E+10	 9.32046E+10
 3.60000E-01	 9.37718E+10	 9.32046E+10
 3.60000E-01	 1.00776E+11	 1.00222E+11
 4.00000E-01	 1.00776E+11	 1.00222E+11
 4.00000E-01	 1.00409E+11	 9.99181E+10
 4.50000E-01	 1.00409E+11	 9.99181E+10
 4.50000E-01	 1.15076E+11	 1.14594E+11
 5.00000E-01	 1.15076E+11	 1.14594E+11
 5.00000E-01	 1.22208E+11	 1.21788E+11
 5.50000E-01	 1.22208E+11	 1.21788E+11
 5.50000E-01	 1.31882E+11	 1.31521E+11
 6.00000E-01	 1.31882E+11	 1.31521E+11
 6.00000E-01	 1.40669E+11	 1.40408E+11
 6.60000E-01	 1.40669E+11	 1.40408E+11
 6.60000E-01	 1.54828E+11	 1.54674E+11
 7.20000E-01	 1.54828E+11	 1.54674E+11
 7.20000E-01	 1.63693E+11	 1.63675E+11
 7.80000E-01	 1.63693E+11	 1.63675E+11
 7.80000E-01	 1.56694E+11	 1.56820E+11
 8.40000E-01	 1.56694E+11	 1.56820E+11
 8.40000E-01	 1.67560E+11	 1.67841E+11
 9.20000E-01	 1.67560E+11	 1.67841E+11
 9.20000E-01	 1.69475E+11	 1.69942E+11
 1.00000E+00	 1.69475E+11	 1.69942E+11
 1.00000E+00	 1.63093E+11	 1.63770E+11
 1.20000E+00	 1.63093E+11	 1.63770E+11
 1.20000E+00	 1.53850E+11	 1.54591E+11
 1.40000E+00	 1.53850E+11	 1.54591E+11
 1.40000E+00	 1.51075E+11	 1.51903E+11
 1.60000E+00	 1.51075E+11	 1.51903E+11
 1.60000E+00	 1.42119E+11	 1.42959E+11
 1.80000E+00	 1.42119E+11	 1.42959E+11
 1.80000E+00	 1.33660E+11	 1.34586E+11
 2.00000E+00	 1.33660E+11	 1.34586E+11
 2.00000E+00	 1.19686E+11	 1.20640E+11
 2.30000E+00	 1.19686E+11	 1.20640E+11
 2.30000E+00	 1.06443E+11	 1.07398E+11
 2.60000E+00	 1.06443E+11	 1.07398E+11
 2.60000E+00	 8.95518E+10	 9.03900E+10
 2.90000E+00	 8.95518E+10	 9.03900E+10
 2.90000E+00	 7.36566E+10	 7.44079E+10
 3.30000E+00	 7.36566E+10	 7.44079E+10
 3.30000E+00	 6.11864E+10	 6.18476E+10
 3.70000E+00	 6.11864E+10	 6.18476E+10
 3.70000E+00	 5.17201E+10	 5.22382E+10
 4.10000E+00	 5.17201E+10	 5.22382E+10
 4.10000E+00	 4.55339E+10	 4.59140E+10
 4.50000E+00	 4.55339E+10	 4.59140E+10
 4.50000E+00	 3.85053E+10	 3.87584E+10
 5.00000E+00	 3.85053E+10	 3.87584E+10
 5.00000E+00	 3.23274E+10	 3.24825E+10
 5.50000E+00	 3.23274E+10	 3.24825E+10
 5.50000E+00	 2.96170E+10	 2.97038E+10
 6.00000E+00	 2.96170E+10	 2.97038E+10
 6.00000E+00	 2.80556E+10	 2.80852E+10
 6.70000E+00	 2.80556E+10	 2.80852E+10
 6.70000E+00	 2.44213E+10	 2.44034E+10
 7.40000E+00	 2.44213E+10	 2.44034E+10
 7.40000E+00	 2.02498E+10	 2.01975E+10
 8.20000E+00	 2.02498E+10	 2.01975E+10
 8.20000E+00	 1.82075E+10	 1.81177E+10
 9.00000E+00	 1.82075E+10	 1.81177E+10
 9.00000E+00	 1.91013E+10	 1.89562E+10
 1.00000E+01	 1.91013E+10	 1.89562E+10
 1.00000E+01	 2.27498E+10	 2.25161E+10
 1.10000E+01	 2.27498E+10	 2.25161E+10
 1.10000E+01	 1.21445E+10	 1.19896E+10
 1.20000E+01	 1.21445E+10	 1.19896E+10
 1.20000E+01	 1.07570E+10	 1.06060E+10
 1.25000E+01	 1.07570E+10	 1.06060E+10
 1.25000E+01	 1.37814E+10	 1.35804E+10
 1.26000E+01	 1.37814E+10	 1.35804E+10
 1.26000E+01	 1.48934E+10	 1.46791E+10
 1.27000E+01	 1.48934E+10	 1.46791E+10
 1.27000E+01	 1.61950E+10	 1.59713E+10
 1.28000E+01	 1.61950E+10	 1.59713E+10
 1.28000E+01	 1.74706E+10	 1.72472E+10
 1.29000E+01	 1.74706E+10	 1.72472E+10
 1.29000E+01	 2.22571E+10	 2.20038E+10
 1.30000E+01	 2.22571E+10	 2.20038E+10
 1.30000E+01	 2.81716E+10	 2.78985E+10
 1.31000E+01	 2.81716E+10	 2.78985E+10
 1.31000E+01	 2.41389E+10	 2.39516E+10
 1.32000E+01	 2.41389E+10	 2.39516E+10
 1.32000E+01	 2.30709E+10	 2.29396E+10
 1.33000E+01	 2.30709E+10	 2.29396E+10
 1.33000E+01	 2.78139E+10	 2.77166E+10
 1.34000E+01	 2.78139E+10	 2.77166E+10
 1.34000E+01	 4.43753E+10	 4.43169E+10
 1.35000E+01	 4.43753E+10	 4.43169E+10
 1.35000E+01	 5.69317E+10	 5.69710E+10
 1.36000E+01	 5.69317E+10	 5.69710E+10
 1.36000E+01	 5.32156E+10	 5.33473E+10
 1.37000E+01	 5.32156E+10	 5.33473E+10
 1.37000E+01	 8.47677E+10	 8.51051E+10
 1.38000E+01	 8.47677E+10	 8.51051E+10
 1.38000E+01	 3.73750E+11	 3.75681E+11
 1.39000E+01	 3.73750E+11	 3.75681E+11
 1.39000E+01	 2.15410E+12	 2.16617E+12
 1.40000E+01	 2.15410E+12	 2.16617E+12
 1.40000E+01	 6.87940E+12	 6.92247E+12
 1.41000E+01	 6.87940E+12	 6.92247E+12
 1.41000E+01	 9.79551E+05	 1.05542E+06
 1.42000E+01	 9.79551E+05	 1.05542E+06
 1.42000E+01	 8.28173E+05	 8.81979E+05
 1.43000E+01	 8.28173E+05	 8.81979E+05
 1.43000E+01	 6.81457E+05	 7.10669E+05
 1.44000E+01	 6.81457E+05	 7.10669E+05
 1.44000E+01	 4.71200E+05	 5.00812E+05
 1.45000E+01	 4.71200E+05	 5.00812E+05
 1.45000E+01	 6.62435E+05	 6.89955E+05
 1.46000E+01	 6.62435E+05	 6.89955E+05
 1.46000E+01	 8.41807E+05	 8.85569E+05
 1.47000E+01	 8.41807E+05	 8.85569E+05
 1.47000E+01	 5.59278E+06	 6.12113E+06
 1.48000E+01	 5.59278E+06	 6.12113E+06
 1.48000E+01	 1.24224E+06	 1.29018E+06
 1.49000E+01	 1.24224E+06	 1.29018E+06
 1.49000E+01	 5.27894E+05	 5.41965E+05
 1.50000E+01	 5.27894E+05	 5.41965E+05
 1.50000E+01	 7.61468E+05	 7.78822E+05
 1.51000E+01	 7.61468E+05	 7.78822E+05
 1.51000E+01	 4.15553E+05	 4.23362E+05
 1.52000E+01	 4.15553E+05	 4.23362E+05
 1.52000E+01	 2.85245E+05	 2.88557E+05
 1.53000E+01	 2.85245E+05	 2.88557E+05
 1.53000E+01	 1.76269E+06	 1.78855E+06
 1.54000E+01	 1.76269E+06	 1.78855E+06
 1.54000E+01	 5.61271E+05	 5.65191E+05
 1.55000E+01	 5.61271E+05	 5.65191E+05
 1.55000E+01	 4.12592E+05	 4.14025E+05
 1.56000E+01	 4.12592E+05	 4.14025E+05
 1.56000E+01	 8.01202E+05	 8.04112E+05
 1.57000E+01	 8.01202E+05	 8.04112E+05
 1.57000E+01	 4.05952E+05	 4.06734E+05
 1.58000E+01	 4.05952E+05	 4.06734E+05
 1.58000E+01	 2.04951E+05	 2.05192E+05
 1.59000E+01	 2.04951E+05	 2.05192E+05
 1.59000E+01	 7.87424E+05	 7.88012E+05
 1.60000E+01	 7.87424E+05	 7.88012E+05
 1.60000E+01	 1.19810E+06	 1.19842E+06
 1.65000E+01	 1.19810E+06	 1.19842E+06
