ETA Experiment with Modeled values
 2 0 0 1  1.0000E+00 1.0000E+00
  129    1
 1.000E-10 1.000E-09 1.000E-08 2.300E-08 5.000E-08 7.600E-08 1.150E-07 1.700E-07
 2.550E-07 3.800E-07 5.500E-07 8.400E-07 1.275E-06 1.900E-06 2.800E-06 4.250E-06
 6.300E-06 9.200E-06 1.350E-05 2.100E-05 3.000E-05 4.500E-05 6.900E-05 1.000E-04
 1.350E-04 1.700E-04 2.200E-04 2.800E-04 3.600E-04 4.500E-04 5.750E-04 7.600E-04
 9.600E-04 1.275E-03 1.600E-03 2.000E-03 2.700E-03 3.400E-03 4.500E-03 5.500E-03
 7.200E-03 9.200E-03 1.200E-02 1.500E-02 1.900E-02 2.550E-02 3.200E-02 4.000E-02
 5.250E-02 6.600E-02 8.800E-02 1.100E-01 1.350E-01 1.600E-01 1.900E-01 2.200E-01
 2.550E-01 2.900E-01 3.200E-01 3.600E-01 4.000E-01 4.500E-01 5.000E-01 5.500E-01
 6.000E-01 6.600E-01 7.200E-01 7.800E-01 8.400E-01 9.200E-01 1.000E+00 1.200E+00
 1.400E+00 1.600E+00 1.800E+00 2.000E+00 2.300E+00 2.600E+00 2.900E+00 3.300E+00
 3.700E+00 4.100E+00 4.500E+00 5.000E+00 5.500E+00 6.000E+00 6.700E+00 7.400E+00
 8.200E+00 9.000E+00 1.000E+01 1.100E+01 1.200E+01 1.250E+01 1.260E+01 1.270E+01
 1.280E+01 1.290E+01 1.300E+01 1.310E+01 1.320E+01 1.330E+01 1.340E+01 1.350E+01
 1.360E+01 1.370E+01 1.380E+01 1.390E+01 1.400E+01 1.410E+01 1.420E+01 1.430E+01
 1.440E+01 1.450E+01 1.460E+01 1.470E+01 1.480E+01 1.490E+01 1.500E+01 1.510E+01
 1.520E+01 1.530E+01 1.540E+01 1.550E+01 1.560E+01 1.570E+01 1.580E+01 1.590E+01
 1.600E+01 1.650E+01
 0.000E+00 4.165E+10 1.158E+11 2.418E+11 3.048E+11 3.444E+11 5.403E+11 5.720E+11
 5.361E+11 4.978E+11 3.908E+11 2.550E+11 1.524E+11 4.677E+11 2.524E+11 1.916E+11
 2.153E+11 2.414E+11 1.198E+11 1.813E+11 1.629E+11 1.240E+11 1.013E+11 7.338E+10
 6.057E+10 6.185E+10 5.811E+10 2.556E+10 2.456E+10 3.546E+10 3.550E+10 2.866E+10
 2.888E+10 3.940E+10 6.434E+10 4.290E+10 5.431E+10 7.316E+10 9.046E+10 1.114E+11
 1.155E+11 1.495E+11 1.501E+11 1.530E+11 1.839E+11 2.625E+11 1.630E+11 2.100E+11
 2.381E+11 2.887E+11 2.336E+11 3.120E+11 2.605E+11 2.808E+11 2.586E+11 2.606E+11
 2.807E+11 2.574E+11 2.741E+11 2.637E+11 2.351E+11 2.413E+11 2.320E+11 2.287E+11
 2.229E+11 2.242E+11 2.182E+11 1.936E+11 1.907E+11 1.770E+11 1.489E+11 1.189E+11
 1.013E+11 8.409E+10 7.083E+10 5.611E+10 4.384E+10 3.287E+10 2.400E+10 1.767E+10
 1.339E+10 1.068E+10 8.160E+09 6.187E+09 5.166E+09 4.423E+09 3.461E+09 2.589E+09
 2.107E+09 1.995E+09 2.144E+09 1.043E+09 8.658E+08 1.082E+09 1.160E+09 1.253E+09
 1.342E+09 1.699E+09 2.138E+09 1.821E+09 1.731E+09 2.076E+09 3.295E+09 4.205E+09
 3.908E+09 6.189E+09 2.712E+10 1.553E+11 4.927E+11 7.459E+04 6.189E+04 4.952E+04
 3.466E+04 4.742E+04 6.045E+04 4.150E+05 8.688E+04 3.625E+04 5.175E+04 2.794E+04
 1.892E+04 1.165E+05 3.658E+04 2.663E+04 5.138E+04 2.582E+04 1.295E+04 4.941E+04
 7.375E+04
 1.384E+00 1.590E+00 1.436E+00 1.318E+00 1.209E+00 1.057E+00 9.245E-01 7.835E-01
 6.585E-01 5.014E-01 3.885E-01 2.911E-01 2.115E-01 1.488E-01 9.713E-02 5.816E-02
 3.084E-02 1.284E-02 2.613E-03 1.377E-03 6.851E-04 3.284E-04 1.448E-04 5.190E-05
 3.084E-06-6.460E-06-1.072E-05 3.334E-06-4.613E-06 5.463E-06 1.040E-05 2.861E-05
 3.045E-05 2.824E-05 2.660E-05 2.671E-05 1.469E-05-3.443E-06-2.605E-05-4.305E-05
-6.735E-05-9.112E-05-1.131E-04-1.377E-04-1.796E-04-2.083E-04-2.111E-04-2.680E-04
-2.777E-04-3.133E-04-2.944E-04-3.144E-04-3.239E-04-3.251E-04-3.296E-04-3.301E-04
-3.180E-04-3.057E-04-2.986E-04-2.900E-04-2.813E-04-2.702E-04-2.595E-04-2.636E-04
-2.431E-04-2.314E-04-2.180E-04-2.085E-04-1.879E-04-1.854E-04-1.928E-04-1.534E-04
-1.211E-04-8.692E-05-7.189E-05-5.665E-05-4.060E-05-1.824E-05-3.772E-06 1.095E-05
 3.217E-05 5.272E-05 6.813E-05 7.918E-05 8.724E-05 9.286E-05 9.654E-05 9.857E-05
 9.984E-05 1.003E-04 9.986E-05 9.840E-05 9.608E-05 9.306E-05 8.945E-05 8.505E-05
 7.987E-05 7.387E-05 6.699E-05 5.935E-05 5.092E-05 4.267E-05 3.572E-05 2.942E-05
 2.426E-05 2.059E-05 1.876E-05 2.375E-05 2.368E-05-6.866E-04-5.240E-04-2.954E-04
-4.543E-04-2.569E-04-3.324E-04-6.611E-04-2.079E-04-1.104E-04-7.756E-05-4.507E-05
 9.430E-06-1.122E-05 4.470E-05 6.998E-05 6.927E-05 8.129E-05 8.660E-05 8.964E-05
 9.291E-05
 1.872E+00 1.733E+00 1.630E+00 1.532E+00 1.373E+00 1.232E+00 1.070E+00 9.217E-01
 7.194E-01 5.715E-01 4.392E-01 3.274E-01 2.363E-01 1.585E-01 9.758E-02 5.331E-02
 2.288E-02 4.716E-03 2.541E-03 1.277E-03 5.998E-04 2.350E-04 3.902E-05-6.708E-05
-1.101E-04-1.307E-04-1.211E-04-1.279E-04-1.267E-04-1.196E-04-9.459E-05-9.177E-05
-9.444E-05-9.634E-05-9.594E-05-1.117E-04-1.355E-04-1.651E-04-1.874E-04-2.192E-04
-2.503E-04-2.792E-04-3.114E-04-3.664E-04-4.042E-04-4.080E-04-4.829E-04-4.957E-04
-5.428E-04-5.180E-04-5.442E-04-5.566E-04-5.578E-04-5.633E-04-5.631E-04-5.460E-04
-5.283E-04-5.169E-04-5.032E-04-4.887E-04-4.708E-04-4.527E-04-4.528E-04-4.214E-04
-4.007E-04-3.775E-04-3.586E-04-3.266E-04-3.148E-04-3.124E-04-2.597E-04-2.159E-04
-1.718E-04-1.463E-04-1.205E-04-9.392E-05-6.385E-05-3.897E-05-1.407E-05 9.452E-06
 2.647E-05 3.761E-05 4.472E-05 4.817E-05 4.860E-05 4.656E-05 4.964E-05 5.499E-05
 5.806E-05 5.857E-05 5.723E-05 5.147E-05 4.530E-05 3.924E-05 3.442E-05 3.058E-05
 2.776E-05 2.599E-05 2.514E-05 2.522E-05 2.570E-05 2.617E-05 2.689E-05 2.759E-05
 2.807E-05 2.815E-05 2.610E-05 2.589E-05 2.618E-04 2.069E-04 1.308E-04 1.828E-04
 1.176E-04 1.422E-04 2.498E-04 1.012E-04 6.920E-05 5.841E-05 4.776E-05 2.994E-05
 3.667E-05 1.841E-05 1.016E-05 1.039E-05 6.469E-06 4.737E-06 3.745E-06 2.682E-06
 1.645E+00 1.585E+00 1.527E+00 1.403E+00 1.290E+00 1.148E+00 1.014E+00 8.112E-01
 6.605E-01 5.204E-01 3.978E-01 2.945E-01 2.026E-01 1.282E-01 7.199E-02 3.182E-02
 6.742E-03 3.761E-03 1.970E-03 9.800E-04 4.277E-04 1.181E-04-5.381E-05-1.430E-04
-1.869E-04-1.892E-04-2.029E-04-1.980E-04-2.005E-04-1.709E-04-1.674E-04-1.702E-04
-1.722E-04-1.716E-04-1.896E-04-2.169E-04-2.510E-04-2.765E-04-3.130E-04-3.487E-04
-3.818E-04-4.188E-04-4.821E-04-5.256E-04-5.299E-04-6.162E-04-6.311E-04-6.853E-04
-6.568E-04-6.871E-04-7.012E-04-7.025E-04-7.084E-04-7.076E-04-6.872E-04-6.659E-04
-6.516E-04-6.343E-04-6.159E-04-5.932E-04-5.701E-04-5.672E-04-5.287E-04-5.020E-04
-4.725E-04-4.474E-04-4.082E-04-3.904E-04-3.816E-04-3.211E-04-2.705E-04-2.208E-04
-1.892E-04-1.571E-04-1.243E-04-8.995E-05-5.904E-05-2.828E-05-3.777E-06 1.069E-05
 1.893E-05 2.341E-05 2.390E-05 2.108E-05 1.550E-05 1.914E-05 2.689E-05 3.147E-05
 3.255E-05 3.129E-05 2.350E-05 1.550E-05 8.037E-06 3.036E-06 8.827E-08-7.325E-07
 6.863E-07 4.030E-06 9.343E-06 1.520E-05 2.023E-05 2.525E-05 2.955E-05 3.258E-05
 3.383E-05 2.749E-05 2.720E-05 8.413E-04 6.535E-04 3.912E-04 5.721E-04 3.464E-04
 4.322E-04 8.065E-04 2.900E-04 1.789E-04 1.415E-04 1.045E-04 4.245E-05 6.591E-05
 2.313E-06-2.643E-05-2.563E-05-3.929E-05-4.532E-05-4.878E-05-5.249E-05
 1.566E+00 1.547E+00 1.456E+00 1.372E+00 1.252E+00 1.133E+00 9.291E-01 7.755E-01
 6.264E-01 4.909E-01 3.728E-01 2.632E-01 1.709E-01 9.864E-02 4.487E-02 9.773E-03
 5.636E-03 3.071E-03 1.612E-03 7.706E-04 2.816E-04 3.434E-06-1.646E-04-2.493E-04
-2.751E-04-3.013E-04-3.021E-04-3.019E-04-2.763E-04-2.717E-04-2.748E-04-2.769E-04
-2.759E-04-2.971E-04-3.293E-04-3.694E-04-3.993E-04-4.424E-04-4.844E-04-5.234E-04
-5.669E-04-6.417E-04-6.930E-04-6.982E-04-8.002E-04-8.178E-04-8.820E-04-8.484E-04
-8.841E-04-9.008E-04-9.020E-04-9.086E-04-9.070E-04-8.820E-04-8.557E-04-8.373E-04
-8.150E-04-7.911E-04-7.619E-04-7.319E-04-7.246E-04-6.764E-04-6.414E-04-6.030E-04
-5.695E-04-5.204E-04-4.941E-04-4.765E-04-4.053E-04-3.454E-04-2.880E-04-2.478E-04
-2.072E-04-1.660E-04-1.257E-04-8.654E-05-4.773E-05-2.195E-05-1.103E-05-6.835E-06
-5.981E-06-9.594E-06-1.691E-05-2.735E-05-2.295E-05-1.192E-05-5.244E-06-3.394E-06
-4.546E-06-1.512E-05-2.564E-05-3.502E-05-4.026E-05-4.197E-05-4.002E-05-3.421E-05
-2.508E-05-1.255E-05 7.152E-07 1.203E-05 2.299E-05 3.224E-05 3.879E-05 4.166E-05
 2.941E-05 2.900E-05 1.640E-03 1.269E-03 7.500E-04 1.108E-03 6.617E-04 8.318E-04
 1.573E-03 5.503E-04 3.302E-04 2.559E-04 1.826E-04 5.968E-05 1.062E-04-1.987E-05
-7.684E-05-7.526E-05-1.023E-04-1.143E-04-1.212E-04-1.285E-04
 1.566E+00 1.511E+00 1.459E+00 1.365E+00 1.266E+00 1.064E+00 9.104E-01 7.538E-01
 6.057E-01 4.717E-01 3.416E-01 2.277E-01 1.350E-01 6.315E-02 1.415E-02 8.428E-03
 4.770E-03 2.631E-03 1.361E-03 5.971E-04 1.532E-04-1.460E-04-2.999E-04-3.695E-04
-4.179E-04-4.307E-04-4.367E-04-4.045E-04-4.062E-04-4.096E-04-4.118E-04-4.103E-04
-4.356E-04-4.741E-04-5.221E-04-5.578E-04-6.092E-04-6.594E-04-7.059E-04-7.580E-04
-8.475E-04-9.090E-04-9.153E-04-1.038E-03-1.059E-03-1.136E-03-1.096E-03-1.139E-03
-1.158E-03-1.160E-03-1.167E-03-1.164E-03-1.133E-03-1.100E-03-1.077E-03-1.048E-03
-1.017E-03-9.789E-04-9.398E-04-9.269E-04-8.659E-04-8.200E-04-7.702E-04-7.256E-04
-6.637E-04-6.266E-04-5.975E-04-5.126E-04-4.408E-04-3.736E-04-3.225E-04-2.709E-04
-2.189E-04-1.712E-04-1.215E-04-7.246E-05-4.515E-05-3.893E-05-4.002E-05-4.391E-05
-5.284E-05-6.597E-05-8.269E-05-7.732E-05-6.207E-05-5.274E-05-4.990E-05-5.091E-05
-6.504E-05-7.878E-05-9.060E-05-9.612E-05-9.621E-05-9.068E-05-7.919E-05-6.261E-05
-4.077E-05-1.797E-05 1.445E-06 2.005E-05 3.569E-05 4.676E-05 5.172E-05 3.186E-05
 3.131E-05 2.667E-03 2.061E-03 1.212E-03 1.799E-03 1.067E-03 1.346E-03 2.561E-03
 8.852E-04 5.248E-04 4.033E-04 2.832E-04 8.186E-05 1.580E-04-4.842E-05-1.417E-04
-1.391E-04-1.835E-04-2.031E-04-2.143E-04-2.264E-04
 1.494E+00 1.479E+00 1.418E+00 1.348E+00 1.161E+00 1.019E+00 8.645E-01 7.123E-01
 5.688E-01 4.225E-01 2.890E-01 1.759E-01 8.458E-02 1.950E-02 1.199E-02 7.042E-03
 4.069E-03 2.254E-03 1.129E-03 4.602E-04-3.006E-05-2.874E-04-4.289E-04-5.126E-04
-5.474E-04-5.651E-04-5.340E-04-5.343E-04-5.446E-04-5.469E-04-5.448E-04-5.742E-04
-6.190E-04-6.749E-04-7.163E-04-7.761E-04-8.346E-04-8.888E-04-9.494E-04-1.054E-03
-1.126E-03-1.133E-03-1.276E-03-1.300E-03-1.391E-03-1.344E-03-1.394E-03-1.417E-03
-1.418E-03-1.426E-03-1.422E-03-1.385E-03-1.345E-03-1.316E-03-1.280E-03-1.242E-03
-1.195E-03-1.147E-03-1.128E-03-1.053E-03-9.965E-04-9.349E-04-8.790E-04-8.041E-04
-7.560E-04-7.152E-04-6.168E-04-5.334E-04-4.567E-04-3.949E-04-3.326E-04-2.700E-04
-2.153E-04-1.553E-04-9.631E-05-6.782E-05-6.658E-05-7.314E-05-8.191E-05-9.624E-05
-1.152E-04-1.382E-04-1.320E-04-1.126E-04-1.006E-04-9.684E-05-9.769E-05-1.153E-04
-1.322E-04-1.464E-04-1.521E-04-1.505E-04-1.414E-04-1.242E-04-1.002E-04-6.902E-05
-3.668E-05-9.178E-06 1.706E-05 3.908E-05 5.466E-05 6.171E-05 3.427E-05 3.358E-05
 3.691E-03 2.850E-03 1.672E-03 2.487E-03 1.472E-03 1.859E-03 3.544E-03 1.219E-03
 7.187E-04 5.500E-04 3.834E-04 1.039E-04 2.097E-04-7.690E-05-2.064E-04-2.028E-04
-2.644E-04-2.916E-04-3.072E-04-3.239E-04
 1.500E+00 1.474E+00 1.437E+00 1.269E+00 1.141E+00 9.924E-01 8.382E-01 6.865E-01
 5.230E-01 3.670E-01 2.294E-01 1.133E-01 2.687E-02 1.704E-02 1.036E-02 6.243E-03
 3.660E-03 2.012E-03 1.013E-03 2.248E-04-1.966E-04-4.596E-04-6.020E-04-6.767E-04
-7.165E-04-6.920E-04-6.969E-04-7.075E-04-7.160E-04-7.132E-04-7.477E-04-8.004E-04
-8.662E-04-9.149E-04-9.852E-04-1.054E-03-1.118E-03-1.189E-03-1.312E-03-1.397E-03
-1.405E-03-1.574E-03-1.603E-03-1.710E-03-1.655E-03-1.714E-03-1.741E-03-1.742E-03
-1.751E-03-1.745E-03-1.700E-03-1.652E-03-1.616E-03-1.571E-03-1.523E-03-1.465E-03
-1.405E-03-1.378E-03-1.288E-03-1.217E-03-1.140E-03-1.070E-03-9.791E-04-9.170E-04
-8.615E-04-7.463E-04-6.485E-04-5.600E-04-4.849E-04-4.091E-04-3.335E-04-2.700E-04
-1.972E-04-1.259E-04-9.605E-05-1.011E-04-1.146E-04-1.295E-04-1.507E-04-1.770E-04
-2.078E-04-2.005E-04-1.759E-04-1.608E-04-1.557E-04-1.564E-04-1.784E-04-1.992E-04
-2.163E-04-2.223E-04-2.186E-04-2.049E-04-1.806E-04-1.472E-04-1.044E-04-6.011E-05
-2.249E-05 1.330E-05 4.330E-05 6.454E-05 7.419E-05 3.728E-05 3.641E-05 4.972E-03
 3.837E-03 2.247E-03 3.347E-03 1.977E-03 2.500E-03 4.775E-03 1.636E-03 9.612E-04
 7.336E-04 5.087E-04 1.315E-04 2.743E-04-1.125E-04-2.873E-04-2.825E-04-3.655E-04
-4.023E-04-4.233E-04-4.459E-04
 1.485E+00 1.483E+00 1.342E+00 1.237E+00 1.103E+00 9.556E-01 8.025E-01 6.271E-01
 4.514E-01 2.896E-01 1.469E-01 3.583E-02 2.342E-02 1.472E-02 9.217E-03 5.676E-03
 3.353E-03 1.916E-03 7.070E-04 4.847E-05-4.021E-04-6.341E-04-7.749E-04-8.526E-04
-8.458E-04-8.598E-04-8.762E-04-8.848E-04-8.867E-04-9.265E-04-9.874E-04-1.063E-03
-1.120E-03-1.201E-03-1.280E-03-1.354E-03-1.436E-03-1.579E-03-1.677E-03-1.687E-03
-1.882E-03-1.916E-03-2.039E-03-1.975E-03-2.044E-03-2.075E-03-2.076E-03-2.086E-03
-2.079E-03-2.026E-03-1.968E-03-1.924E-03-1.871E-03-1.813E-03-1.743E-03-1.670E-03
-1.635E-03-1.527E-03-1.441E-03-1.350E-03-1.265E-03-1.157E-03-1.080E-03-1.009E-03
-8.769E-04-7.644E-04-6.642E-04-5.754E-04-4.861E-04-3.972E-04-3.249E-04-2.393E-04
-1.556E-04-1.247E-04-1.365E-04-1.573E-04-1.787E-04-2.069E-04-2.408E-04-2.797E-04
-2.713E-04-2.415E-04-2.231E-04-2.168E-04-2.173E-04-2.437E-04-2.684E-04-2.884E-04
-2.946E-04-2.887E-04-2.703E-04-2.386E-04-1.956E-04-1.408E-04-8.428E-05-3.623E-05
 9.391E-06 4.759E-05 7.465E-05 8.699E-05 4.034E-05 3.930E-05 6.288E-03 4.851E-03
 2.839E-03 4.231E-03 2.497E-03 3.158E-03 6.039E-03 2.065E-03 1.210E-03 9.222E-04
 6.374E-04 1.599E-04 3.406E-04-1.491E-04-3.705E-04-3.643E-04-4.695E-04-5.160E-04
-5.427E-04-5.712E-04
 1.518E+00 1.409E+00 1.331E+00 1.217E+00 1.081E+00 9.305E-01 7.458E-01 5.508E-01
 3.626E-01 1.889E-01 4.737E-02 3.187E-02 2.067E-02 1.342E-02 8.625E-03 5.394E-03
 3.358E-03 1.537E-03 5.281E-04-2.155E-04-5.872E-04-8.375E-04-9.797E-04-1.010E-03
-1.041E-03-1.067E-03-1.081E-03-1.083E-03-1.133E-03-1.204E-03-1.291E-03-1.356E-03
-1.450E-03-1.542E-03-1.627E-03-1.722E-03-1.887E-03-2.000E-03-2.012E-03-2.238E-03
-2.278E-03-2.421E-03-2.347E-03-2.426E-03-2.462E-03-2.463E-03-2.473E-03-2.464E-03
-2.402E-03-2.334E-03-2.281E-03-2.217E-03-2.147E-03-2.063E-03-1.976E-03-1.931E-03
-1.803E-03-1.700E-03-1.590E-03-1.488E-03-1.361E-03-1.267E-03-1.178E-03-1.027E-03
-8.973E-04-7.836E-04-6.792E-04-5.742E-04-4.701E-04-3.879E-04-2.876E-04-1.897E-04
-1.576E-04-1.773E-04-2.067E-04-2.356E-04-2.720E-04-3.147E-04-3.630E-04-3.533E-04
-3.176E-04-2.953E-04-2.876E-04-2.878E-04-3.193E-04-3.486E-04-3.720E-04-3.784E-04
-3.699E-04-3.460E-04-3.058E-04-2.516E-04-1.830E-04-1.122E-04-5.213E-05 4.849E-06
 5.253E-05 8.631E-05 1.018E-04 4.388E-05 4.263E-05 7.808E-03 6.022E-03 3.522E-03
 5.252E-03 3.097E-03 3.919E-03 7.499E-03 2.561E-03 1.498E-03 1.140E-03 7.861E-04
 1.926E-04 4.173E-04-1.914E-04-4.665E-04-4.589E-04-5.896E-04-6.474E-04-6.806E-04
-7.161E-04
 1.340E+00 1.298E+00 1.217E+00 1.108E+00 9.779E-01 8.038E-01 6.090E-01 4.114E-01
 2.200E-01 5.672E-02 3.927E-02 2.626E-02 1.763E-02 1.178E-02 7.735E-03 5.138E-03
 2.675E-03 1.286E-03 1.958E-04-3.398E-04-7.307E-04-9.590E-04-1.049E-03-1.106E-03
-1.147E-03-1.168E-03-1.173E-03-1.226E-03-1.306E-03-1.399E-03-1.468E-03-1.568E-03
-1.666E-03-1.756E-03-1.858E-03-2.034E-03-2.154E-03-2.167E-03-2.408E-03-2.450E-03
-2.603E-03-2.524E-03-2.609E-03-2.647E-03-2.647E-03-2.658E-03-2.648E-03-2.580E-03
-2.507E-03-2.449E-03-2.380E-03-2.303E-03-2.212E-03-2.117E-03-2.066E-03-1.928E-03
-1.817E-03-1.698E-03-1.587E-03-1.450E-03-1.348E-03-1.250E-03-1.089E-03-9.528E-04
-8.336E-04-7.223E-04-6.105E-04-4.998E-04-4.139E-04-3.073E-04-2.035E-04-1.718E-04
-1.960E-04-2.299E-04-2.627E-04-3.032E-04-3.501E-04-4.028E-04-3.927E-04-3.544E-04
-3.304E-04-3.222E-04-3.222E-04-3.559E-04-3.871E-04-4.119E-04-4.182E-04-4.084E-04
-3.818E-04-3.375E-04-2.781E-04-2.029E-04-1.255E-04-5.973E-05 2.582E-06 5.471E-05
 9.164E-05 1.086E-04 4.545E-05 4.412E-05 8.516E-03 6.568E-03 3.840E-03 5.727E-03
 3.377E-03 4.273E-03 8.179E-03 2.791E-03 1.632E-03 1.242E-03 8.554E-04 2.079E-04
 4.529E-04-2.112E-04-5.113E-04-5.030E-04-6.456E-04-7.087E-04-7.448E-04-7.835E-04
 1.288E+00 1.238E+00 1.156E+00 1.047E+00 8.823E-01 6.857E-01 4.753E-01 2.609E-01
 6.912E-02 4.920E-02 3.388E-02 2.348E-02 1.625E-02 1.112E-02 7.769E-03 4.397E-03
 2.465E-03 8.579E-04 7.708E-05-5.330E-04-8.989E-04-1.091E-03-1.190E-03-1.255E-03
-1.291E-03-1.303E-03-1.363E-03-1.449E-03-1.555E-03-1.630E-03-1.738E-03-1.845E-03
-1.943E-03-2.054E-03-2.245E-03-2.376E-03-2.390E-03-2.652E-03-2.699E-03-2.864E-03
-2.779E-03-2.871E-03-2.912E-03-2.912E-03-2.924E-03-2.912E-03-2.837E-03-2.757E-03
-2.692E-03-2.615E-03-2.530E-03-2.428E-03-2.322E-03-2.264E-03-2.112E-03-1.988E-03
-1.856E-03-1.733E-03-1.583E-03-1.469E-03-1.358E-03-1.185E-03-1.037E-03-9.098E-04
-7.881E-04-6.662E-04-5.457E-04-4.538E-04-3.378E-04-2.249E-04-1.931E-04-2.233E-04
-2.635E-04-3.017E-04-3.479E-04-4.010E-04-4.600E-04-4.491E-04-4.069E-04-3.806E-04
-3.713E-04-3.712E-04-4.082E-04-4.423E-04-4.692E-04-4.755E-04-4.639E-04-4.335E-04
-3.833E-04-3.162E-04-2.316E-04-1.446E-04-7.063E-05-6.071E-07 5.796E-05 9.945E-05
 1.185E-04 4.778E-05 4.632E-05 9.543E-03 7.360E-03 4.301E-03 6.418E-03 3.782E-03
 4.788E-03 9.167E-03 3.126E-03 1.827E-03 1.389E-03 9.559E-04 2.300E-04 5.047E-04
-2.398E-04-5.763E-04-5.669E-04-7.269E-04-7.975E-04-8.381E-04-8.815E-04
 1.220E+00 1.168E+00 1.085E+00 9.377E-01 7.475E-01 5.316E-01 2.995E-01 8.152E-02
 5.964E-02 4.225E-02 3.017E-02 2.158E-02 1.531E-02 1.116E-02 6.722E-03 4.137E-03
 1.867E-03 7.714E-04-1.380E-04-6.977E-04-1.044E-03-1.209E-03-1.311E-03-1.368E-03
-1.392E-03-1.461E-03-1.555E-03-1.666E-03-1.750E-03-1.865E-03-1.978E-03-2.082E-03
-2.200E-03-2.403E-03-2.542E-03-2.557E-03-2.835E-03-2.884E-03-3.061E-03-2.970E-03
-3.067E-03-3.111E-03-3.111E-03-3.123E-03-3.109E-03-3.029E-03-2.943E-03-2.873E-03
-2.790E-03-2.698E-03-2.588E-03-2.474E-03-2.410E-03-2.247E-03-2.113E-03-1.972E-03
-1.839E-03-1.679E-03-1.556E-03-1.435E-03-1.253E-03-1.097E-03-9.638E-04-8.347E-04
-7.054E-04-5.779E-04-4.819E-04-3.592E-04-2.400E-04-2.086E-04-2.435E-04-2.885E-04
-3.309E-04-3.816E-04-4.392E-04-5.030E-04-4.916E-04-4.466E-04-4.184E-04-4.085E-04
-4.083E-04-4.476E-04-4.837E-04-5.122E-04-5.184E-04-5.053E-04-4.720E-04-4.175E-04
-3.447E-04-2.531E-04-1.588E-04-7.879E-05-3.033E-06 6.032E-05 1.052E-04 1.258E-04
 4.949E-05 4.794E-05 1.031E-02 7.947E-03 4.644E-03 6.930E-03 4.083E-03 5.169E-03
 9.899E-03 3.375E-03 1.971E-03 1.498E-03 1.030E-03 2.464E-04 5.432E-04-2.610E-04
-6.245E-04-6.144E-04-7.871E-04-8.635E-04-9.072E-04-9.541E-04
 1.146E+00 1.092E+00 9.681E-01 7.916E-01 5.775E-01 3.338E-01 9.334E-02 7.015E-02
 5.110E-02 3.757E-02 2.771E-02 2.033E-02 1.538E-02 9.724E-03 6.388E-03 3.297E-03
 1.813E-03 5.096E-04-3.135E-04-8.838E-04-1.145E-03-1.301E-03-1.393E-03-1.436E-03
-1.516E-03-1.617E-03-1.736E-03-1.822E-03-1.946E-03-2.063E-03-2.171E-03-2.293E-03
-2.503E-03-2.648E-03-2.663E-03-2.952E-03-3.003E-03-3.186E-03-3.092E-03-3.192E-03
-3.238E-03-3.237E-03-3.249E-03-3.235E-03-3.151E-03-3.061E-03-2.988E-03-2.900E-03
-2.803E-03-2.688E-03-2.568E-03-2.500E-03-2.330E-03-2.190E-03-2.042E-03-1.903E-03
-1.736E-03-1.607E-03-1.479E-03-1.291E-03-1.132E-03-9.947E-04-8.611E-04-7.275E-04
-5.959E-04-4.978E-04-3.713E-04-2.485E-04-2.177E-04-2.561E-04-3.044E-04-3.497E-04
-4.032E-04-4.637E-04-5.304E-04-5.188E-04-4.721E-04-4.429E-04-4.326E-04-4.322E-04
-4.730E-04-5.103E-04-5.396E-04-5.457E-04-5.316E-04-4.964E-04-4.391E-04-3.627E-04
-2.667E-04-1.679E-04-8.399E-05-4.619E-06 6.175E-05 1.088E-04 1.304E-04 5.053E-05
 4.893E-05 1.078E-02 8.315E-03 4.858E-03 7.250E-03 4.272E-03 5.408E-03 1.036E-02
 3.530E-03 2.062E-03 1.566E-03 1.077E-03 2.566E-04 5.672E-04-2.743E-04-6.547E-04
-6.441E-04-8.249E-04-9.048E-04-9.506E-04-9.996E-04
 1.066E+00 9.697E-01 8.133E-01 6.087E-01 3.610E-01 1.037E-01 8.000E-02 5.989E-02
 4.528E-02 3.438E-02 2.602E-02 2.035E-02 1.341E-02 9.261E-03 5.205E-03 3.266E-03
 1.467E-03 3.019E-04-5.786E-04-9.730E-04-1.208E-03-1.349E-03-1.422E-03-1.517E-03
-1.627E-03-1.752E-03-1.843E-03-1.967E-03-2.090E-03-2.199E-03-2.323E-03-2.535E-03
-2.682E-03-2.697E-03-2.990E-03-3.042E-03-3.227E-03-3.131E-03-3.233E-03-3.279E-03
-3.279E-03-3.290E-03-3.275E-03-3.190E-03-3.098E-03-3.023E-03-2.933E-03-2.835E-03
-2.718E-03-2.595E-03-2.525E-03-2.352E-03-2.209E-03-2.058E-03-1.917E-03-1.748E-03
-1.616E-03-1.486E-03-1.297E-03-1.136E-03-9.992E-04-8.646E-04-7.301E-04-5.978E-04
-4.998E-04-3.727E-04-2.495E-04-2.197E-04-2.597E-04-3.094E-04-3.558E-04-4.104E-04
-4.719E-04-5.396E-04-5.280E-04-4.810E-04-4.515E-04-4.411E-04-4.407E-04-4.817E-04
-5.192E-04-5.486E-04-5.545E-04-5.400E-04-5.042E-04-4.459E-04-3.684E-04-2.709E-04
-1.707E-04-8.568E-05-5.201E-06 6.208E-05 1.098E-04 1.317E-04 5.080E-05 4.918E-05
 1.092E-02 8.424E-03 4.922E-03 7.346E-03 4.328E-03 5.479E-03 1.049E-02 3.576E-03
 2.088E-03 1.587E-03 1.091E-03 2.597E-04 5.743E-04-2.783E-04-6.637E-04-6.530E-04
-8.361E-04-9.171E-04-9.635E-04-1.013E-03
 9.046E-01 7.783E-01 5.975E-01 3.636E-01 1.072E-01 8.493E-02 6.531E-02 5.074E-02
 3.964E-02 3.089E-02 2.491E-02 1.702E-02 1.225E-02 7.322E-03 4.978E-03 2.682E-03
 1.155E-03-8.397E-05-6.345E-04-9.634E-04-1.167E-03-1.280E-03-1.390E-03-1.507E-03
-1.633E-03-1.725E-03-1.846E-03-1.962E-03-2.071E-03-2.188E-03-2.391E-03-2.530E-03
-2.545E-03-2.823E-03-2.873E-03-3.049E-03-2.958E-03-3.055E-03-3.098E-03-3.097E-03
-3.108E-03-3.094E-03-3.013E-03-2.925E-03-2.853E-03-2.768E-03-2.674E-03-2.562E-03
-2.446E-03-2.379E-03-2.214E-03-2.079E-03-1.936E-03-1.802E-03-1.641E-03-1.517E-03
-1.395E-03-1.216E-03-1.064E-03-9.346E-04-8.080E-04-6.816E-04-5.574E-04-4.652E-04
-3.461E-04-2.307E-04-2.026E-04-2.397E-04-2.860E-04-3.293E-04-3.802E-04-4.377E-04
-5.009E-04-4.901E-04-4.461E-04-4.187E-04-4.090E-04-4.086E-04-4.469E-04-4.821E-04
-5.095E-04-5.152E-04-5.017E-04-4.684E-04-4.141E-04-3.418E-04-2.509E-04-1.575E-04
-7.823E-05-3.183E-06 5.956E-05 1.040E-04 1.244E-04 4.902E-05 4.751E-05 1.019E-02
 7.859E-03 4.592E-03 6.853E-03 4.038E-03 5.112E-03 9.789E-03 3.337E-03 1.949E-03
 1.482E-03 1.019E-03 2.438E-04 5.373E-04-2.579E-04-6.174E-04-6.074E-04-7.782E-04
-8.537E-04-8.970E-04-9.434E-04
 6.868E-01 5.410E-01 3.377E-01 1.022E-01 8.313E-02 6.563E-02 5.238E-02 4.206E-02
 3.372E-02 2.799E-02 1.977E-02 1.474E-02 9.246E-03 6.652E-03 3.964E-03 2.128E-03
 5.429E-04-1.611E-04-5.860E-04-8.572E-04-1.016E-03-1.140E-03-1.260E-03-1.384E-03
-1.473E-03-1.585E-03-1.691E-03-1.787E-03-1.895E-03-2.075E-03-2.199E-03-2.212E-03
-2.459E-03-2.502E-03-2.659E-03-2.578E-03-2.664E-03-2.702E-03-2.702E-03-2.711E-03
-2.699E-03-2.627E-03-2.549E-03-2.486E-03-2.410E-03-2.328E-03-2.230E-03-2.127E-03
-2.069E-03-1.924E-03-1.805E-03-1.680E-03-1.563E-03-1.423E-03-1.315E-03-1.211E-03
-1.053E-03-9.191E-04-8.044E-04-6.945E-04-5.848E-04-4.770E-04-3.961E-04-2.931E-04
-1.933E-04-1.673E-04-1.971E-04-2.352E-04-2.711E-04-3.139E-04-3.623E-04-4.159E-04
-4.065E-04-3.690E-04-3.456E-04-3.374E-04-3.373E-04-3.702E-04-4.004E-04-4.242E-04
-4.294E-04-4.184E-04-3.906E-04-3.450E-04-2.842E-04-2.076E-04-1.289E-04-6.196E-05
 1.358E-06 5.431E-05 9.183E-05 1.090E-04 4.529E-05 4.400E-05 8.616E-03 6.645E-03
 3.885E-03 5.795E-03 3.416E-03 4.323E-03 8.276E-03 2.824E-03 1.651E-03 1.256E-03
 8.651E-04 2.099E-04 4.579E-04-2.142E-04-5.179E-04-5.095E-04-6.538E-04-7.176E-04
-7.542E-04-7.934E-04
 4.371E-01 2.799E-01 8.698E-02 7.260E-02 5.884E-02 4.822E-02 3.977E-02 3.277E-02
 2.797E-02 2.037E-02 1.569E-02 1.025E-02 7.705E-03 4.912E-03 2.953E-03 1.160E-03
 3.605E-04-1.290E-04-4.511E-04-6.477E-04-7.805E-04-8.982E-04-1.012E-03-1.094E-03
-1.191E-03-1.280E-03-1.359E-03-1.446E-03-1.594E-03-1.694E-03-1.705E-03-1.904E-03
-1.939E-03-2.065E-03-2.000E-03-2.069E-03-2.100E-03-2.100E-03-2.108E-03-2.098E-03
-2.041E-03-1.978E-03-1.929E-03-1.869E-03-1.804E-03-1.727E-03-1.647E-03-1.603E-03
-1.488E-03-1.396E-03-1.298E-03-1.208E-03-1.097E-03-1.016E-03-9.383E-04-8.116E-04
-7.048E-04-6.120E-04-5.269E-04-4.421E-04-3.588E-04-2.942E-04-2.149E-04-1.380E-04
-1.146E-04-1.327E-04-1.580E-04-1.825E-04-2.126E-04-2.475E-04-2.864E-04-2.792E-04
-2.512E-04-2.338E-04-2.279E-04-2.281E-04-2.529E-04-2.759E-04-2.942E-04-2.990E-04
-2.919E-04-2.725E-04-2.402E-04-1.968E-04-1.419E-04-8.529E-05-3.723E-05 8.325E-06
 4.644E-05 7.344E-05 8.581E-05 3.968E-05 3.871E-05 6.233E-03 4.809E-03 2.814E-03
 4.194E-03 2.476E-03 3.131E-03 5.987E-03 2.048E-03 1.200E-03 9.143E-04 6.320E-04
 1.585E-04 3.377E-04-1.479E-04-3.674E-04-3.613E-04-4.656E-04-5.117E-04-5.381E-04
-5.665E-04
 1.839E-01 5.872E-02 5.030E-02 4.185E-02 3.521E-02 2.982E-02 2.524E-02 2.214E-02
 1.661E-02 1.319E-02 8.939E-03 6.982E-03 4.692E-03 3.042E-03 1.446E-03 7.293E-04
 2.826E-04-2.047E-05-2.128E-04-3.308E-04-4.286E-04-5.179E-04-5.834E-04-6.544E-04
-7.183E-04-7.742E-04-8.339E-04-9.330E-04-1.002E-03-1.009E-03-1.143E-03-1.166E-03
-1.251E-03-1.207E-03-1.253E-03-1.274E-03-1.274E-03-1.280E-03-1.274E-03-1.237E-03
-1.197E-03-1.166E-03-1.129E-03-1.088E-03-1.040E-03-9.901E-04-9.665E-04-8.942E-04
-8.377E-04-7.779E-04-7.239E-04-6.549E-04-6.091E-04-5.699E-04-4.856E-04-4.152E-04
-3.519E-04-3.006E-04-2.497E-04-1.993E-04-1.566E-04-1.093E-04-6.337E-05-4.300E-05
-4.465E-05-5.205E-05-6.073E-05-7.348E-05-8.959E-05-1.086E-04-1.041E-04-8.914E-05
-7.999E-05-7.716E-05-7.790E-05-9.176E-05-1.049E-04-1.159E-04-1.201E-04-1.184E-04
-1.107E-04-9.662E-05-7.702E-05-5.177E-05-2.558E-05-3.307E-06 1.792E-05 3.572E-05
 4.833E-05 5.405E-05 3.202E-05 3.149E-05 2.974E-03 2.297E-03 1.350E-03 2.005E-03
 1.189E-03 1.500E-03 2.856E-03 9.853E-04 5.828E-04 4.472E-04 3.131E-04 8.821E-05
 1.733E-04-5.730E-05-1.615E-04-1.586E-04-2.082E-04-2.301E-04-2.426E-04-2.560E-04
 1.937E-02 1.705E-02 1.459E-02 1.262E-02 1.099E-02 9.574E-03 8.636E-03 6.696E-03
 5.499E-03 3.893E-03 3.169E-03 2.260E-03 1.588E-03 9.018E-04 5.904E-04 3.915E-04
 2.524E-04 1.611E-04 1.059E-04 6.038E-05 1.912E-05-1.177E-05-4.412E-05-7.293E-05
-9.797E-05-1.242E-04-1.672E-04-1.967E-04-2.002E-04-2.576E-04-2.675E-04-3.035E-04
-2.846E-04-3.046E-04-3.139E-04-3.146E-04-3.182E-04-3.175E-04-3.037E-04-2.895E-04
-2.799E-04-2.686E-04-2.568E-04-2.426E-04-2.286E-04-2.287E-04-2.056E-04-1.912E-04
-1.757E-04-1.643E-04-1.436E-04-1.395E-04-1.447E-04-1.095E-04-8.118E-05-5.179E-05
-3.964E-05-2.774E-05-1.552E-05 2.252E-06 1.255E-05 2.287E-05 4.004E-05 5.773E-05
 7.126E-05 8.107E-05 8.856E-05 9.419E-05 9.837E-05 9.965E-05 9.958E-05 9.921E-05
 9.845E-05 9.707E-05 9.585E-05 9.400E-05 9.150E-05 8.787E-05 8.316E-05 7.730E-05
 7.023E-05 6.212E-05 5.291E-05 4.379E-05 3.611E-05 2.908E-05 2.329E-05 1.917E-05
 1.717E-05 2.312E-05 2.311E-05-8.097E-04-6.188E-04-3.507E-04-5.367E-04-3.054E-04
-3.938E-04-7.788E-04-2.479E-04-1.338E-04-9.527E-05-5.722E-05 6.603E-06-1.757E-05
 4.790E-05 7.750E-05 7.667E-05 9.074E-05 9.695E-05 1.005E-04 1.043E-04
 1.540E-02 1.351E-02 1.199E-02 1.071E-02 9.568E-03 8.850E-03 7.041E-03 5.933E-03
 4.314E-03 3.605E-03 2.645E-03 1.913E-03 1.123E-03 7.612E-04 5.260E-04 3.562E-04
 2.409E-04 1.750E-04 1.229E-04 7.756E-05 4.283E-05 9.427E-06-1.945E-05-4.390E-05
-6.867E-05-1.079E-04-1.348E-04-1.380E-04-1.900E-04-1.988E-04-2.312E-04-2.141E-04
-2.321E-04-2.405E-04-2.412E-04-2.447E-04-2.443E-04-2.324E-04-2.201E-04-2.122E-04
-2.028E-04-1.933E-04-1.817E-04-1.704E-04-1.723E-04-1.530E-04-1.418E-04-1.297E-04
-1.215E-04-1.045E-04-1.037E-04-1.122E-04-8.072E-05-5.565E-05-2.886E-05-1.970E-05
-1.079E-05-1.493E-06 1.437E-05 2.183E-05 2.942E-05 4.634E-05 6.551E-05 8.064E-05
 9.187E-05 1.009E-04 1.082E-04 1.142E-04 1.152E-04 1.140E-04 1.129E-04 1.119E-04
 1.104E-04 1.102E-04 1.092E-04 1.073E-04 1.038E-04 9.856E-05 9.167E-05 8.297E-05
 7.275E-05 6.091E-05 4.910E-05 3.912E-05 2.993E-05 2.234E-05 1.695E-05 1.436E-05
 2.245E-05 2.247E-05-1.099E-03-8.415E-04-4.805E-04-7.309E-04-4.195E-04-5.384E-04
-1.056E-03-3.421E-04-1.885E-04-1.367E-04-8.550E-05 3.734E-07-3.214E-05 5.594E-05
 9.575E-05 9.465E-05 1.136E-04 1.219E-04 1.267E-04 1.319E-04
 1.216E-02 1.107E-02 1.014E-02 9.286E-03 8.807E-03 7.187E-03 6.210E-03 4.634E-03
 3.973E-03 2.992E-03 2.224E-03 1.342E-03 9.365E-04 6.669E-04 4.660E-04 3.249E-04
 2.471E-04 1.874E-04 1.366E-04 9.658E-05 6.096E-05 3.104E-05 6.403E-06-1.749E-05
-5.364E-05-7.841E-05-8.162E-05-1.282E-04-1.366E-04-1.656E-04-1.502E-04-1.664E-04
-1.739E-04-1.747E-04-1.780E-04-1.780E-04-1.677E-04-1.571E-04-1.508E-04-1.432E-04
-1.357E-04-1.265E-04-1.177E-04-1.212E-04-1.054E-04-9.719E-05-8.816E-05-8.291E-05
-6.923E-05-7.129E-05-8.289E-05-5.483E-05-3.266E-05-8.202E-06-1.748E-06 4.464E-06
 1.113E-05 2.527E-05 3.019E-05 3.533E-05 5.204E-05 7.256E-05 8.915E-05 1.017E-04
 1.121E-04 1.209E-04 1.285E-04 1.293E-04 1.271E-04 1.253E-04 1.240E-04 1.226E-04
 1.232E-04 1.230E-04 1.217E-04 1.182E-04 1.125E-04 1.047E-04 9.453E-05 8.238E-05
 6.816E-05 5.390E-05 4.186E-05 3.071E-05 2.148E-05 1.494E-05 1.181E-05 2.183E-05
 2.189E-05-1.361E-03-1.043E-03-5.982E-04-9.068E-04-5.229E-04-6.695E-04-1.308E-03
-4.275E-04-2.381E-04-1.742E-04-1.111E-04-5.270E-06-4.535E-05 6.322E-05 1.123E-04
 1.109E-04 1.343E-04 1.446E-04 1.505E-04 1.568E-04
 1.033E-02 9.699E-03 9.107E-03 8.852E-03 7.406E-03 6.560E-03 5.018E-03 4.410E-03
 3.405E-03 2.594E-03 1.602E-03 1.143E-03 8.315E-04 5.918E-04 4.177E-04 3.242E-04
 2.534E-04 1.941E-04 1.458E-04 1.055E-04 7.252E-05 4.609E-05 2.176E-05-1.276E-05
-3.642E-05-3.999E-05-8.291E-05-9.054E-05-1.175E-04-1.034E-04-1.182E-04-1.252E-04
-1.259E-04-1.291E-04-1.294E-04-1.202E-04-1.111E-04-1.058E-04-9.962E-05-9.357E-05
-8.608E-05-7.917E-05-8.395E-05-7.065E-05-6.458E-05-5.782E-05-5.475E-05-4.353E-05
-4.772E-05-6.159E-05-3.599E-05-1.594E-05 6.822E-06 1.130E-05 1.555E-05 2.031E-05
 3.320E-05 3.626E-05 3.961E-05 5.619E-05 7.772E-05 9.538E-05 1.088E-04 1.203E-04
 1.302E-04 1.390E-04 1.396E-04 1.366E-04 1.344E-04 1.330E-04 1.314E-04 1.327E-04
 1.331E-04 1.322E-04 1.287E-04 1.227E-04 1.142E-04 1.030E-04 8.944E-05 7.347E-05
 5.743E-05 4.386E-05 3.128E-05 2.086E-05 1.347E-05 9.948E-06 2.139E-05 2.147E-05
-1.552E-03-1.191E-03-6.842E-04-1.035E-03-5.985E-04-7.653E-04-1.492E-03-4.899E-04
-2.743E-04-2.017E-04-1.299E-04-9.398E-06-5.501E-05 6.855E-05 1.244E-04 1.228E-04
 1.494E-04 1.611E-04 1.678E-04 1.750E-04
 9.338E-03 8.986E-03 8.951E-03 7.675E-03 6.966E-03 5.460E-03 4.916E-03 3.888E-03
 3.032E-03 1.911E-03 1.391E-03 1.031E-03 7.435E-04 5.278E-04 4.140E-04 3.286E-04
 2.572E-04 1.967E-04 1.488E-04 1.103E-04 8.010E-05 5.382E-05 1.955E-05-4.029E-06
-8.371E-06-4.880E-05-5.622E-05-8.126E-05-6.855E-05-8.233E-05-8.884E-05-8.962E-05
-9.275E-05-9.315E-05-8.495E-05-7.676E-05-7.235E-05-6.717E-05-6.224E-05-5.605E-05
-5.053E-05-5.625E-05-4.484E-05-4.040E-05-3.533E-05-3.389E-05-2.451E-05-3.029E-05
-4.586E-05-2.209E-05-3.606E-06 1.791E-05 2.093E-05 2.372E-05 2.706E-05 3.904E-05
 4.073E-05 4.277E-05 5.925E-05 8.154E-05 1.000E-04 1.142E-04 1.264E-04 1.372E-04
 1.468E-04 1.474E-04 1.438E-04 1.412E-04 1.396E-04 1.381E-04 1.398E-04 1.406E-04
 1.401E-04 1.366E-04 1.304E-04 1.213E-04 1.093E-04 9.469E-05 7.742E-05 6.005E-05
 4.535E-05 3.171E-05 2.040E-05 1.238E-05 8.564E-06 2.106E-05 2.116E-05-1.694E-03
-1.301E-03-7.482E-04-1.131E-03-6.547E-04-8.366E-04-1.629E-03-5.363E-04-3.013E-04
-2.221E-04-1.438E-04-1.247E-05-6.219E-05 7.251E-05 1.334E-04 1.317E-04 1.606E-04
 1.734E-04 1.808E-04 1.886E-04
 8.862E-03 9.045E-03 7.947E-03 7.391E-03 5.934E-03 5.472E-03 4.431E-03 3.536E-03
 2.275E-03 1.688E-03 1.272E-03 9.294E-04 6.630E-04 5.244E-04 4.203E-04 3.329E-04
 2.556E-04 1.965E-04 1.493E-04 1.128E-04 8.266E-05 4.715E-05 2.250E-05 1.675E-05
-2.215E-05-2.971E-05-5.362E-05-4.162E-05-5.499E-05-6.116E-05-6.195E-05-6.502E-05
-6.558E-05-5.806E-05-5.063E-05-4.687E-05-4.247E-05-3.841E-05-3.324E-05-2.879E-05
-3.523E-05-2.527E-05-2.208E-05-1.832E-05-1.813E-05-1.015E-05-1.715E-05-3.403E-05
-1.163E-05 5.671E-06 2.625E-05 2.817E-05 2.986E-05 3.213E-05 4.343E-05 4.409E-05
 4.513E-05 6.156E-05 8.443E-05 1.035E-04 1.183E-04 1.311E-04 1.425E-04 1.528E-04
 1.532E-04 1.492E-04 1.464E-04 1.447E-04 1.432E-04 1.452E-04 1.464E-04 1.461E-04
 1.426E-04 1.362E-04 1.267E-04 1.141E-04 9.869E-05 8.043E-05 6.204E-05 4.649E-05
 3.204E-05 2.005E-05 1.155E-05 7.514E-06 2.081E-05 2.092E-05-1.803E-03-1.384E-03
-7.968E-04-1.204E-03-6.975E-04-8.908E-04-1.733E-03-5.716E-04-3.218E-04-2.376E-04
-1.544E-04-1.480E-05-6.764E-05 7.552E-05 1.402E-04 1.384E-04 1.692E-04 1.828E-04
 1.906E-04 1.989E-04
 9.458E-03 8.514E-03 8.111E-03 6.668E-03 6.298E-03 5.219E-03 4.260E-03 2.792E-03
 2.110E-03 1.616E-03 1.194E-03 8.543E-04 6.799E-04 5.483E-04 4.365E-04 3.329E-04
 2.556E-04 1.936E-04 1.460E-04 1.084E-04 6.891E-05 4.107E-05 3.263E-05-6.313E-06
-1.467E-05-3.834E-05-2.709E-05-4.001E-05-4.637E-05-4.717E-05-5.020E-05-5.084E-05
-4.371E-05-3.671E-05-3.331E-05-2.935E-05-2.578E-05-2.118E-05-1.733E-05-2.420E-05
-1.504E-05-1.254E-05-9.497E-06-9.995E-06-2.763E-06-1.044E-05-2.802E-05-6.342E-06
 1.036E-05 3.047E-05 3.181E-05 3.293E-05 3.466E-05 4.563E-05 4.576E-05 4.630E-05
 6.273E-05 8.594E-05 1.054E-04 1.204E-04 1.336E-04 1.453E-04 1.559E-04 1.564E-04
 1.522E-04 1.492E-04 1.474E-04 1.459E-04 1.482E-04 1.494E-04 1.492E-04 1.457E-04
 1.392E-04 1.296E-04 1.166E-04 1.008E-04 8.203E-05 6.310E-05 4.710E-05 3.221E-05
 1.987E-05 1.111E-05 6.964E-06 2.068E-05 2.080E-05-1.860E-03-1.428E-03-8.225E-04
-1.242E-03-7.200E-04-9.194E-04-1.788E-03-5.902E-04-3.326E-04-2.458E-04-1.600E-04
-1.603E-05-7.052E-05 7.712E-05 1.438E-04 1.420E-04 1.737E-04 1.877E-04 1.958E-04
 2.044E-04
 7.855E-03 7.668E-03 6.462E-03 6.253E-03 5.309E-03 4.440E-03 2.980E-03 2.304E-03
 1.804E-03 1.360E-03 9.896E-04 8.014E-04 6.576E-04 5.329E-04 4.116E-04 3.212E-04
 2.478E-04 1.909E-04 1.468E-04 1.044E-04 7.374E-05 6.236E-05 2.443E-05 1.527E-05
-7.527E-06 2.451E-06-9.858E-06-1.580E-05-1.697E-05-1.994E-05-2.076E-05-1.438E-05
-8.214E-06-5.523E-06-2.413E-06 2.287E-07 3.724E-06 6.412E-06-1.239E-06 6.340E-06
 7.482E-06 9.108E-06 7.246E-06 1.295E-05 3.945E-06-1.507E-05 5.106E-06 2.052E-05
 3.960E-05 3.974E-05 3.966E-05 4.022E-05 5.044E-05 4.945E-05 4.892E-05 6.528E-05
 8.913E-05 1.093E-04 1.249E-04 1.387E-04 1.511E-04 1.625E-04 1.628E-04 1.581E-04
 1.549E-04 1.530E-04 1.514E-04 1.541E-04 1.557E-04 1.558E-04 1.523E-04 1.456E-04
 1.355E-04 1.219E-04 1.052E-04 8.531E-05 6.528E-05 4.834E-05 3.257E-05 1.949E-05
 1.021E-05 5.813E-06 2.040E-05 2.054E-05-1.978E-03-1.519E-03-8.757E-04-1.322E-03
-7.667E-04-9.786E-04-1.901E-03-6.288E-04-3.550E-04-2.627E-04-1.715E-04-1.858E-05
-7.649E-05 8.041E-05 1.513E-04 1.493E-04 1.830E-04 1.979E-04 2.065E-04 2.156E-04
 7.668E-03 6.619E-03 6.561E-03 5.704E-03 4.884E-03 3.349E-03 2.646E-03 2.113E-03
 1.621E-03 1.194E-03 9.808E-04 8.157E-04 6.690E-04 5.186E-04 4.065E-04 3.136E-04
 2.405E-04 1.846E-04 1.352E-04 9.840E-05 8.177E-05 4.251E-05 3.134E-05 8.060E-06
 1.678E-05 4.429E-06-1.598E-06-2.762E-06-6.035E-06-6.939E-06-9.309E-07 4.833E-06
 7.175E-06 9.866E-06 1.204E-05 1.500E-05 1.711E-05 9.058E-06 1.588E-05 1.637E-05
 1.732E-05 1.480E-05 1.980E-05 1.016E-05-9.530E-06 9.986E-06 2.484E-05 4.349E-05
 4.309E-05 4.249E-05 4.255E-05 5.247E-05 5.100E-05 5.000E-05 6.638E-05 9.055E-05
 1.110E-04 1.269E-04 1.410E-04 1.538E-04 1.654E-04 1.657E-04 1.609E-04 1.575E-04
 1.556E-04 1.540E-04 1.568E-04 1.586E-04 1.588E-04 1.553E-04 1.485E-04 1.382E-04
 1.243E-04 1.072E-04 8.681E-05 6.628E-05 4.891E-05 3.274E-05 1.932E-05 9.800E-06
 5.297E-06 2.028E-05 2.043E-05-2.032E-03-1.560E-03-8.997E-04-1.358E-03-7.879E-04
-1.005E-03-1.953E-03-6.462E-04-3.651E-04-2.704E-04-1.768E-04-1.973E-05-7.919E-05
 8.190E-05 1.547E-04 1.527E-04 1.873E-04 2.026E-04 2.113E-04 2.207E-04
 5.859E-03 5.947E-03 5.299E-03 4.649E-03 3.270E-03 2.646E-03 2.163E-03 1.698E-03
 1.277E-03 1.071E-03 9.083E-04 7.595E-04 5.983E-04 4.767E-04 3.732E-04 2.899E-04
 2.259E-04 1.718E-04 1.302E-04 1.088E-04 6.899E-05 5.587E-05 3.243E-05 3.953E-05
 2.729E-05 2.121E-05 1.983E-05 1.666E-05 1.534E-05 2.078E-05 2.592E-05 2.774E-05
 2.980E-05 3.128E-05 3.342E-05 3.467E-05 2.603E-05 3.169E-05 3.117E-05 3.107E-05
 2.754E-05 3.140E-05 2.078E-05 2.784E-08 1.843E-05 3.233E-05 5.023E-05 4.894E-05
 4.746E-05 4.665E-05 5.603E-05 5.373E-05 5.194E-05 6.828E-05 9.292E-05 1.139E-04
 1.302E-04 1.448E-04 1.581E-04 1.703E-04 1.705E-04 1.653E-04 1.617E-04 1.597E-04
 1.581E-04 1.612E-04 1.632E-04 1.636E-04 1.601E-04 1.532E-04 1.426E-04 1.281E-04
 1.104E-04 8.925E-05 6.789E-05 4.982E-05 3.300E-05 1.903E-05 9.127E-06 4.445E-06
 2.008E-05 2.023E-05-2.119E-03-1.628E-03-9.391E-04-1.416E-03-8.225E-04-1.049E-03
-2.037E-03-6.748E-04-3.817E-04-2.830E-04-1.853E-04-2.162E-05-8.361E-05 8.433E-05
 1.602E-04 1.581E-04 1.942E-04 2.102E-04 2.193E-04 2.291E-04
 6.183E-03 5.641E-03 5.066E-03 3.641E-03 3.009E-03 2.511E-03 2.007E-03 1.531E-03
 1.304E-03 1.123E-03 9.526E-04 7.552E-04 6.049E-04 4.731E-04 3.645E-04 2.807E-04
 2.135E-04 1.596E-04 1.276E-04 8.313E-05 6.518E-05 3.911E-05 4.393E-05 3.066E-05
 2.390E-05 2.210E-05 1.868E-05 1.734E-05 2.241E-05 2.745E-05 2.917E-05 3.112E-05
 3.248E-05 3.448E-05 3.559E-05 2.681E-05 3.230E-05 3.164E-05 3.140E-05 2.774E-05
 3.151E-05 2.076E-05-1.254E-07 1.827E-05 3.216E-05 5.009E-05 4.879E-05 4.729E-05
 4.649E-05 5.591E-05 5.362E-05 5.185E-05 6.826E-05 9.301E-05 1.141E-04 1.305E-04
 1.451E-04 1.584E-04 1.707E-04 1.709E-04 1.657E-04 1.621E-04 1.601E-04 1.585E-04
 1.616E-04 1.636E-04 1.640E-04 1.605E-04 1.535E-04 1.429E-04 1.284E-04 1.106E-04
 8.942E-05 6.801E-05 4.990E-05 3.303E-05 1.903E-05 9.099E-06 4.405E-06 2.007E-05
 2.023E-05-2.124E-03-1.632E-03-9.414E-04-1.420E-03-8.245E-04-1.052E-03-2.042E-03
-6.764E-04-3.827E-04-2.837E-04-1.858E-04-2.172E-05-8.386E-05 8.448E-05 1.606E-04
 1.585E-04 1.946E-04 2.106E-04 2.198E-04 2.296E-04
 5.273E-03 4.851E-03 3.571E-03 3.022E-03 2.580E-03 2.107E-03 1.641E-03 1.426E-03
 1.253E-03 1.083E-03 8.720E-04 7.088E-04 5.609E-04 4.353E-04 3.368E-04 2.597E-04
 1.953E-04 1.533E-04 1.047E-04 8.175E-05 5.308E-05 5.508E-05 4.070E-05 3.315E-05
 3.078E-05 2.705E-05 2.545E-05 3.033E-05 3.486E-05 3.636E-05 3.805E-05 3.911E-05
 4.077E-05 4.153E-05 3.248E-05 3.753E-05 3.646E-05 3.581E-05 3.177E-05 3.512E-05
 2.400E-05 2.702E-06 2.075E-05 3.435E-05 5.207E-05 5.048E-05 4.871E-05 4.765E-05
 5.693E-05 5.440E-05 5.239E-05 6.884E-05 9.380E-05 1.151E-04 1.317E-04 1.465E-04
 1.599E-04 1.724E-04 1.726E-04 1.673E-04 1.636E-04 1.616E-04 1.600E-04 1.632E-04
 1.653E-04 1.657E-04 1.622E-04 1.552E-04 1.444E-04 1.298E-04 1.118E-04 9.027E-05
 6.858E-05 5.023E-05 3.313E-05 1.894E-05 8.875E-06 4.119E-06 2.001E-05 2.017E-05
-2.154E-03-1.655E-03-9.549E-04-1.440E-03-8.364E-04-1.067E-03-2.071E-03-6.862E-04
-3.884E-04-2.880E-04-1.888E-04-2.237E-05-8.538E-05 8.532E-05 1.625E-04 1.603E-04
 1.970E-04 2.132E-04 2.225E-04 2.324E-04
 4.570E-03 3.448E-03 2.986E-03 2.608E-03 2.179E-03 1.732E-03 1.536E-03 1.378E-03
 1.214E-03 9.942E-04 8.211E-04 6.582E-04 5.154E-04 4.010E-04 3.130E-04 2.362E-04
 1.818E-04 1.277E-04 9.803E-05 6.552E-05 6.377E-05 4.759E-05 3.878E-05 3.556E-05
 3.132E-05 2.938E-05 3.395E-05 3.838E-05 3.950E-05 4.103E-05 4.192E-05 4.339E-05
 4.394E-05 3.472E-05 3.952E-05 3.824E-05 3.737E-05 3.312E-05 3.628E-05 2.496E-05
 3.448E-06 2.138E-05 3.490E-05 5.258E-05 5.089E-05 4.903E-05 4.789E-05 5.716E-05
 5.456E-05 5.250E-05 6.902E-05 9.411E-05 1.155E-04 1.322E-04 1.471E-04 1.606E-04
 1.732E-04 1.734E-04 1.681E-04 1.643E-04 1.623E-04 1.607E-04 1.640E-04 1.661E-04
 1.665E-04 1.630E-04 1.559E-04 1.451E-04 1.304E-04 1.123E-04 9.065E-05 6.884E-05
 5.038E-05 3.318E-05 1.891E-05 8.788E-06 4.005E-06 1.999E-05 2.015E-05-2.167E-03
-1.665E-03-9.606E-04-1.449E-03-8.413E-04-1.073E-03-2.083E-03-6.903E-04-3.908E-04
-2.898E-04-1.900E-04-2.264E-05-8.601E-05 8.568E-05 1.633E-04 1.611E-04 1.980E-04
 2.143E-04 2.236E-04 2.337E-04
 2.678E-03 2.380E-03 2.133E-03 1.829E-03 1.495E-03 1.358E-03 1.246E-03 1.123E-03
 9.426E-04 7.972E-04 6.545E-04 5.249E-04 4.183E-04 3.350E-04 2.596E-04 2.038E-04
 1.503E-04 1.189E-04 8.573E-05 8.186E-05 6.512E-05 5.572E-05 5.193E-05 4.736E-05
 4.511E-05 4.916E-05 5.309E-05 5.395E-05 5.489E-05 5.534E-05 5.628E-05 5.628E-05
 4.671E-05 5.074E-05 4.879E-05 4.723E-05 4.231E-05 4.469E-05 3.271E-05 1.049E-05
 2.762E-05 4.044E-05 5.756E-05 5.523E-05 5.273E-05 5.097E-05 5.983E-05 5.662E-05
 5.397E-05 7.043E-05 9.581E-05 1.175E-04 1.345E-04 1.497E-04 1.636E-04 1.765E-04
 1.767E-04 1.711E-04 1.672E-04 1.652E-04 1.635E-04 1.670E-04 1.693E-04 1.699E-04
 1.663E-04 1.592E-04 1.482E-04 1.331E-04 1.145E-04 9.234E-05 6.996E-05 5.101E-05
 3.336E-05 1.870E-05 8.310E-06 3.402E-06 1.984E-05 2.001E-05-2.228E-03-1.712E-03
-9.882E-04-1.490E-03-8.656E-04-1.104E-03-2.142E-03-7.104E-04-4.024E-04-2.986E-04
-1.960E-04-2.397E-05-8.911E-05 8.738E-05 1.672E-04 1.649E-04 2.028E-04 2.196E-04
 2.292E-04 2.395E-04
 2.166E-03 1.986E-03 1.742E-03 1.457E-03 1.351E-03 1.265E-03 1.165E-03 9.960E-04
 8.579E-04 7.160E-04 5.822E-04 4.692E-04 3.810E-04 2.975E-04 2.317E-04 1.738E-04
 1.358E-04 9.851E-05 9.028E-05 7.122E-05 6.008E-05 5.506E-05 4.972E-05 4.694E-05
 5.061E-05 5.429E-05 5.498E-05 5.588E-05 5.608E-05 5.692E-05 5.682E-05 4.715E-05
 5.108E-05 4.904E-05 4.738E-05 4.237E-05 4.469E-05 3.263E-05 1.031E-05 2.744E-05
 4.027E-05 5.741E-05 5.508E-05 5.258E-05 5.083E-05 5.972E-05 5.653E-05 5.390E-05
 7.042E-05 9.587E-05 1.176E-04 1.347E-04 1.499E-04 1.639E-04 1.768E-04 1.770E-04
 1.714E-04 1.675E-04 1.654E-04 1.638E-04 1.672E-04 1.695E-04 1.701E-04 1.666E-04
 1.594E-04 1.484E-04 1.333E-04 1.147E-04 9.246E-05 7.004E-05 5.106E-05 3.338E-05
 1.870E-05 8.294E-06 3.378E-06 1.984E-05 2.001E-05-2.232E-03-1.715E-03-9.896E-04
-1.492E-03-8.669E-04-1.106E-03-2.145E-03-7.114E-04-4.030E-04-2.991E-04-1.963E-04
-2.403E-05-8.927E-05 8.748E-05 1.674E-04 1.651E-04 2.031E-04 2.199E-04 2.295E-04
 2.398E-04
 1.862E-03 1.671E-03 1.428E-03 1.352E-03 1.292E-03 1.214E-03 1.058E-03 9.283E-04
 7.878E-04 6.496E-04 5.297E-04 4.363E-04 3.432E-04 2.651E-04 2.017E-04 1.553E-04
 1.125E-04 9.848E-05 7.613E-05 6.249E-05 5.570E-05 4.918E-05 4.563E-05 4.883E-05
 5.222E-05 5.273E-05 5.353E-05 5.375E-05 5.446E-05 5.437E-05 4.466E-05 4.865E-05
 4.665E-05 4.505E-05 4.010E-05 4.252E-05 3.053E-05 8.269E-06 2.560E-05 3.862E-05
 5.595E-05 5.377E-05 5.143E-05 4.985E-05 5.890E-05 5.588E-05 5.343E-05 7.004E-05
 9.552E-05 1.173E-04 1.343E-04 1.495E-04 1.634E-04 1.763E-04 1.765E-04 1.709E-04
 1.671E-04 1.651E-04 1.634E-04 1.668E-04 1.691E-04 1.696E-04 1.660E-04 1.588E-04
 1.478E-04 1.328E-04 1.143E-04 9.217E-05 6.985E-05 5.096E-05 3.337E-05 1.876E-05
 8.396E-06 3.501E-06 1.987E-05 2.004E-05-2.220E-03-1.706E-03-9.845E-04-1.484E-03
-8.624E-04-1.100E-03-2.134E-03-7.077E-04-4.009E-04-2.974E-04-1.952E-04-2.378E-05
-8.869E-05 8.717E-05 1.666E-04 1.644E-04 2.022E-04 2.189E-04 2.285E-04 2.387E-04
 1.533E-03 1.340E-03 1.296E-03 1.265E-03 1.213E-03 1.078E-03 9.650E-04 8.343E-04
 6.997E-04 5.793E-04 4.853E-04 3.865E-04 2.987E-04 2.314E-04 1.771E-04 1.292E-04
 1.090E-04 8.317E-05 6.670E-05 5.780E-05 4.986E-05 4.533E-05 4.787E-05 5.086E-05
 5.112E-05 5.176E-05 5.189E-05 5.262E-05 5.240E-05 4.265E-05 4.667E-05 4.469E-05
 4.314E-05 3.822E-05 4.073E-05 2.878E-05 6.564E-06 2.407E-05 3.724E-05 5.472E-05
 5.267E-05 5.047E-05 4.903E-05 5.821E-05 5.534E-05 5.304E-05 6.973E-05 9.523E-05
 1.170E-04 1.340E-04 1.492E-04 1.630E-04 1.759E-04 1.761E-04 1.706E-04 1.668E-04
 1.648E-04 1.631E-04 1.665E-04 1.687E-04 1.692E-04 1.656E-04 1.584E-04 1.474E-04
 1.324E-04 1.140E-04 9.195E-05 6.971E-05 5.089E-05 3.335E-05 1.880E-05 8.478E-06
 3.600E-06 1.990E-05 2.007E-05-2.211E-03-1.699E-03-9.803E-04-1.478E-03-8.587E-04
-1.095E-03-2.125E-03-7.047E-04-3.991E-04-2.961E-04-1.943E-04-2.357E-05-8.822E-05
 8.692E-05 1.661E-04 1.639E-04 2.015E-04 2.181E-04 2.277E-04 2.379E-04
 1.200E-03 1.184E-03 1.178E-03 1.153E-03 1.047E-03 9.561E-04 8.434E-04 7.209E-04
 6.077E-04 5.187E-04 4.199E-04 3.273E-04 2.588E-04 1.991E-04 1.473E-04 1.216E-04
 9.255E-05 7.331E-05 6.223E-05 5.273E-05 4.707E-05 4.880E-05 5.125E-05 5.117E-05
 5.158E-05 5.156E-05 5.218E-05 5.195E-05 4.204E-05 4.604E-05 4.403E-05 4.245E-05
 3.752E-05 4.003E-05 2.807E-05 5.831E-06 2.340E-05 3.664E-05 5.419E-05 5.218E-05
 5.003E-05 4.865E-05 5.790E-05 5.509E-05 5.286E-05 6.960E-05 9.514E-05 1.169E-04
 1.339E-04 1.492E-04 1.630E-04 1.758E-04 1.760E-04 1.706E-04 1.668E-04 1.648E-04
 1.631E-04 1.665E-04 1.686E-04 1.691E-04 1.655E-04 1.584E-04 1.474E-04 1.324E-04
 1.139E-04 9.191E-05 6.968E-05 5.088E-05 3.336E-05 1.882E-05 8.504E-06 3.630E-06
 1.992E-05 2.008E-05-2.209E-03-1.697E-03-9.793E-04-1.477E-03-8.578E-04-1.094E-03
-2.123E-03-7.039E-04-3.987E-04-2.958E-04-1.941E-04-2.352E-05-8.810E-05 8.686E-05
 1.659E-04 1.637E-04 2.013E-04 2.179E-04 2.275E-04 2.377E-04
 1.191E-03 1.211E-03 1.209E-03 1.119E-03 1.042E-03 9.361E-04 8.132E-04 6.957E-04
 6.041E-04 4.948E-04 3.849E-04 3.097E-04 2.359E-04 1.745E-04 1.372E-04 1.011E-04
 7.602E-05 6.048E-05 4.780E-05 3.991E-05 4.023E-05 4.185E-05 4.126E-05 4.144E-05
 4.135E-05 4.206E-05 4.200E-05 3.218E-05 3.651E-05 3.485E-05 3.369E-05 2.915E-05
 3.222E-05 2.066E-05-1.164E-06 1.716E-05 3.105E-05 4.921E-05 4.777E-05 4.621E-05
 4.543E-05 5.516E-05 5.295E-05 5.131E-05 6.827E-05 9.371E-05 1.153E-04 1.322E-04
 1.472E-04 1.608E-04 1.733E-04 1.736E-04 1.684E-04 1.648E-04 1.628E-04 1.612E-04
 1.643E-04 1.663E-04 1.667E-04 1.631E-04 1.559E-04 1.451E-04 1.303E-04 1.122E-04
 9.063E-05 6.885E-05 5.041E-05 3.325E-05 1.901E-05 8.906E-06 4.128E-06 2.005E-05
 2.021E-05-2.160E-03-1.659E-03-9.574E-04-1.444E-03-8.386E-04-1.070E-03-2.076E-03
-6.881E-04-3.895E-04-2.888E-04-1.893E-04-2.246E-05-8.563E-05 8.552E-05 1.629E-04
 1.607E-04 1.975E-04 2.137E-04 2.231E-04 2.330E-04
 1.256E-03 1.282E-03 1.210E-03 1.150E-03 1.053E-03 9.305E-04 8.091E-04 7.161E-04
 5.947E-04 4.633E-04 3.803E-04 2.882E-04 2.141E-04 1.606E-04 1.146E-04 8.108E-05
 5.890E-05 4.137E-05 2.998E-05 2.800E-05 2.821E-05 2.673E-05 2.647E-05 2.623E-05
 2.703E-05 2.721E-05 1.743E-05 2.244E-05 2.122E-05 2.067E-05 1.675E-05 2.063E-05
 9.698E-06-1.150E-05 7.928E-06 2.280E-05 4.184E-05 4.125E-05 4.057E-05 4.067E-05
 5.111E-05 4.979E-05 4.902E-05 6.628E-05 9.157E-05 1.130E-04 1.296E-04 1.443E-04
 1.575E-04 1.696E-04 1.700E-04 1.652E-04 1.618E-04 1.599E-04 1.582E-04 1.611E-04
 1.629E-04 1.630E-04 1.593E-04 1.522E-04 1.416E-04 1.273E-04 1.097E-04 8.872E-05
 6.760E-05 4.972E-05 3.309E-05 1.929E-05 9.504E-06 4.870E-06 2.025E-05 2.040E-05
-2.087E-03-1.603E-03-9.247E-04-1.395E-03-8.099E-04-1.033E-03-2.006E-03-6.644E-04
-3.757E-04-2.784E-04-1.822E-04-2.087E-05-8.195E-05 8.352E-05 1.583E-04 1.562E-04
 1.918E-04 2.075E-04 2.165E-04 2.261E-04
 1.337E-03 1.289E-03 1.250E-03 1.168E-03 1.052E-03 9.319E-04 8.424E-04 7.115E-04
 5.582E-04 4.691E-04 3.565E-04 2.681E-04 1.947E-04 1.363E-04 9.179E-05 6.062E-05
 3.633E-05 1.988E-05 1.440E-05 1.234E-05 9.403E-06 8.312E-06 7.694E-06 8.494E-06
 8.878E-06-8.880E-07 4.864E-06 4.327E-06 4.439E-06 1.271E-06 6.180E-06-3.977E-06
-2.439E-05-3.579E-06 1.251E-05 3.265E-05 3.312E-05 3.353E-05 3.474E-05 4.607E-05
 4.584E-05 4.617E-05 6.381E-05 8.891E-05 1.100E-04 1.263E-04 1.407E-04 1.534E-04
 1.650E-04 1.656E-04 1.611E-04 1.580E-04 1.562E-04 1.546E-04 1.571E-04 1.585E-04
 1.584E-04 1.546E-04 1.477E-04 1.374E-04 1.234E-04 1.065E-04 8.633E-05 6.603E-05
 4.886E-05 3.289E-05 1.965E-05 1.025E-05 5.796E-06 2.050E-05 2.063E-05-1.996E-03
-1.533E-03-8.839E-04-1.334E-03-7.740E-04-9.878E-04-1.919E-03-6.348E-04-3.585E-04
-2.653E-04-1.733E-04-1.889E-05-7.735E-05 8.103E-05 1.526E-04 1.506E-04 1.846E-04
 1.997E-04 2.083E-04 2.175E-04
 1.269E-03 1.258E-03 1.200E-03 1.104E-03 9.983E-04 9.225E-04 7.954E-04 6.335E-04
 5.460E-04 4.210E-04 3.239E-04 2.340E-04 1.654E-04 1.109E-04 7.086E-05 3.960E-05
 1.762E-05 7.936E-06 2.977E-06-1.939E-06-4.291E-06-5.648E-06-5.167E-06-4.833E-06
-1.473E-05-8.503E-06-8.621E-06-7.915E-06-1.063E-05-4.948E-06-1.452E-05-3.435E-05
-1.247E-05 4.562E-06 2.555E-05 2.684E-05 2.809E-05 3.015E-05 4.216E-05 4.279E-05
 4.396E-05 6.190E-05 8.687E-05 1.077E-04 1.239E-04 1.379E-04 1.503E-04 1.615E-04
 1.622E-04 1.580E-04 1.551E-04 1.534E-04 1.518E-04 1.541E-04 1.552E-04 1.549E-04
 1.511E-04 1.442E-04 1.341E-04 1.205E-04 1.041E-04 8.451E-05 6.484E-05 4.820E-05
 3.274E-05 1.992E-05 1.082E-05 6.506E-06 2.070E-05 2.081E-05-1.927E-03-1.480E-03
-8.528E-04-1.288E-03-7.466E-04-9.532E-04-1.853E-03-6.122E-04-3.453E-04-2.554E-04
-1.665E-04-1.737E-05-7.383E-05 7.912E-05 1.483E-04 1.463E-04 1.792E-04 1.937E-04
 2.020E-04 2.110E-04
 1.274E-03 1.243E-03 1.168E-03 1.078E-03 1.020E-03 8.979E-04 7.269E-04 6.432E-04
 5.041E-04 3.972E-04 2.867E-04 2.056E-04 1.381E-04 8.636E-05 4.559E-05 1.585E-05
 9.173E-08-9.201E-06-1.714E-05-2.149E-05-2.406E-05-2.417E-05-2.401E-05-3.414E-05
-2.729E-05-2.684E-05-2.539E-05-2.728E-05-2.062E-05-2.935E-05-4.834E-05-2.496E-05
-6.604E-06 1.558E-05 1.802E-05 2.045E-05 2.370E-05 3.668E-05 3.850E-05 4.086E-05
 5.921E-05 8.398E-05 1.045E-04 1.203E-04 1.340E-04 1.459E-04 1.565E-04 1.573E-04
 1.536E-04 1.510E-04 1.494E-04 1.479E-04 1.497E-04 1.505E-04 1.499E-04 1.460E-04
 1.393E-04 1.295E-04 1.164E-04 1.006E-04 8.193E-05 6.315E-05 4.727E-05 3.253E-05
 2.030E-05 1.163E-05 7.509E-06 2.097E-05 2.107E-05-1.829E-03-1.404E-03-8.086E-04
-1.222E-03-7.079E-04-9.040E-04-1.758E-03-5.802E-04-3.267E-04-2.413E-04-1.569E-04
-1.523E-05-6.885E-05 7.642E-05 1.421E-04 1.403E-04 1.715E-04 1.853E-04 1.932E-04
 2.016E-04
 1.239E-03 1.190E-03 1.123E-03 1.087E-03 9.789E-04 8.079E-04 7.343E-04 5.872E-04
 4.752E-04 3.467E-04 2.546E-04 1.747E-04 1.108E-04 5.965E-05 2.102E-05-2.174E-06
-1.702E-05-2.897E-05-3.614E-05-4.058E-05-4.177E-05-4.213E-05-5.272E-05-4.544E-05
-4.454E-05-4.243E-05-4.361E-05-3.585E-05-4.389E-05-6.206E-05-3.720E-05-1.755E-05
 5.807E-06 9.364E-06 1.295E-05 1.738E-05 3.130E-05 3.430E-05 3.781E-05 5.658E-05
 8.114E-05 1.014E-04 1.169E-04 1.301E-04 1.416E-04 1.516E-04 1.526E-04 1.494E-04
 1.470E-04 1.456E-04 1.440E-04 1.455E-04 1.460E-04 1.450E-04 1.411E-04 1.344E-04
 1.249E-04 1.124E-04 9.723E-05 7.940E-05 6.150E-05 4.635E-05 3.231E-05 2.068E-05
 1.243E-05 8.492E-06 2.123E-05 2.132E-05-1.733E-03-1.330E-03-7.654E-04-1.157E-03
-6.699E-04-8.559E-04-1.666E-03-5.488E-04-3.085E-04-2.275E-04-1.474E-04-1.313E-05
-6.398E-05 7.378E-05 1.360E-04 1.343E-04 1.639E-04 1.770E-04 1.845E-04 1.925E-04
 1.169E-03 1.128E-03 1.117E-03 1.030E-03 8.683E-04 8.105E-04 6.630E-04 5.519E-04
 4.099E-04 3.100E-04 2.195E-04 1.440E-04 8.257E-05 3.445E-05 2.758E-06-1.876E-05
-3.572E-05-4.660E-05-5.366E-05-5.654E-05-5.790E-05-6.924E-05-6.184E-05-6.068E-05
-5.807E-05-5.866E-05-4.999E-05-5.725E-05-7.478E-05-4.856E-05-2.771E-05-3.263E-06
 1.337E-06 6.000E-06 1.152E-05 2.631E-05 3.039E-05 3.498E-05 5.412E-05 7.851E-05
 9.846E-05 1.137E-04 1.265E-04 1.375E-04 1.471E-04 1.481E-04 1.454E-04 1.433E-04
 1.420E-04 1.404E-04 1.416E-04 1.417E-04 1.405E-04 1.365E-04 1.299E-04 1.207E-04
 1.086E-04 9.410E-05 7.706E-05 5.996E-05 4.551E-05 3.212E-05 2.103E-05 1.316E-05
 9.404E-06 2.148E-05 2.155E-05-1.643E-03-1.261E-03-7.253E-04-1.097E-03-6.346E-04
-8.112E-04-1.580E-03-5.197E-04-2.916E-04-2.147E-04-1.387E-04-1.118E-05-5.945E-05
 7.133E-05 1.304E-04 1.288E-04 1.569E-04 1.693E-04 1.764E-04 1.840E-04
 1.113E-03 1.130E-03 1.066E-03 9.189E-04 8.810E-04 7.381E-04 6.320E-04 4.792E-04
 3.738E-04 2.737E-04 1.867E-04 1.143E-04 5.555E-05 1.379E-05-1.596E-05-3.932E-05
-5.514E-05-6.583E-05-7.122E-05-7.416E-05-8.669E-05-7.943E-05-7.819E-05-7.515E-05
-7.516E-05-6.554E-05-7.204E-05-8.869E-05-6.110E-05-3.892E-05-1.328E-05-7.528E-06
-1.679E-06 5.041E-06 2.079E-05 2.607E-05 3.185E-05 5.140E-05 7.558E-05 9.522E-05
 1.101E-04 1.226E-04 1.331E-04 1.420E-04 1.432E-04 1.409E-04 1.392E-04 1.379E-04
 1.364E-04 1.372E-04 1.370E-04 1.355E-04 1.314E-04 1.250E-04 1.160E-04 1.045E-04
 9.063E-05 7.446E-05 5.826E-05 4.457E-05 3.190E-05 2.142E-05 1.398E-05 1.042E-05
 2.176E-05 2.181E-05-1.545E-03-1.185E-03-6.808E-04-1.031E-03-5.955E-04-7.617E-04
-1.485E-03-4.875E-04-2.728E-04-2.005E-04-1.290E-04-9.016E-06-5.444E-05 6.861E-05
 1.242E-04 1.227E-04 1.491E-04 1.608E-04 1.675E-04 1.747E-04
 1.175E-03 1.136E-03 1.001E-03 9.874E-04 8.470E-04 7.463E-04 5.770E-04 4.635E-04
 3.500E-04 2.467E-04 1.588E-04 8.489E-05 2.845E-05-1.354E-05-4.657E-05-7.001E-05
-8.642E-05-9.583E-05-1.014E-04-1.159E-04-1.089E-04-1.076E-04-1.038E-04-1.029E-04
-9.170E-05-9.692E-05-1.122E-04-8.209E-05-5.781E-05-3.015E-05-2.245E-05-1.460E-05
-5.859E-06 1.150E-05 1.881E-05 2.658E-05 4.682E-05 7.063E-05 8.971E-05 1.041E-04
 1.158E-04 1.255E-04 1.335E-04 1.349E-04 1.334E-04 1.322E-04 1.311E-04 1.296E-04
 1.297E-04 1.289E-04 1.270E-04 1.228E-04 1.165E-04 1.081E-04 9.739E-05 8.473E-05
 7.004E-05 5.537E-05 4.297E-05 3.153E-05 2.207E-05 1.536E-05 1.213E-05 2.222E-05
 2.225E-05-1.377E-03-1.056E-03-6.055E-04-9.179E-04-5.293E-04-6.778E-04-1.324E-03
-4.328E-04-2.411E-04-1.764E-04-1.125E-04-5.356E-06-4.594E-05 6.400E-05 1.137E-04
 1.123E-04 1.359E-04 1.464E-04 1.523E-04 1.588E-04
 1.126E-03 1.017E-03 1.030E-03 9.068E-04 8.225E-04 6.523E-04 5.412E-04 4.237E-04
 3.118E-04 2.140E-04 1.285E-04 5.932E-05 5.792E-06-3.690E-05-6.854E-05-9.153E-05
-1.060E-04-1.152E-04-1.324E-04-1.268E-04-1.262E-04-1.225E-04-1.213E-04-1.092E-04
-1.137E-04-1.282E-04-9.643E-05-7.062E-05-4.172E-05-3.269E-05-2.348E-05-1.335E-05
 5.111E-06 1.380E-05 2.294E-05 4.364E-05 6.721E-05 8.591E-05 9.989E-05 1.112E-04
 1.202E-04 1.276E-04 1.292E-04 1.282E-04 1.273E-04 1.264E-04 1.249E-04 1.246E-04
 1.234E-04 1.211E-04 1.168E-04 1.107E-04 1.027E-04 9.255E-05 8.069E-05 6.701E-05
 5.339E-05 4.187E-05 3.127E-05 2.252E-05 1.630E-05 1.330E-05 2.254E-05 2.255E-05
-1.262E-03-9.674E-04-5.539E-04-8.408E-04-4.840E-04-6.203E-04-1.214E-03-3.954E-04
-2.193E-04-1.599E-04-1.013E-04-2.847E-06-4.012E-05 6.084E-05 1.065E-04 1.052E-04
 1.269E-04 1.365E-04 1.420E-04 1.479E-04
 9.418E-04 9.785E-04 8.850E-04 8.259E-04 6.749E-04 5.791E-04 4.712E-04 3.633E-04
 2.660E-04 1.778E-04 1.025E-04 4.206E-05-7.225E-06-4.526E-05-7.398E-05-9.343E-05
-1.067E-04-1.266E-04-1.236E-04-1.247E-04-1.222E-04-1.217E-04-1.101E-04-1.149E-04
-1.294E-04-9.768E-05-7.182E-05-4.277E-05-3.374E-05-2.440E-05-1.415E-05 4.418E-06
 1.323E-05 2.250E-05 4.325E-05 6.681E-05 8.548E-05 9.943E-05 1.107E-04 1.197E-04
 1.270E-04 1.286E-04 1.277E-04 1.268E-04 1.259E-04 1.245E-04 1.241E-04 1.228E-04
 1.205E-04 1.163E-04 1.101E-04 1.021E-04 9.207E-05 8.030E-05 6.672E-05 5.319E-05
 4.177E-05 3.125E-05 2.256E-05 1.640E-05 1.341E-05 2.257E-05 2.258E-05-1.251E-03
-9.588E-04-5.488E-04-8.332E-04-4.796E-04-6.147E-04-1.203E-03-3.917E-04-2.172E-04
-1.583E-04-1.002E-04-2.601E-06-3.955E-05 6.053E-05 1.058E-04 1.045E-04 1.260E-04
 1.355E-04 1.410E-04 1.468E-04
 1.048E-03 9.728E-04 9.354E-04 7.829E-04 6.928E-04 5.819E-04 4.641E-04 3.546E-04
 2.510E-04 1.568E-04 7.841E-05 1.333E-05-3.887E-05-7.962E-05-1.089E-04-1.296E-04
-1.552E-04-1.557E-04-1.589E-04-1.571E-04-1.566E-04-1.437E-04-1.473E-04-1.603E-04
-1.256E-04-9.693E-05-6.532E-05-5.369E-05-4.181E-05-2.885E-05-8.136E-06 3.372E-06
 1.531E-05 3.697E-05 6.003E-05 7.796E-05 9.118E-05 1.015E-04 1.094E-04 1.154E-04
 1.173E-04 1.175E-04 1.173E-04 1.167E-04 1.152E-04 1.140E-04 1.120E-04 1.090E-04
 1.046E-04 9.873E-05 9.141E-05 8.254E-05 7.235E-05 6.076E-05 4.929E-05 3.961E-05
 3.074E-05 2.344E-05 1.825E-05 1.572E-05 2.319E-05 2.316E-05-1.025E-03-7.848E-04
-4.474E-04-6.816E-04-3.904E-04-5.017E-04-9.864E-04-3.181E-04-1.744E-04-1.259E-04
-7.803E-05 2.329E-06-2.811E-05 5.433E-05 9.159E-05 9.055E-05 1.083E-04 1.161E-04
 1.206E-04 1.254E-04
 9.290E-04 9.195E-04 7.929E-04 7.245E-04 6.303E-04 5.229E-04 4.195E-04 3.169E-04
 2.182E-04 1.328E-04 6.013E-05-4.854E-07-4.956E-05-8.669E-05-1.143E-04-1.449E-04
-1.504E-04-1.569E-04-1.577E-04-1.588E-04-1.471E-04-1.512E-04-1.645E-04-1.297E-04
-1.009E-04-6.899E-05-5.703E-05-4.470E-05-3.145E-05-1.039E-05 1.546E-06 1.391E-05
 3.572E-05 5.873E-05 7.655E-05 8.966E-05 9.981E-05 1.075E-04 1.133E-04 1.153E-04
 1.157E-04 1.156E-04 1.150E-04 1.136E-04 1.123E-04 1.101E-04 1.071E-04 1.026E-04
 9.680E-05 8.961E-05 8.095E-05 7.102E-05 5.977E-05 4.864E-05 3.925E-05 3.066E-05
 2.359E-05 1.856E-05 1.610E-05 2.330E-05 2.327E-05-9.874E-04-7.558E-04-4.304E-04
-6.563E-04-3.755E-04-4.829E-04-9.502E-04-3.059E-04-1.672E-04-1.205E-04-7.433E-05
 3.154E-06-2.620E-05 5.330E-05 8.923E-05 8.823E-05 1.053E-04 1.129E-04 1.172E-04
 1.218E-04
 9.382E-04 8.323E-04 7.852E-04 7.061E-04 6.070E-04 5.074E-04 4.030E-04 2.958E-04
 1.994E-04 1.151E-04 4.200E-05-1.932E-05-6.799E-05-1.056E-04-1.439E-04-1.564E-04
-1.680E-04-1.722E-04-1.754E-04-1.646E-04-1.691E-04-1.822E-04-1.463E-04-1.161E-04
-8.293E-05-6.954E-05-5.567E-05-4.074E-05-1.850E-05-4.900E-06 9.106E-06 3.150E-05
 5.423E-05 7.162E-05 8.430E-05 9.388E-05 1.009E-04 1.060E-04 1.082E-04 1.091E-04
 1.095E-04 1.091E-04 1.078E-04 1.059E-04 1.032E-04 9.981E-05 9.527E-05 8.965E-05
 8.291E-05 7.498E-05 6.605E-05 5.605E-05 4.620E-05 3.790E-05 3.035E-05 2.414E-05
 1.973E-05 1.755E-05 2.370E-05 2.364E-05-8.463E-04-6.471E-04-3.670E-04-5.616E-04
-3.198E-04-4.123E-04-8.148E-04-2.599E-04-1.405E-04-1.003E-04-6.050E-05 6.238E-06
-1.905E-05 4.942E-05 8.037E-05 7.951E-05 9.422E-05 1.007E-04 1.044E-04 1.084E-04
 7.629E-04 7.427E-04 6.910E-04 6.165E-04 5.374E-04 4.488E-04 3.512E-04 2.596E-04
 1.769E-04 1.021E-04 3.693E-05-1.724E-05-6.086E-05-1.039E-04-1.230E-04-1.397E-04
-1.484E-04-1.552E-04-1.477E-04-1.544E-04-1.692E-04-1.355E-04-1.071E-04-7.517E-05
-6.289E-05-5.009E-05-3.619E-05-1.465E-05-2.123E-06 1.096E-05 3.308E-05 5.603E-05
 7.372E-05 8.670E-05 9.664E-05 1.041E-04 1.096E-04 1.117E-04 1.124E-04 1.125E-04
 1.120E-04 1.107E-04 1.092E-04 1.068E-04 1.036E-04 9.910E-05 9.341E-05 8.645E-05
 7.814E-05 6.868E-05 5.803E-05 4.750E-05 3.863E-05 3.053E-05 2.386E-05 1.912E-05
 1.679E-05 2.350E-05 2.345E-05-9.215E-04-7.050E-04-4.008E-04-6.121E-04-3.495E-04
-4.499E-04-8.870E-04-2.844E-04-1.547E-04-1.111E-04-6.786E-05 4.605E-06-2.285E-05
 5.150E-05 8.511E-05 8.417E-05 1.001E-04 1.072E-04 1.112E-04 1.156E-04
 7.468E-04 7.181E-04 6.629E-04 5.997E-04 5.218E-04 4.278E-04 3.351E-04 2.487E-04
 1.670E-04 9.301E-05 2.866E-05-2.519E-05-7.642E-05-1.052E-04-1.293E-04-1.440E-04
-1.553E-04-1.512E-04-1.600E-04-1.761E-04-1.431E-04-1.148E-04-8.274E-05-7.000E-05
-5.656E-05-4.192E-05-1.973E-05-6.279E-06 7.567E-06 3.005E-05 5.293E-05 7.046E-05
 8.325E-05 9.294E-05 1.001E-04 1.052E-04 1.074E-04 1.084E-04 1.089E-04 1.085E-04
 1.072E-04 1.054E-04 1.028E-04 9.939E-05 9.488E-05 8.931E-05 8.261E-05 7.473E-05
 6.585E-05 5.591E-05 4.612E-05 3.787E-05 3.036E-05 2.419E-05 1.980E-05 1.763E-05
 2.374E-05 2.368E-05-8.413E-04-6.432E-04-3.648E-04-5.582E-04-3.178E-04-4.098E-04
-8.100E-04-2.582E-04-1.395E-04-9.953E-05-5.998E-05 6.370E-06-1.877E-05 4.931E-05
 8.008E-05 7.922E-05 9.385E-05 1.003E-04 1.040E-04 1.080E-04
 7.139E-04 6.821E-04 6.397E-04 5.788E-04 4.952E-04 4.080E-04 3.235E-04 2.397E-04
 1.603E-04 8.807E-05 2.519E-05-3.347E-05-7.263E-05-1.051E-04-1.271E-04-1.442E-04
-1.451E-04-1.570E-04-1.753E-04-1.445E-04-1.174E-04-8.604E-05-7.352E-05-6.008E-05
-4.529E-05-2.290E-05-9.122E-06 5.172E-06 2.775E-05 5.069E-05 6.823E-05 8.101E-05
 9.065E-05 9.771E-05 1.027E-04 1.050E-04 1.062E-04 1.068E-04 1.065E-04 1.052E-04
 1.034E-04 1.006E-04 9.719E-05 9.270E-05 8.720E-05 8.066E-05 7.301E-05 6.442E-05
 5.485E-05 4.544E-05 3.750E-05 3.029E-05 2.436E-05 2.015E-05 1.806E-05 2.387E-05
 2.381E-05-8.009E-04-6.121E-04-3.466E-04-5.311E-04-3.019E-04-3.896E-04-7.713E-04
-2.451E-04-1.319E-04-9.373E-05-5.601E-05 7.271E-06-1.671E-05 4.822E-05 7.757E-05
 7.675E-05 9.070E-05 9.687E-05 1.004E-04 1.042E-04
 6.747E-04 6.556E-04 6.156E-04 5.482E-04 4.722E-04 3.952E-04 3.141E-04 2.336E-04
 1.566E-04 8.677E-05 2.216E-05-2.740E-05-6.869E-05-9.892E-05-1.228E-04-1.301E-04
-1.463E-04-1.677E-04-1.405E-04-1.157E-04-8.581E-05-7.418E-05-6.133E-05-4.691E-05
-2.471E-05-1.106E-05 3.190E-06 2.594E-05 4.894E-05 6.666E-05 7.959E-05 8.935E-05
 9.651E-05 1.016E-04 1.040E-04 1.052E-04 1.059E-04 1.056E-04 1.044E-04 1.026E-04
 9.993E-05 9.651E-05 9.207E-05 8.662E-05 8.014E-05 7.257E-05 6.407E-05 5.459E-05
 4.528E-05 3.743E-05 3.030E-05 2.444E-05 2.027E-05 1.820E-05 2.393E-05 2.387E-05
-7.910E-04-6.045E-04-3.422E-04-5.244E-04-2.980E-04-3.846E-04-7.618E-04-2.418E-04
-1.300E-04-9.229E-05-5.502E-05 7.516E-06-1.618E-05 4.798E-05 7.698E-05 7.618E-05
 8.996E-05 9.605E-05 9.955E-05 1.033E-04
 6.599E-04 6.424E-04 5.937E-04 5.323E-04 4.660E-04 3.909E-04 3.121E-04 2.323E-04
 1.568E-04 8.712E-05 2.660E-05-2.432E-05-6.400E-05-9.603E-05-1.113E-04-1.328E-04
-1.583E-04-1.359E-04-1.142E-04-8.642E-05-7.597E-05-6.389E-05-4.994E-05-2.793E-05
-1.434E-05-3.403E-08 2.289E-05 4.618E-05 6.397E-05 7.707E-05 8.696E-05 9.421E-05
 9.933E-05 1.018E-04 1.032E-04 1.040E-04 1.039E-04 1.028E-04 1.010E-04 9.830E-05
 9.490E-05 9.051E-05 8.515E-05 7.880E-05 7.140E-05 6.312E-05 5.390E-05 4.485E-05
 3.721E-05 3.028E-05 2.458E-05 2.053E-05 1.852E-05 2.406E-05 2.398E-05-7.644E-04
-5.839E-04-3.302E-04-5.065E-04-2.874E-04-3.713E-04-7.362E-04-2.331E-04-1.249E-04
-8.843E-05-5.237E-05 8.140E-06-1.479E-05 4.730E-05 7.536E-05 7.458E-05 8.792E-05
 9.381E-05 9.719E-05 1.008E-04
 6.482E-04 6.212E-04 5.781E-04 5.270E-04 4.627E-04 3.901E-04 3.117E-04 2.337E-04
 1.616E-04 9.128E-05 3.118E-05-1.829E-05-5.920E-05-8.377E-05-1.117E-04-1.423E-04
-1.264E-04-1.092E-04-8.462E-05-7.610E-05-6.541E-05-5.242E-05-3.098E-05-1.779E-05
-3.703E-06 1.934E-05 4.293E-05 6.110E-05 7.437E-05 8.454E-05 9.203E-05 9.735E-05
 9.997E-05 1.015E-04 1.023E-04 1.023E-04 1.014E-04 9.965E-05 9.708E-05 9.377E-05
 8.947E-05 8.421E-05 7.798E-05 7.071E-05 6.257E-05 5.351E-05 4.462E-05 3.711E-05
 3.030E-05 2.470E-05 2.072E-05 1.874E-05 2.417E-05 2.409E-05-7.493E-04-5.723E-04
-3.234E-04-4.964E-04-2.815E-04-3.637E-04-7.218E-04-2.282E-04-1.220E-04-8.623E-05
-5.084E-05 8.525E-06-1.397E-05 4.694E-05 7.448E-05 7.371E-05 8.680E-05 9.259E-05
 9.590E-05 9.946E-05
 6.171E-04 5.955E-04 5.638E-04 5.155E-04 4.550E-04 3.840E-04 3.092E-04 2.394E-04
 1.631E-04 9.651E-05 3.884E-05-1.025E-05-4.441E-05-7.915E-05-1.154E-04-1.078E-04
-9.673E-05-7.670E-05-7.121E-05-6.294E-05-5.187E-05-3.173E-05-1.972E-05-6.572E-06
 1.635E-05 4.039E-05 5.908E-05 7.291E-05 8.350E-05 9.154E-05 9.739E-05 1.001E-04
 1.015E-04 1.023E-04 1.024E-04 1.016E-04 1.002E-04 9.793E-05 9.487E-05 9.072E-05
 8.553E-05 7.928E-05 7.192E-05 6.361E-05 5.432E-05 4.517E-05 3.745E-05 3.043E-05
 2.465E-05 2.054E-05 1.850E-05 2.416E-05 2.409E-05-7.801E-04-5.960E-04-3.371E-04
-5.170E-04-2.936E-04-3.791E-04-7.514E-04-2.382E-04-1.278E-04-9.059E-05-5.380E-05
 7.922E-06-1.547E-05 4.786E-05 7.649E-05 7.569E-05 8.930E-05 9.532E-05 9.876E-05
 1.025E-04
 5.955E-04 5.843E-04 5.544E-04 5.092E-04 4.493E-04 3.813E-04 3.173E-04 2.379E-04
 1.669E-04 1.023E-04 4.563E-05 1.590E-06-4.026E-05-8.255E-05-8.491E-05-8.118E-05
-6.692E-05-6.524E-05-6.006E-05-5.146E-05-3.305E-05-2.252E-05-1.053E-05 1.219E-05
 3.670E-05 5.598E-05 7.038E-05 8.164E-05 9.019E-05 9.667E-05 9.947E-05 1.008E-04
 1.016E-04 1.019E-04 1.012E-04 1.002E-04 9.830E-05 9.554E-05 9.158E-05 8.651E-05
 8.029E-05 7.288E-05 6.446E-05 5.499E-05 4.565E-05 3.775E-05 3.056E-05 2.464E-05
 2.042E-05 1.833E-05 2.419E-05 2.412E-05-8.061E-04-6.160E-04-3.488E-04-5.345E-04
-3.038E-04-3.921E-04-7.764E-04-2.466E-04-1.326E-04-9.425E-05-5.628E-05 7.441E-06
-1.671E-05 4.867E-05 7.823E-05 7.740E-05 9.145E-05 9.766E-05 1.012E-04 1.050E-04
 5.936E-04 5.833E-04 5.554E-04 5.093E-04 4.511E-04 3.958E-04 3.157E-04 2.422E-04
 1.718E-04 1.081E-04 5.384E-05 4.581E-06-4.411E-05-5.824E-05-6.348E-05-5.641E-05
-5.941E-05-5.804E-05-5.246E-05-3.622E-05-2.741E-05-1.670E-05 5.754E-06 3.071E-05
 5.059E-05 6.559E-05 7.748E-05 8.672E-05 9.372E-05 9.671E-05 9.804E-05 9.905E-05
 9.952E-05 9.912E-05 9.850E-05 9.693E-05 9.448E-05 9.077E-05 8.589E-05 7.984E-05
 7.257E-05 6.427E-05 5.489E-05 4.562E-05 3.779E-05 3.064E-05 2.475E-05 2.055E-05
 1.847E-05 2.432E-05 2.425E-05-8.040E-04-6.143E-04-3.478E-04-5.331E-04-3.029E-04
-3.910E-04-7.744E-04-2.459E-04-1.322E-04-9.386E-05-5.598E-05 7.599E-06-1.650E-05
 4.874E-05 7.823E-05 7.740E-05 9.142E-05 9.761E-05 1.012E-04 1.050E-04
 5.931E-04 5.845E-04 5.553E-04 5.106E-04 4.679E-04 3.913E-04 3.190E-04 2.457E-04
 1.772E-04 1.136E-04 5.765E-05 2.952E-06-2.441E-05-4.012E-05-4.182E-05-5.060E-05
-5.407E-05-5.248E-05-3.926E-05-3.284E-05-2.394E-05-2.061E-06 2.327E-05 4.379E-05
 5.947E-05 7.210E-05 8.211E-05 8.991E-05 9.304E-05 9.440E-05 9.559E-05 9.634E-05
 9.628E-05 9.615E-05 9.503E-05 9.298E-05 8.960E-05 8.499E-05 7.917E-05 7.209E-05
 6.394E-05 5.470E-05 4.554E-05 3.779E-05 3.071E-05 2.487E-05 2.071E-05 1.865E-05
 2.447E-05 2.441E-05-8.003E-04-6.115E-04-3.461E-04-5.306E-04-3.014E-04-3.891E-04
-7.710E-04-2.446E-04-1.314E-04-9.323E-05-5.550E-05 7.812E-06-1.619E-05 4.878E-05
 7.815E-05 7.733E-05 9.129E-05 9.746E-05 1.010E-04 1.048E-04
 5.957E-04 5.852E-04 5.570E-04 5.301E-04 4.613E-04 3.940E-04 3.212E-04 2.506E-04
 1.795E-04 1.183E-04 5.856E-05 1.686E-05-1.064E-05-2.268E-05-3.832E-05-4.775E-05
-5.121E-05-4.204E-05-3.878E-05-3.236E-05-1.149E-05 1.402E-05 3.514E-05 5.153E-05
 6.499E-05 7.589E-05 8.457E-05 8.801E-05 8.933E-05 9.074E-05 9.185E-05 9.222E-05
 9.270E-05 9.214E-05 9.060E-05 8.763E-05 8.340E-05 7.790E-05 7.110E-05 6.322E-05
 5.421E-05 4.527E-05 3.770E-05 3.075E-05 2.502E-05 2.094E-05 1.892E-05 2.467E-05
 2.461E-05-7.887E-04-6.025E-04-3.407E-04-5.227E-04-2.967E-04-3.832E-04-7.598E-04
-2.407E-04-1.291E-04-9.143E-05-5.422E-05 8.225E-06-1.545E-05 4.863E-05 7.760E-05
 7.679E-05 9.056E-05 9.665E-05 1.001E-04 1.039E-04
 5.940E-04 5.843E-04 5.757E-04 5.190E-04 4.610E-04 3.931E-04 3.242E-04 2.487E-04
 1.846E-04 1.219E-04 6.584E-05 2.596E-05 2.410E-06-2.095E-05-3.739E-05-4.703E-05
-4.310E-05-4.400E-05-4.095E-05-2.178E-05 3.565E-06 2.513E-05 4.220E-05 5.657E-05
 6.847E-05 7.820E-05 8.191E-05 8.330E-05 8.481E-05 8.635E-05 8.723E-05 8.847E-05
 8.864E-05 8.774E-05 8.532E-05 8.154E-05 7.644E-05 6.999E-05 6.240E-05 5.367E-05
 4.495E-05 3.756E-05 3.077E-05 2.515E-05 2.115E-05 1.917E-05 2.486E-05 2.481E-05
-7.788E-04-5.948E-04-3.361E-04-5.160E-04-2.926E-04-3.781E-04-7.503E-04-2.373E-04
-1.270E-04-8.985E-05-5.308E-05 8.618E-06-1.478E-05 4.854E-05 7.717E-05 7.637E-05
 8.997E-05 9.599E-05 9.943E-05 1.031E-04
 5.935E-04 6.042E-04 5.629E-04 5.179E-04 4.587E-04 3.953E-04 3.187E-04 2.546E-04
 1.915E-04 1.217E-04 6.930E-05 3.335E-05 1.636E-06-2.271E-05-3.963E-05-4.226E-05
-4.836E-05-4.966E-05-3.305E-05-8.460E-06 1.323E-05 3.083E-05 4.608E-05 5.905E-05
 6.993E-05 7.392E-05 7.530E-05 7.713E-05 7.902E-05 8.053E-05 8.270E-05 8.374E-05
 8.363E-05 8.189E-05 7.871E-05 7.413E-05 6.816E-05 6.102E-05 5.269E-05 4.435E-05
 3.726E-05 3.071E-05 2.530E-05 2.143E-05 1.952E-05 2.509E-05 2.505E-05-7.586E-04
-5.792E-04-3.270E-04-5.023E-04-2.845E-04-3.679E-04-7.308E-04-2.306E-04-1.230E-04
-8.678E-05-5.093E-05 9.249E-06-1.357E-05 4.819E-05 7.610E-05 7.532E-05 8.859E-05
 9.446E-05 9.782E-05 1.014E-04
 6.357E-04 6.110E-04 5.807E-04 5.321E-04 4.760E-04 3.992E-04 3.367E-04 2.749E-04
 1.889E-04 1.215E-04 7.014E-05 2.840E-05-5.661E-06-3.169E-05-4.295E-05-5.567E-05
-6.252E-05-4.974E-05-2.689E-05-5.657E-06 1.217E-05 2.814E-05 4.211E-05 5.411E-05
 5.855E-05 6.020E-05 6.257E-05 6.529E-05 6.753E-05 7.077E-05 7.282E-05 7.368E-05
 7.287E-05 7.066E-05 6.710E-05 6.224E-05 5.627E-05 4.922E-05 4.210E-05 3.603E-05
 3.041E-05 2.574E-05 2.240E-05 2.076E-05 2.559E-05 2.555E-05-6.541E-04-4.985E-04
-2.798E-04-4.319E-04-2.430E-04-3.154E-04-6.303E-04-1.963E-04-1.030E-04-7.154E-05
-4.043E-05 1.178E-05-8.022E-06 4.557E-05 6.980E-05 6.912E-05 8.064E-05 8.573E-05
 8.865E-05 9.178E-05
 6.060E-04 5.944E-04 5.625E-04 5.208E-04 4.531E-04 3.992E-04 3.452E-04 2.523E-04
 1.765E-04 1.146E-04 6.556E-05 2.346E-05-1.100E-05-3.111E-05-5.118E-05-6.480E-05
-5.714E-05-3.700E-05-1.694E-05 6.111E-07 1.706E-05 3.202E-05 4.534E-05 4.984E-05
 5.109E-05 5.350E-05 5.668E-05 5.972E-05 6.414E-05 6.750E-05 6.955E-05 6.971E-05
 6.829E-05 6.538E-05 6.100E-05 5.540E-05 4.860E-05 4.167E-05 3.575E-05 3.021E-05
 2.560E-05 2.230E-05 2.069E-05 2.564E-05 2.563E-05-6.643E-04-5.063E-04-2.842E-04
-4.386E-04-2.469E-04-3.203E-04-6.398E-04-1.994E-04-1.047E-04-7.281E-05-4.125E-05
 1.172E-05-8.369E-06 4.601E-05 7.059E-05 6.990E-05 8.158E-05 8.675E-05 8.971E-05
 9.288E-05
 6.013E-04 5.870E-04 5.613E-04 5.048E-04 4.621E-04 4.188E-04 3.203E-04 2.370E-04
 1.643E-04 1.083E-04 5.799E-05 1.444E-05-1.594E-05-4.446E-05-6.605E-05-6.522E-05
-4.942E-05-3.168E-05-1.516E-05 1.260E-06 1.689E-05 3.135E-05 3.588E-05 3.677E-05
 3.930E-05 4.306E-05 4.698E-05 5.298E-05 5.766E-05 6.114E-05 6.252E-05 6.222E-05
 6.032E-05 5.689E-05 5.217E-05 4.621E-05 4.005E-05 3.475E-05 2.975E-05 2.556E-05
 2.256E-05 2.112E-05 2.581E-05 2.582E-05-6.217E-04-4.733E-04-2.648E-04-4.096E-04
-2.298E-04-2.986E-04-5.983E-04-1.853E-04-9.640E-05-6.647E-05-3.686E-05 1.283E-05
-6.017E-06 4.499E-05 6.805E-05 6.740E-05 7.836E-05 8.321E-05 8.598E-05 8.896E-05
 5.908E-04 5.829E-04 5.410E-04 5.129E-04 4.841E-04 3.852E-04 2.983E-04 2.177E-04
 1.571E-04 1.000E-04 4.815E-05 7.154E-06-3.021E-05-6.066E-05-6.834E-05-5.863E-05
-4.462E-05-3.019E-05-1.455E-05 1.269E-06 1.660E-05 2.087E-05 2.111E-05 2.356E-05
 2.782E-05 3.262E-05 4.027E-05 4.672E-05 5.165E-05 5.446E-05 5.543E-05 5.469E-05
 5.231E-05 4.857E-05 4.351E-05 3.815E-05 3.353E-05 2.909E-05 2.534E-05 2.266E-05
 2.140E-05 2.587E-05 2.592E-05-5.815E-04-4.422E-04-2.466E-04-3.823E-04-2.136E-04
-2.782E-04-5.591E-04-1.719E-04-8.857E-05-6.050E-05-3.275E-05 1.383E-05-3.831E-06
 4.398E-05 6.559E-05 6.498E-05 7.525E-05 7.980E-05 8.240E-05 8.519E-05
 5.933E-04 5.679E-04 5.567E-04 5.456E-04 4.496E-04 3.623E-04 2.757E-04 2.124E-04
 1.501E-04 9.060E-05 3.841E-05-8.275E-06-4.857E-05-6.692E-05-6.569E-05-5.733E-05
-4.644E-05-3.265E-05-1.740E-05-1.671E-06 2.017E-06 1.333E-06 3.544E-06 8.246E-06
 1.398E-05 2.348E-05 3.186E-05 3.877E-05 4.313E-05 4.572E-05 4.649E-05 4.553E-05
 4.316E-05 3.942E-05 3.527E-05 3.166E-05 2.809E-05 2.503E-05 2.283E-05 2.185E-05
 2.589E-05 2.599E-05-5.108E-04-3.874E-04-2.146E-04-3.343E-04-1.854E-04-2.423E-04
-4.902E-04-1.484E-04-7.490E-05-5.013E-05-2.564E-05 1.546E-05-1.180E-07 4.206E-05
 6.112E-05 6.059E-05 6.965E-05 7.366E-05 7.595E-05 7.841E-05
 5.608E-04 5.675E-04 5.754E-04 4.911E-04 4.111E-04 3.262E-04 2.657E-04 2.030E-04
 1.401E-04 7.991E-05 2.618E-05-2.261E-05-5.183E-05-6.030E-05-5.901E-05-5.302E-05
-4.232E-05-2.867E-05-1.333E-05-1.088E-05-1.317E-05-1.182E-05-7.174E-06-9.094E-07
 1.032E-05 2.057E-05 2.935E-05 3.541E-05 3.925E-05 4.127E-05 4.136E-05 3.986E-05
 3.684E-05 3.329E-05 3.017E-05 2.698E-05 2.420E-05 2.222E-05 2.139E-05 2.551E-05
 2.568E-05-5.071E-04-3.843E-04-2.128E-04-3.313E-04-1.836E-04-2.399E-04-4.854E-04
-1.469E-04-7.403E-05-4.948E-05-2.522E-05 1.547E-05 5.351E-08 4.180E-05 6.066E-05
 6.014E-05 6.910E-05 7.307E-05 7.534E-05 7.777E-05
 5.938E-04 6.243E-04 5.500E-04 4.761E-04 3.910E-04 3.336E-04 2.706E-04 2.037E-04
 1.328E-04 7.042E-05 1.096E-05-3.346E-05-5.636E-05-6.594E-05-6.771E-05-6.229E-05
-5.180E-05-3.791E-05-3.728E-05-4.155E-05-4.125E-05-3.662E-05-2.956E-05-1.615E-05
-3.441E-06 7.906E-06 1.641E-05 2.273E-05 2.692E-05 2.935E-05 3.014E-05 2.939E-05
 2.797E-05 2.663E-05 2.498E-05 2.345E-05 2.236E-05 2.202E-05 2.530E-05 2.555E-05
-3.719E-04-2.798E-04-1.517E-04-2.397E-04-1.297E-04-1.715E-04-3.537E-04-1.022E-04
-4.813E-05-2.989E-05-1.187E-05 1.832E-05 6.904E-06 3.786E-05 5.185E-05 5.146E-05
 5.811E-05 6.105E-05 6.273E-05 6.454E-05
 6.816E-04 6.195E-04 5.540E-04 4.698E-04 4.185E-04 3.575E-04 2.880E-04 2.054E-04
 1.341E-04 6.253E-05-1.874E-06-4.513E-05-7.066E-05-8.428E-05-8.744E-05-8.265E-05
-7.202E-05-7.444E-05-8.172E-05-8.323E-05-7.905E-05-7.124E-05-5.524E-05-3.942E-05
-2.469E-05-1.284E-05-3.131E-06 4.595E-06 1.033E-05 1.467E-05 1.752E-05 1.950E-05
 2.102E-05 2.186E-05 2.235E-05 2.272E-05 2.316E-05 2.498E-05 2.534E-05-1.403E-04
-1.008E-04-4.730E-05-8.306E-05-3.767E-05-5.450E-05-1.285E-04-2.596E-05-3.903E-06
 3.555E-06 1.090E-05 2.314E-05 1.855E-05 3.107E-05 3.672E-05 3.657E-05 3.925E-05
 4.044E-05 4.111E-05 4.184E-05
 5.840E-04 5.422E-04 4.787E-04 4.448E-04 3.991E-04 3.418E-04 2.655E-04 1.993E-04
 1.291E-04 5.787E-05 3.765E-06-3.213E-05-5.475E-05-6.563E-05-6.700E-05-6.088E-05
-6.710E-05-7.824E-05-8.303E-05-8.119E-05-7.485E-05-5.852E-05-4.179E-05-2.585E-05
-1.301E-05-2.535E-06 5.649E-06 1.159E-05 1.550E-05 1.775E-05 1.901E-05 1.992E-05
 2.011E-05 2.003E-05 2.002E-05 2.036E-05 2.336E-05 2.383E-05-2.817E-04-2.096E-04
-1.109E-04-1.774E-04-9.339E-05-1.247E-04-2.622E-04-7.185E-05-3.088E-05-1.704E-05
-3.404E-06 1.935E-05 1.081E-05 3.408E-05 4.459E-05 4.431E-05 4.930E-05 5.150E-05
 5.277E-05 5.412E-05
 5.224E-04 4.796E-04 4.637E-04 4.349E-04 3.923E-04 3.251E-04 2.673E-04 2.016E-04
 1.253E-04 6.050E-05 1.368E-05-1.888E-05-3.878E-05-4.782E-05-4.776E-05-5.849E-05
-7.398E-05-8.272E-05-8.398E-05-7.978E-05-6.379E-05-4.660E-05-2.970E-05-1.594E-05
-4.639E-06 4.177E-06 1.046E-05 1.457E-05 1.642E-05 1.736E-05 1.801E-05 1.786E-05
 1.748E-05 1.727E-05 1.761E-05 2.156E-05 2.217E-05-3.887E-04-2.919E-04-1.592E-04
-2.486E-04-1.356E-04-1.777E-04-3.625E-04-1.065E-04-5.142E-05-3.279E-05-1.445E-05
 1.614E-05 4.669E-06 3.595E-05 5.007E-05 4.970E-05 5.640E-05 5.936E-05 6.106E-05
 6.287E-05
 4.583E-04 4.604E-04 4.500E-04 4.253E-04 3.726E-04 3.280E-04 2.724E-04 1.968E-04
 1.258E-04 7.090E-05 2.995E-05 1.488E-06-1.557E-05-2.249E-05-3.794E-05-5.784E-05
-7.104E-05-7.629E-05-7.529E-05-6.095E-05-4.448E-05-2.764E-05-1.382E-05-2.432E-06
 6.331E-06 1.231E-05 1.584E-05 1.691E-05 1.675E-05 1.664E-05 1.572E-05 1.468E-05
 1.403E-05 1.424E-05 1.948E-05 2.020E-05-5.433E-04-4.108E-04-2.289E-04-3.518E-04
-1.966E-04-2.546E-04-5.086E-04-1.568E-04-8.114E-05-5.555E-05-3.034E-05 1.171E-05
-4.067E-06 3.893E-05 5.834E-05 5.783E-05 6.704E-05 7.111E-05 7.344E-05 7.594E-05
 4.811E-04 4.899E-04 4.836E-04 4.435E-04 4.129E-04 3.676E-04 2.884E-04 2.045E-04
 1.353E-04 8.075E-05 3.890E-05 9.503E-06-8.115E-06-3.039E-05-5.637E-05-7.579E-05
-8.656E-05-8.987E-05-7.772E-05-6.189E-05-4.451E-05-2.959E-05-1.673E-05-6.320E-06
 1.320E-06 6.464E-06 9.014E-06 1.031E-05 1.123E-05 1.132E-05 1.107E-05 1.102E-05
 1.166E-05 1.699E-05 1.790E-05-5.174E-04-3.905E-04-2.175E-04-3.332E-04-1.862E-04
-2.406E-04-4.796E-04-1.480E-04-7.666E-05-5.250E-05-2.875E-05 1.079E-05-3.974E-06
 3.638E-05 5.460E-05 5.413E-05 6.276E-05 6.658E-05 6.877E-05 7.111E-05
 5.198E-04 5.354E-04 5.129E-04 5.017E-04 4.729E-04 3.950E-04 3.009E-04 2.187E-04
 1.505E-04 9.422E-05 5.052E-05 1.965E-05-1.044E-05-4.320E-05-7.027E-05-8.854E-05
-9.825E-05-9.054E-05-7.712E-05-6.050E-05-4.535E-05-3.157E-05-1.983E-05-1.070E-05
-4.017E-06-3.219E-09 2.670E-06 4.937E-06 5.887E-06 6.495E-06 7.104E-06 8.214E-06
 1.372E-05 1.485E-05-4.969E-04-3.743E-04-2.086E-04-3.181E-04-1.781E-04-2.292E-04
-4.549E-04-1.411E-04-7.348E-05-5.057E-05-2.808E-05 9.219E-06-4.624E-06 3.337E-05
 5.051E-05 5.008E-05 5.820E-05 6.179E-05 6.384E-05 6.604E-05
 5.754E-04 5.749E-04 5.886E-04 5.831E-04 5.132E-04 4.136E-04 3.214E-04 2.413E-04
 1.707E-04 1.116E-04 6.529E-05 2.696E-05-1.263E-05-4.855E-05-7.639E-05-9.504E-05
-9.483E-05-8.647E-05-7.270E-05-5.884E-05-4.523E-05-3.292E-05-2.281E-05-1.494E-05
-9.720E-06-5.841E-06-2.438E-06-4.254E-07 8.005E-07 2.066E-06 3.676E-06 9.526E-06
 1.091E-05-4.925E-04-3.705E-04-2.073E-04-3.136E-04-1.764E-04-2.258E-04-4.447E-04
-1.395E-04-7.371E-05-5.137E-05-2.950E-05 6.641E-06-6.677E-06 3.005E-05 4.660E-05
 4.621E-05 5.404E-05 5.750E-05 5.948E-05 6.160E-05
 5.992E-04 6.400E-04 6.629E-04 6.117E-04 5.189E-04 4.271E-04 3.435E-04 2.649E-04
 1.945E-04 1.350E-04 9.105E-05 4.733E-05 3.859E-06-3.381E-05-6.284E-05-7.336E-05
-7.346E-05-6.588E-05-5.624E-05-4.542E-05-3.490E-05-2.595E-05-1.889E-05-1.435E-05
-1.097E-05-7.817E-06-6.035E-06-4.856E-06-3.795E-06-2.017E-06 4.917E-06 6.526E-06
-5.996E-04-4.529E-04-2.564E-04-3.844E-04-2.192E-04-2.787E-04-5.425E-04-1.747E-04
-9.548E-05-6.856E-05-4.221E-05 1.328E-06-1.471E-05 2.953E-05 4.946E-05 4.899E-05
 5.842E-05 6.258E-05 6.498E-05 6.752E-05
 7.131E-04 7.707E-04 7.411E-04 6.547E-04 5.624E-04 4.739E-04 3.849E-04 2.998E-04
 2.225E-04 1.720E-04 1.242E-04 7.138E-05 2.054E-05-2.296E-05-4.937E-05-6.235E-05
-6.433E-05-6.112E-05-5.433E-05-4.602E-05-3.801E-05-3.102E-05-2.606E-05-2.192E-05
-1.784E-05-1.517E-05-1.320E-05-1.134E-05-9.168E-06-1.705E-06 2.474E-07-6.056E-04
-4.571E-04-2.604E-04-3.866E-04-2.222E-04-2.804E-04-5.400E-04-1.770E-04-9.872E-05
-7.208E-05-4.606E-05-3.270E-06-1.890E-05 2.445E-05 4.397E-05 4.353E-05 5.275E-05
 5.683E-05 5.917E-05 6.165E-05
 8.678E-04 8.678E-04 7.966E-04 7.113E-04 6.246E-04 5.300E-04 4.329E-04 3.386E-04
 2.847E-04 2.366E-04 1.761E-04 1.112E-04 5.042E-05 2.357E-06-2.944E-05-4.653E-05
-5.431E-05-5.523E-05-5.202E-05-4.711E-05-4.180E-05-3.758E-05-3.351E-05-2.904E-05
-2.584E-05-2.328E-05-2.085E-05-1.801E-05-1.004E-05-7.695E-06-6.343E-04-4.790E-04
-2.752E-04-4.039E-04-2.346E-04-2.936E-04-5.580E-04-1.870E-04-1.071E-04-7.976E-05
-5.318E-05-9.655E-06-2.541E-05 1.855E-05 3.833E-05 3.791E-05 4.723E-05 5.136E-05
 5.373E-05 5.623E-05
 9.030E-04 8.625E-04 8.015E-04 7.333E-04 6.499E-04 5.565E-04 4.587E-04 4.111E-04
 3.723E-04 3.134E-04 2.421E-04 1.692E-04 1.004E-04 4.812E-05 1.249E-05-1.042E-05
-2.364E-05-3.024E-05-3.306E-05-3.386E-05-3.456E-05-3.437E-05-3.266E-05-3.156E-05
-3.050E-05-2.899E-05-2.647E-05-1.668E-05-1.434E-05-8.497E-04-6.453E-04-3.740E-04
-5.481E-04-3.213E-04-4.016E-04-7.595E-04-2.588E-04-1.509E-04-1.141E-04-7.821E-05
-1.922E-05-4.073E-05 1.900E-05 4.590E-05 4.530E-05 5.800E-05 6.362E-05 6.684E-05
 7.026E-05
 8.573E-04 8.283E-04 7.875E-04 7.262E-04 6.484E-04 5.590E-04 5.255E-04 5.033E-04
 4.544E-04 3.852E-04 3.074E-04 2.223E-04 1.515E-04 9.712E-05 5.764E-05 2.981E-05
 1.066E-05-2.795E-06-1.257E-05-2.089E-05-2.702E-05-3.012E-05-3.280E-05-3.455E-05
-3.491E-05-3.331E-05-2.151E-05-1.907E-05-1.147E-03-8.753E-04-5.097E-04-7.487E-04
-4.408E-04-5.517E-04-1.044E-03-3.578E-04-2.100E-04-1.598E-04-1.106E-04-2.945E-05
-5.932E-05 2.314E-05 6.030E-05 5.943E-05 7.700E-05 8.477E-05 8.923E-05 9.397E-05
 8.301E-04 8.175E-04 7.808E-04 7.223E-04 6.460E-04 6.302E-04 6.290E-04 5.956E-04
 5.336E-04 4.554E-04 3.564E-04 2.678E-04 1.940E-04 1.367E-04 9.251E-05 5.897E-05
 3.319E-05 1.298E-05-4.089E-06-1.740E-05-2.599E-05-3.286E-05-3.766E-05-4.004E-05
-3.948E-05-2.606E-05-2.372E-05-1.409E-03-1.079E-03-6.303E-04-9.267E-04-5.470E-04
-6.851E-04-1.296E-03-4.459E-04-2.629E-04-2.007E-04-1.398E-04-3.898E-05-7.625E-05
 2.633E-05 7.259E-05 7.147E-05 9.335E-05 1.030E-04 1.086E-04 1.145E-04
 8.322E-04 8.207E-04 7.837E-04 7.233E-04 7.284E-04 7.523E-04 7.393E-04 6.898E-04
 6.158E-04 5.052E-04 3.994E-04 3.054E-04 2.287E-04 1.662E-04 1.161E-04 7.593E-05
 4.347E-05 1.621E-05-5.429E-06-2.040E-05-3.204E-05-4.024E-05-4.487E-05-4.553E-05
-3.095E-05-2.879E-05-1.631E-03-1.251E-03-7.334E-04-1.078E-03-6.379E-04-7.989E-04
-1.509E-03-5.214E-04-3.086E-04-2.364E-04-1.656E-04-4.819E-05-9.169E-05 2.783E-05
 8.174E-05 8.042E-05 1.059E-04 1.172E-04 1.237E-04 1.306E-04
 8.346E-04 8.212E-04 7.805E-04 8.087E-04 8.607E-04 8.733E-04 8.428E-04 7.798E-04
 6.631E-04 5.439E-04 4.314E-04 3.358E-04 2.543E-04 1.861E-04 1.297E-04 8.296E-05
 4.367E-05 1.201E-05-1.082E-05-2.834E-05-4.076E-05-4.822E-05-5.051E-05-3.523E-05
-3.344E-05-1.836E-03-1.411E-03-8.281E-04-1.219E-03-7.224E-04-9.047E-04-1.708E-03
-5.918E-04-3.514E-04-2.699E-04-1.898E-04-5.705E-05-1.063E-04 2.894E-05 8.995E-05
 8.844E-05 1.173E-04 1.301E-04 1.374E-04 1.453E-04
 8.315E-04 8.127E-04 8.648E-04 9.459E-04 9.877E-04 9.821E-04 9.373E-04 8.218E-04
 6.950E-04 5.680E-04 4.557E-04 3.560E-04 2.694E-04 1.956E-04 1.330E-04 7.994E-05
 3.649E-05 4.110E-06-2.064E-05-3.833E-05-4.940E-05-5.391E-05-3.850E-05-3.733E-05
-2.023E-03-1.558E-03-9.163E-04-1.348E-03-8.012E-04-1.003E-03-1.893E-03-6.575E-04
-3.913E-04-3.012E-04-2.126E-04-6.542E-05-1.201E-04 2.985E-05 9.751E-05 9.581E-05
 1.279E-04 1.420E-04 1.502E-04 1.588E-04
 8.162E-04 8.902E-04 9.986E-04 1.071E-03 1.094E-03 1.074E-03 9.685E-04 8.420E-04
 7.069E-04 5.826E-04 4.676E-04 3.640E-04 2.730E-04 1.939E-04 1.259E-04 6.917E-05
 2.562E-05-7.796E-06-3.195E-05-4.758E-05-5.504E-05-4.022E-05-4.002E-05-2.193E-03
-1.693E-03-9.972E-04-1.469E-03-8.733E-04-1.095E-03-2.066E-03-7.187E-04-4.286E-04
-3.303E-04-2.337E-04-7.314E-05-1.329E-04 3.082E-05 1.047E-04 1.028E-04 1.378E-04
 1.533E-04 1.622E-04 1.717E-04
 9.972E-04 1.151E-03 1.268E-03 1.332E-03 1.343E-03 1.240E-03 1.103E-03 9.452E-04
 7.948E-04 6.501E-04 5.155E-04 3.944E-04 2.872E-04 1.945E-04 1.161E-04 5.429E-05
 7.000E-06-2.736E-05-5.017E-05-6.237E-05-4.979E-05-5.122E-05-2.318E-03-1.796E-03
-1.065E-03-1.564E-03-9.351E-04-1.169E-03-2.199E-03-7.720E-04-4.648E-04-3.607E-04
-2.584E-04-8.850E-05-1.517E-04 2.152E-05 9.967E-05 9.771E-05 1.347E-04 1.511E-04
 1.605E-04 1.705E-04
 1.368E-03 1.551E-03 1.674E-03 1.733E-03 1.639E-03 1.491E-03 1.305E-03 1.120E-03
 9.344E-04 7.558E-04 5.906E-04 4.412E-04 3.104E-04 1.976E-04 1.062E-04 3.582E-05
-1.588E-05-5.119E-05-7.196E-05-6.433E-05-6.896E-05-2.460E-03-1.920E-03-1.149E-03
-1.682E-03-1.014E-03-1.264E-03-2.359E-03-8.419E-04-5.143E-04-4.032E-04-2.942E-04
-1.132E-04-1.803E-04 4.033E-06 8.720E-05 8.514E-05 1.245E-04 1.419E-04 1.519E-04
 1.626E-04
 1.809E-03 2.005E-03 2.131E-03 2.066E-03 1.924E-03 1.723E-03 1.513E-03 1.292E-03
 1.069E-03 8.567E-04 6.584E-04 4.814E-04 3.243E-04 1.928E-04 8.998E-05 1.292E-05
-4.140E-05-7.574E-05-7.669E-05-8.688E-05-2.640E-03-2.082E-03-1.261E-03-1.844E-03
-1.123E-03-1.396E-03-2.590E-03-9.371E-04-5.821E-04-4.609E-04-3.419E-04-1.445E-04
-2.177E-04-1.669E-05 7.398E-05 7.174E-05 1.147E-04 1.337E-04 1.445E-04 1.561E-04
 2.282E-03 2.489E-03 2.473E-03 2.360E-03 2.165E-03 1.947E-03 1.703E-03 1.444E-03
 1.187E-03 9.389E-04 7.110E-04 5.022E-04 3.209E-04 1.762E-04 6.495E-05-1.598E-05
-7.008E-05-8.451E-05-1.035E-04-2.851E-03-2.282E-03-1.402E-03-2.054E-03-1.263E-03
-1.570E-03-2.899E-03-1.065E-03-6.693E-04-5.366E-04-4.040E-04-1.840E-04-2.656E-04
-4.152E-05 5.957E-05 5.707E-05 1.049E-04 1.261E-04 1.382E-04 1.512E-04
 2.786E-03 2.838E-03 2.776E-03 2.609E-03 2.403E-03 2.153E-03 1.871E-03 1.578E-03
 1.283E-03 1.003E-03 7.368E-04 4.970E-04 3.006E-04 1.455E-04 2.914E-05-5.235E-05
-8.669E-05-1.187E-04-3.087E-03-2.522E-03-1.576E-03-2.319E-03-1.444E-03-1.797E-03
-3.306E-03-1.232E-03-7.855E-04-6.342E-04-4.862E-04-2.357E-04-3.288E-04-7.356E-05
 4.159E-05 3.871E-05 9.324E-05 1.174E-04 1.312E-04 1.460E-04
 2.963E-03 2.970E-03 2.860E-03 2.700E-03 2.478E-03 2.207E-03 1.909E-03 1.593E-03
 1.282E-03 9.743E-04 6.860E-04 4.429E-04 2.455E-04 9.266E-05-1.851E-05-7.601E-05
-1.235E-04-3.295E-03-2.753E-03-1.751E-03-2.596E-03-1.635E-03-2.041E-03-3.755E-03
-1.415E-03-9.111E-04-7.407E-04-5.716E-04-2.892E-04-3.956E-04-1.044E-04 2.704E-05
 2.369E-05 8.597E-05 1.135E-04 1.293E-04 1.462E-04
 3.050E-03 3.009E-03 2.909E-03 2.734E-03 2.495E-03 2.211E-03 1.892E-03 1.564E-03
 1.225E-03 8.931E-04 6.051E-04 3.641E-04 1.718E-04 2.696E-05-5.843E-05-1.250E-04
-3.489E-03-2.992E-03-1.943E-03-2.909E-03-1.855E-03-2.326E-03-4.282E-03-1.633E-03
-1.062E-03-8.699E-04-6.777E-04-3.534E-04-4.785E-04-1.438E-04 7.296E-06 3.375E-06
 7.501E-05 1.067E-04 1.249E-04 1.443E-04
 3.040E-03 3.009E-03 2.896E-03 2.705E-03 2.454E-03 2.152E-03 1.824E-03 1.467E-03
 1.103E-03 7.762E-04 4.945E-04 2.627E-04 8.224E-05-3.450E-05-1.230E-04-3.656E-03
-3.233E-03-2.147E-03-3.252E-03-2.102E-03-2.651E-03-4.889E-03-1.888E-03-1.241E-03
-1.024E-03-8.049E-04-4.330E-04-5.754E-04-1.932E-04-1.873E-05-2.334E-05 5.944E-05
 9.605E-05 1.170E-04 1.395E-04
 3.050E-03 3.004E-03 2.871E-03 2.666E-03 2.392E-03 2.077E-03 1.713E-03 1.323E-03
 9.614E-04 6.395E-04 3.664E-04 1.469E-04-6.014E-06-1.204E-04-3.814E-03-3.495E-03
-2.382E-03-3.654E-03-2.400E-03-3.046E-03-5.630E-03-2.204E-03-1.466E-03-1.219E-03
-9.681E-04-5.374E-04-7.044E-04-2.578E-04-5.659E-05-6.207E-05 3.482E-05 7.766E-05
 1.022E-04 1.285E-04
 3.027E-03 2.960E-03 2.811E-03 2.580E-03 2.292E-03 1.936E-03 1.533E-03 1.145E-03
 7.891E-04 4.773E-04 2.187E-04 2.710E-05-1.158E-04-3.941E-03-3.758E-03-2.635E-03
-4.099E-03-2.738E-03-3.501E-03-6.491E-03-2.578E-03-1.734E-03-1.454E-03-1.166E-03
-6.661E-04-8.632E-04-3.410E-04-1.040E-04-1.128E-04 1.310E-06 5.177E-05 8.070E-05
 1.117E-04
 2.961E-03 2.875E-03 2.698E-03 2.450E-03 2.116E-03 1.715E-03 1.314E-03 9.331E-04
 5.887E-04 2.940E-04 6.381E-05-1.085E-04-4.020E-03-4.003E-03-2.891E-03-4.567E-03
-3.103E-03-4.002E-03-7.451E-03-3.001E-03-2.043E-03-1.727E-03-1.399E-03-8.188E-04
-1.052E-03-4.416E-04-1.642E-04-1.729E-04-4.161E-05 1.796E-05 5.211E-05 8.868E-05
 2.853E-03 2.736E-03 2.539E-03 2.241E-03 1.857E-03 1.457E-03 1.062E-03 6.940E-04
 3.691E-04 1.027E-04-9.819E-05-4.030E-03-4.207E-03-3.133E-03-5.031E-03-3.479E-03
-4.529E-03-8.478E-03-3.464E-03-2.386E-03-2.034E-03-1.662E-03-9.944E-04-1.269E-03
-5.595E-04-2.361E-04-2.470E-04-9.149E-05-2.432E-05 1.598E-05 5.915E-05
 2.680E-03 2.540E-03 2.290E-03 1.938E-03 1.555E-03 1.162E-03 7.827E-04 4.375E-04
 1.417E-04-8.382E-05-3.940E-03-4.329E-03-3.328E-03-5.436E-03-3.828E-03-5.033E-03
-9.484E-03-3.929E-03-2.737E-03-2.353E-03-1.941E-03-1.183E-03-1.504E-03-6.891E-04
-3.167E-04-3.302E-04-1.502E-04-7.043E-05-2.662E-05 2.401E-05
 2.459E-03 2.263E-03 1.955E-03 1.603E-03 1.226E-03 8.493E-04 4.955E-04 1.791E-04
-6.528E-05-3.730E-03-4.339E-03-3.450E-03-5.739E-03-4.118E-03-5.475E-03-1.040E-02
-4.368E-03-3.079E-03-2.671E-03-2.223E-03-1.377E-03-1.748E-03-8.268E-04-4.041E-04
-4.211E-04-2.156E-04-1.243E-04-7.179E-05-1.698E-05
 2.126E-03 1.874E-03 1.569E-03 1.228E-03 8.738E-04 5.302E-04 2.097E-04-4.110E-05
-3.359E-03-4.162E-03-3.426E-03-5.814E-03-4.250E-03-5.720E-03-1.096E-02-4.669E-03
-3.329E-03-2.914E-03-2.447E-03-1.539E-03-1.955E-03-9.473E-04-4.832E-04-5.041E-04
-2.767E-04-1.756E-04-1.173E-04-5.361E-05
 1.686E-03 1.442E-03 1.154E-03 8.434E-04 5.317E-04 2.288E-04-1.194E-05-2.825E-03
-3.757E-03-3.207E-03-5.558E-03-4.141E-03-5.649E-03-1.094E-02-4.722E-03-3.406E-03
-3.010E-03-2.551E-03-1.624E-03-2.070E-03-1.022E-03-5.363E-04-5.612E-04-3.212E-04
-2.144E-04-1.526E-04-8.457E-05
 1.259E-03 1.032E-03 7.757E-04 5.089E-04 2.380E-04 1.979E-05-2.159E-03-3.165E-03
-2.822E-03-5.015E-03-3.817E-03-5.286E-03-1.037E-02-4.539E-03-3.315E-03-2.961E-03
-2.535E-03-1.635E-03-2.094E-03-1.051E-03-5.649E-04-5.939E-04-3.508E-04-2.425E-04
-1.798E-04-1.098E-04
 8.677E-04 6.731E-04 4.620E-04 2.366E-04 5.295E-05-1.385E-03-2.390E-03-2.263E-03
-4.156E-03-3.245E-03-4.579E-03-9.117E-03-4.057E-03-3.005E-03-2.717E-03-2.354E-03
-1.538E-03-1.984E-03-1.012E-03-5.550E-04-5.873E-04-3.556E-04-2.523E-04-1.924E-04
-1.244E-04
 5.427E-04 3.939E-04 2.247E-04 8.596E-05-5.396E-04-1.461E-03-1.543E-03-2.988E-03
-2.420E-03-3.505E-03-7.124E-03-3.234E-03-2.437E-03-2.237E-03-1.965E-03-1.303E-03
-1.698E-03-8.799E-04-4.920E-04-5.251E-04-3.247E-04-2.352E-04-1.832E-04-1.230E-04
 3.096E-04 2.032E-04 1.169E-04 3.239E-04-4.285E-04-6.946E-04-1.553E-03-1.360E-03
-2.073E-03-4.375E-03-2.050E-03-1.586E-03-1.489E-03-1.335E-03-9.023E-04-1.195E-03
-6.304E-04-3.593E-04-3.886E-04-2.449E-04-1.807E-04-1.433E-04-9.863E-05
 1.649E-04 1.365E-04 9.281E-04 4.864E-04 1.508E-04-3.022E-05-1.649E-04-3.898E-04
-1.030E-03-5.378E-04-4.518E-04-4.545E-04-4.296E-04-2.988E-04-4.189E-04-2.204E-04
-1.219E-04-1.379E-04-8.264E-05-5.796E-05-4.355E-05-2.512E-05
 1.606E-04 1.722E-03 1.548E-03 1.095E-03 1.672E-03 1.172E-03 1.521E-03 2.843E-03
 1.230E-03 8.918E-04 7.929E-04 6.807E-04 4.492E-04 5.695E-04 3.015E-04 1.764E-04
 1.855E-04 1.221E-04 9.395E-05 7.758E-05 5.886E-05
 4.960E-02 4.559E-02 3.233E-02 5.261E-02 3.709E-02 5.059E-02 1.002E-01 4.282E-02
 3.110E-02 2.814E-02 2.444E-02 1.551E-02 2.118E-02 9.993E-03 4.649E-03 5.272E-03
 2.448E-03 1.196E-03 4.703E-04-4.207E-04
 4.542E-02 3.450E-02 5.868E-02 4.352E-02 6.138E-02 1.249E-01 5.581E-02 4.217E-02
 3.942E-02 3.540E-02 2.366E-02 3.257E-02 1.671E-02 8.989E-03 1.021E-02 5.977E-03
 4.107E-03 3.029E-03 1.617E-03
 2.767E-02 4.870E-02 3.752E-02 5.434E-02 1.130E-01 5.217E-02 4.057E-02 3.888E-02
 3.580E-02 2.474E-02 3.450E-02 1.853E-02 1.063E-02 1.222E-02 7.745E-03 5.787E-03
 4.671E-03 3.106E-03
 8.792E-02 6.950E-02 1.028E-01 2.179E-01 1.030E-01 8.185E-02 8.007E-02 7.528E-02
 5.330E-02 7.555E-02 4.177E-02 2.481E-02 2.901E-02 1.912E-02 1.486E-02 1.247E-02
 8.851E-03
 5.645E-02 8.528E-02 1.844E-01 8.927E-02 7.256E-02 7.248E-02 6.962E-02 5.049E-02
 7.283E-02 4.140E-02 2.541E-02 3.023E-02 2.062E-02 1.656E-02 1.435E-02 1.068E-02
 1.313E-01 2.893E-01 1.430E-01 1.186E-01 1.209E-01 1.185E-01 8.783E-02 1.291E-01
 7.518E-02 4.734E-02 5.746E-02 4.027E-02 3.320E-02 2.952E-02 2.268E-02
 6.490E-01 3.273E-01 2.770E-01 2.880E-01 2.881E-01 2.183E-01 3.274E-01 1.951E-01
 1.259E-01 1.560E-01 1.121E-01 9.477E-02 8.639E-02 6.823E-02
 1.689E-01 1.461E-01 1.551E-01 1.586E-01 1.229E-01 1.882E-01 1.149E-01 7.608E-02
 9.634E-02 7.105E-02 6.159E-02 5.755E-02 4.672E-02
 1.291E-01 1.401E-01 1.464E-01 1.160E-01 1.815E-01 1.135E-01 7.700E-02 9.970E-02
 7.537E-02 6.694E-02 6.409E-02 5.337E-02
 1.553E-01 1.659E-01 1.345E-01 2.152E-01 1.378E-01 9.571E-02 1.268E-01 9.821E-02
 8.937E-02 8.764E-02 7.482E-02
 1.812E-01 1.503E-01 2.460E-01 1.612E-01 1.147E-01 1.556E-01 1.235E-01 1.151E-01
 1.157E-01 1.012E-01
 1.277E-01 2.138E-01 1.436E-01 1.047E-01 1.454E-01 1.182E-01 1.129E-01 1.163E-01
 1.043E-01
 3.665E-01 2.520E-01 1.882E-01 2.676E-01 2.230E-01 2.182E-01 2.302E-01 2.116E-01
 1.775E-01 1.359E-01 1.979E-01 1.690E-01 1.695E-01 1.833E-01 1.726E-01
 1.066E-01 1.591E-01 1.392E-01 1.431E-01 1.585E-01 1.530E-01
 2.433E-01 2.182E-01 2.298E-01 2.610E-01 2.582E-01
 2.005E-01 2.165E-01 2.519E-01 2.555E-01
 2.395E-01 2.857E-01 2.970E-01
 3.493E-01 3.721E-01
 4.064E-01
