ETA Experiment with Modeled values 
  129  10    1    0    1  <-- KG    KA    IPNT  IACT  KQT  (5I5)
0.005  9.0  0.03  0.001      <-- ACVX  FCHN  FCVX  FS         (free format)
0.0   0   0  1 1.0  <-- AK1   NORML ILOG  TIME  ACNM (free fmt: R,I,I,R,R)
ZR902    4.344E-14 0.049                      IFX
NI582    1.534E-15 0.050                       IFX
NI58P    5.357E-14 0.029                       IFX
AU1972   1.538E-13 0.048                       IFX
AU197G   5.289E-14 0.028            AUNG 3.937 IFX
IN115N   5.293E-14 0.022                       IFX
IN115G   7.135E-14 0.029            INNG 39.37 IFX
Al27A    9.088E-15 0.047                       IFX
W186G    2.044E-14 0.040            WWNG 39.37 IFX
MN55G    2.025E-15 0.200            MNNG 39.37 IFX
Flux Uncertainty 
 129                          <-- NGP  (I4) 
 1.177310468747153394e+00
 1.369405971978709058e+00
 1.283602283038055791e+00
 1.252880253705557001e+00
 1.253458402088699408e+00
 1.225223770459815897e+00
 1.228766304612421534e+00
 1.223819545159259281e+00
 1.239444444318543725e+00
 1.166346769950424633e+00
 1.145768664494224653e+00
 1.117148868302343612e+00
 1.084623966935921890e+00
 1.047375545118661488e+00
 9.656407991143508562e-01
 8.417749468799696766e-01
 6.714287183928913105e-01
 4.354249619763608248e-01
 1.410370102520452362e-01
 1.253469507921960158e-01
 1.109653044590756810e-01
 1.018676436432020549e-01
 9.653024321086739468e-02
 9.377581414469352006e-02
 9.678237407399281622e-02
 8.784850503802714428e-02
 8.666199933367969843e-02
 7.530373653686926738e-02
 7.741427317989044155e-02
 7.122087650054782781e-02
 6.606593704784154142e-02
 4.953827766256236470e-02
 4.404602260756233789e-02
 4.047797841125434781e-02
 3.621752590957722645e-02
 3.127384226432162323e-02
 3.133959815964859619e-02
 3.265597868710850421e-02
 3.423699866845333895e-02
 3.353605077555994740e-02
 3.405469382170733111e-02
 3.398432845592235657e-02
 3.338021464162433533e-02
 3.306944258611183018e-02
 3.488752322363529446e-02
 3.483529175112942688e-02
 3.214280185517120331e-02
 3.512938958428644259e-02
 3.364136359419137717e-02
 3.470980072012306433e-02
 3.153008739839745223e-02
 3.184151029758822138e-02
 3.159507864967099622e-02
 3.100257778570506342e-02
 3.090907042477175626e-02
 3.075487606493604309e-02
 2.990526150120558987e-02
 2.921536153313608955e-02
 2.904109509536855968e-02
 2.887798628194516645e-02
 2.880331241419584187e-02
 2.862780141730516745e-02
 2.853788960907616828e-02
 2.973183626256628229e-02
 2.897691407803205249e-02
 2.902190950191278762e-02
 2.900741722930868724e-02
 2.947478585631757575e-02
 2.901500160942424231e-02
 3.059461523073005174e-02
 3.370768519021358905e-02
 3.168848070746529272e-02
 3.042650321880127628e-02
 2.872454375013626729e-02
 2.998982073985314092e-02
 3.159228824978846384e-02
 3.343457319809513967e-02
 3.387127881034372734e-02
 3.669068684107174710e-02
 3.991296363935561281e-02
 3.968991079203802730e-02
 3.735455008390626414e-02
 3.539718163177460464e-02
 3.417577706155517508e-02
 3.300933434409540623e-02
 3.178617463183178171e-02
 3.036301461771052229e-02
 3.343548304290615975e-02
 3.932881278047629936e-02
 4.507617162154758939e-02
 5.027625360712072861e-02
 5.515021951483340540e-02
 5.631725494065718124e-02
 5.670820583297756651e-02
 5.633493944157887123e-02
 5.642914162084584212e-02
 5.653015545116342466e-02
 5.661092434935182521e-02
 5.678752385103156414e-02
 5.689882954563326573e-02
 5.721537006157252636e-02
 5.691313942129141296e-02
 5.555109372053125549e-02
 5.430180259124842840e-02
 5.307099671310464700e-02
 5.185150717132134407e-02
 5.058942652476497437e-02
 4.633408478270730629e-02
 4.636375106320786421e-02
 4.931808566972679109e-01
 4.102244719816836027e-01
 2.790723874062984167e-01
 4.307983837163866792e-01
 3.125526634227440148e-01
 4.376589967230778977e-01
 9.125767460398337416e-01
 4.472062135219624368e-01
 3.794389508374846343e-01
 4.075418597060320169e-01
 4.341788196269494304e-01
 3.614811300920852677e-01
 6.091642778533974401e-01
 4.227462565329835331e-01
 3.268995524815705433e-01
 4.936786479205385603e-01
 4.479024530103079549e-01
 4.894973415787374216e-01
 5.911183023834155614e-01
 6.375854196989224620e-01
Input Flux Spectrum
 129 0 1.000E+00 0.000E+00 0.000E+00   <-- NGP, ITHERM, TNORM, TMPR, ETE  (2I4, 3F10.4)
 0.000000000000000000e+00
 3.779882999999999811e+02
 1.529665099999999939e+03
 6.705510000000000218e+03
 8.252961000000001150e+03
 1.419963799999999901e+04
 3.201291800000000148e+04
 5.345279000000000087e+04
 7.546113000000000466e+04
 9.650672999999999593e+04
 1.315253800000000047e+05
 1.304290700000000070e+05
 1.130072500000000000e+05
 5.006766000000000349e+05
 4.302545000000000000e+05
 4.503232999999999884e+05
 6.901720999999999767e+05
 1.094400800000000047e+06
 8.996439000000000233e+05
 1.627611500000000000e+06
 2.429542099999999627e+06
 2.951582500000000000e+06
 3.106790100000000093e+06
 2.537485899999999907e+06
 2.092472100000000093e+06
 3.047912000000000000e+06
 3.433222599999999627e+06
 2.011345900000000140e+06
 2.174216200000000186e+06
 4.356565000000000000e+06
 6.453799000000000000e+06
 5.629661000000000000e+06
 8.933502000000000000e+06
 1.257241500000000000e+07
 2.526656000000000000e+07
 2.948196999999999627e+07
 3.732671000000000000e+07
 7.903163000000000000e+07
 8.886660000000000000e+07
 1.860848400000000000e+08
 2.269676200000000000e+08
 4.116250000000000000e+08
 4.430047000000000000e+08
 6.020936000000000000e+08
 1.176970000000000000e+09
 1.680084900000000000e+09
 1.283877800000000000e+09
 2.587195400000000000e+09
 3.169575400000000000e+09
 6.265506000000000000e+09
 5.068778000000000000e+09
 7.697147000000000000e+09
 6.425642000000000000e+09
 8.313419000000000000e+09
 7.656780000000000000e+09
 9.000028000000000000e+09
 9.689190000000000000e+09
 7.613971000000000000e+09
 1.080603500000000000e+10
 1.039078400000000000e+10
 1.157089900000000000e+10
 1.186516000000000000e+10
 1.140051400000000000e+10
 1.123316300000000000e+10
 1.312267900000000000e+10
 1.318754000000000000e+10
 1.282727100000000000e+10
 1.136924900000000000e+10
 1.492073099999999809e+10
 1.383367100000000000e+10
 2.904592500000000000e+10
 2.318442200000000000e+10
 1.973076800000000000e+10
 1.637745799999999809e+10
 1.378131600000000000e+10
 1.635836600000000191e+10
 1.276692400000000000e+10
 9.569199000000000000e+09
 9.309422000000000000e+09
 6.849514000000000000e+09
 5.195984000000000000e+09
 4.148958000000000000e+09
 3.970174000000000000e+09
 3.015740500000000000e+09
 2.522641500000000000e+09
 3.029400900000000000e+09
 2.375152100000000000e+09
 2.034367299999999762e+09
 1.659035600000000000e+09
 1.969484100000000000e+09
 2.122271899999999762e+09
 1.034412699999999881e+09
 4.300695000000000000e+08
 1.075630700000000000e+08
 1.153234500000000000e+08
 1.244180500000000000e+08
 1.331737300000000000e+08
 1.683496300000000000e+08
 2.114527800000000000e+08
 1.798059400000000000e+08
 1.705537200000000000e+08
 2.040764600000000000e+08
 3.231705800000000000e+08
 4.115547000000000000e+08
 3.818733000000000000e+08
 6.038659000000000000e+08
 2.643283700000000000e+09
 1.512530400000000000e+10
 4.796088000000000000e+10
 6.780841999999999643e+03
 5.692708999999999833e+03
 4.651565999999999804e+03
 3.194113800000000083e+03
 4.459573000000000320e+03
 5.628440000000000509e+03
 3.714060000000000582e+04
 8.193908999999999651e+03
 3.458741499999999633e+03
 4.955964999999999236e+03
 2.686747600000000148e+03
 1.832147499999999809e+03
 1.124814800000000105e+04
 3.558415800000000218e+03
 2.598983600000000024e+03
 5.014646999999999935e+03
 2.524683899999999994e+03
 1.266584000000000060e+03
 4.835715000000000146e+03
 3.610952100000000064e+04
  10  13  28  11  8  5  8  7 10 29
