1.00E-04	113.9815
5.00E-04	50.20372
7.50E-04	36.54657
1.00E-03	30.96197
1.20E-03	27.67511
1.50E-03	24.98493
2.00E-03	21.93978
2.50E-03	19.3566
3.00E-03	17.51468
4.00E-03	15.52479
5.00E-03	13.70484
7.50E-03	11.62315
1.00E-02	9.842759
2.53E-02	6.938944
3.00E-02	5.578734
4.00E-02	4.976381
5.00E-02	4.403387
6.00E-02	3.998015
7.00E-02	3.693339
8.00E-02	3.45179
9.00E-02	3.253444
1.00E-01	3.090037
1.25E-01	2.860863
1.50E-01	2.613202
1.75E-01	2.427412
2.00E-01	2.282191
2.25E-01	2.164896
2.50E-01	2.069302
2.75E-01	1.989269
3.00E-01	1.920047
3.25E-01	1.860445
3.50E-01	1.80807
3.75E-01	1.763219
4.00E-01	1.723398
4.50E-01	1.672295
5.00E-01	1.616922
5.50E-01	1.570451
6.00E-01	1.534942
6.25E-01	1.512483
6.50E-01	1.498356
7.00E-01	1.48172
7.50E-01	1.461821
8.00E-01	1.447031
8.50E-01	1.435305
9.00E-01	1.427388
9.25E-01	1.423152
9.50E-01	1.420893
9.75E-01	1.419436
1.00E+00	1.418704
1.01E+00	1.418213
1.02E+00	1.41832
1.03E+00	1.418568
1.04E+00	1.418817
1.05E+00	1.419065
1.06E+00	1.419313
1.07E+00	1.419587
1.08E+00	1.420236
1.09E+00	1.421011
1.10E+00	1.421786
1.11E+00	1.422561
1.12E+00	1.423336
1.13E+00	1.424111
1.14E+00	1.425191
1.15E+00	1.426591
1.18E+00	1.429034
1.20E+00	1.432538
1.23E+00	1.436353
1.25E+00	1.440376
1.30E+00	1.447625
1.35E+00	1.459118
1.40E+00	1.472193
1.45E+00	1.486537
1.50E+00	1.502691
1.59E+00	1.528941
1.68E+00	1.5671
1.77E+00	1.61119
1.86E+00	1.661685
1.94E+00	1.715628
2.00E+00	1.765013
2.12E+00	1.835135
2.21E+00	1.928249
2.30E+00	2.017952
2.38E+00	2.112683
2.47E+00	2.219404
2.57E+00	2.351637
2.67E+00	2.511124
2.77E+00	2.693959
2.87E+00	2.904201
2.97E+00	3.148875
3.00E+00	3.327273
3.10E+00	3.528591
3.20E+00	3.882851
3.50E+00	4.787316
3.73E+00	6.703128
4.10E+00	10.91389
4.70E+00	36.86802
5.00E+00	726.3422
5.40E+00	81.35767
6.00E+00	12.54948
6.25E+00	5.47926
6.50E+00	3.722634
6.75E+00	2.683333
6.88E+00	2.162872
7.00E+00	1.891209
7.15E+00	1.646039
8.10E+00	1.004044
9.10E+00	0.523575
1.00E+01	0.3216528
1.15E+01	0.1954068
1.19E+01	0.1440511
1.29E+01	0.1171827
1.44E+01	0.08528148
1.60E+01	0.06180412
1.70E+01	0.04930773
1.85E+01	0.04087622
1.94E+01	0.03489786
2.00E+01	0.03193222
2.05E+01	0.03005184
2.12E+01	0.02825187
2.18E+01	0.02658959
2.25E+01	0.02510275
2.50E+01	0.02210749
2.75E+01	0.01888857
3.00E+01	0.01686148
3.13E+01	0.01587828
3.18E+01	0.01558872
3.33E+01	0.01531052
3.38E+01	0.01512767
3.50E+01	0.01505278
3.55E+01	0.01504885
3.60E+01	0.01508157
3.70E+01	0.01520289
3.71E+01	0.01532711
3.73E+01	0.01535663
3.76E+01	0.01541115
3.80E+01	0.0154948
3.91E+01	0.01576651
3.96E+01	0.01615278
4.10E+01	0.01668639
4.24E+01	0.01781849
4.40E+01	0.01964073
4.52E+01	0.02292703
4.83E+01	0.08829799
5.06E+01	0.03665178
5.34E+01	0.05742142
5.80E+01	0.2098464
6.10E+01	5.347902
6.30E+01	0.7936291
6.50E+01	0.2010708
6.75E+01	0.0845844
7.20E+01	0.04105925
7.60E+01	0.04184518
8.00E+01	0.6981109
8.17E+01	0.06977277
9.00E+01	0.01584046
9.70E+01	0.007326402
1.01E+02	0.007965813
1.05E+02	0.01932375
1.08E+02	0.7675259
1.13E+02	0.03337531
1.16E+02	0.007201838
1.18E+02	0.0060564
1.19E+02	0.006282705
1.22E+02	0.0719572
1.43E+02	0.0229101
1.70E+02	0.2414799
1.80E+02	0.01133899
1.88E+02	0.02074867
1.89E+02	0.109269
1.92E+02	1.067389
1.93E+02	0.1460653
2.02E+02	0.01719163
2.07E+02	0.005203013
2.10E+02	0.004434138
2.20E+02	0.004382864
2.40E+02	0.04186236
2.85E+02	0.09556016
3.05E+02	0.2012766
5.50E+02	0.09263696
6.70E+02	0.1201306
6.83E+02	0.01773733
9.50E+02	0.09449076
1.15E+03	0.09957061
1.50E+03	0.08973322
1.55E+03	0.04641929
1.80E+03	0.06894597
2.20E+03	0.06966895
2.25E+03	0.05238739
2.50E+03	0.05166506
3.00E+03	0.05194285
3.74E+03	0.05296611
3.90E+03	0.0474733
5.70E+03	0.06665807
8.03E+03	0.09580411
9.50E+03	0.07781203
1.30E+04	0.06564488
1.70E+04	0.05258715
2.00E+04	0.04421644
3.00E+04	0.03787098
4.50E+04	0.03097613
5.00E+04	0.02673346
5.20E+04	0.02584831
6.00E+04	0.02475038
7.30E+04	0.02276694
7.50E+04	0.02167598
8.20E+04	0.02091628
8.50E+04	0.02004987
1.00E+05	0.0192758
1.28E+05	0.01787495
1.49E+05	0.01665756
2.00E+05	0.01561207
2.70E+05	0.0142692
3.30E+05	0.01199197
4.00E+05	0.01028287
4.20E+05	0.009417673
4.40E+05	0.009048498
4.70E+05	0.008585469
4.92E+05	0.008287802
5.50E+05	0.007698393
5.73E+05	0.007148375
6.00E+05	0.006731452
6.70E+05	0.006081166
6.79E+05	0.005777549
7.50E+05	0.005643661
8.20E+05	0.005341614
8.61E+05	0.005072685
8.75E+05	0.005014182
9.00E+05	0.004997164
9.20E+05	0.00499934
1.01E+06	0.004964461
1.10E+06	0.004655871
1.20E+06	0.004519707
1.25E+06	0.004386878
1.32E+06	0.004310124
1.36E+06	0.004255855
1.40E+06	0.004213483
1.50E+06	0.004148038
1.85E+06	0.003832965
2.35E+06	0.002882843
2.48E+06	0.002137898
3.00E+06	0.001700813
4.30E+06	0.001008604
4.80E+06	0.000554654
6.43E+06	0.000361529
8.19E+06	0.000123148
1.00E+07	6.26E-05
1.28E+07	0.000100079
1.38E+07	9.34E-05
1.46E+07	7.34E-05
1.57E+07	5.23E-05
1.73E+07	2.57E-05
2.00E+07	1.02E-05
