0.000E+00
0.000E+00
0.000E+00
1.004E+00
1.004E+00
9.970E-01
1.005E+00
1.001E+00
1.002E+00
1.001E+00
1.000E+00
1.001E+00
1.001E+00
1.003E+00
1.003E+00
1.003E+00
1.005E+00
1.004E+00
1.003E+00
1.002E+00
1.004E+00
1.002E+00
1.003E+00
1.004E+00
1.002E+00
1.006E+00
1.005E+00
1.002E+00
1.002E+00
1.001E+00
1.005E+00
1.006E+00
1.004E+00
1.005E+00
1.004E+00
1.006E+00
1.006E+00
1.007E+00
1.003E+00
1.004E+00
1.003E+00
1.003E+00
1.001E+00
1.003E+00
1.006E+00
1.006E+00
9.961E-01
9.937E-01
1.003E+00
1.001E+00
1.001E+00
1.003E+00
1.001E+00
9.966E-01
1.004E+00
9.987E-01
1.001E+00
1.003E+00
1.003E+00
1.007E+00
9.100E-01
1.005E+00
9.973E-01
9.821E-01
9.846E-01
1.034E+00
1.034E+00
1.049E+00
9.702E-01
1.030E+00
1.010E+00
1.013E+00
1.005E+00
9.100E-01
9.946E-01
9.913E-01
9.679E-01
1.007E+00
1.076E+00
9.624E-01
9.904E-01
9.609E-01
1.063E+00
1.161E+00
9.968E-01
1.021E+00
1.058E+00
1.136E+00
1.042E+00
9.664E-01
9.799E-01
1.011E+00
1.058E+00
1.041E+00
9.986E-01
1.097E+00
9.836E-01
9.305E-01
1.085E+00
1.035E+00
9.867E-01
1.244E+00
6.689E-01
9.312E-01
9.510E-01
1.044E+00
1.019E+00
1.005E+00
1.103E+00
1.017E+00
1.568E+00
9.727E-01
1.049E+00
1.011E+00
1.549E+00
1.020E+00
9.571E-01
1.008E+00
1.090E+00
9.905E-01
1.021E+00
1.044E+00
9.569E-01
1.045E+00
1.081E+00
1.040E+00
1.013E+00
9.495E-01
1.005E+00
1.031E+00
9.992E-01
9.374E-01
9.668E-01
1.167E+00
8.226E-01
1.021E+00
1.035E+00
1.013E+00
1.042E+00
1.169E+00
1.137E+00
9.094E-01
1.056E+00
9.955E-01
1.060E+00
9.720E-01
1.018E+00
1.212E+00
1.012E+00
6.276E-01
1.272E+00
1.144E+00
1.100E+00
1.123E+00
6.846E-01
6.689E-02
4.042E-01
8.403E-01
6.058E-01
9.228E-01
1.077E+00
7.784E-01
1.093E+00
2.724E+00
1.031E+00
7.694E-01
1.016E+00
1.047E+00
1.014E+00
3.201E+00
9.997E-01
9.724E-01
3.899E-01
1.086E+00
1.281E+00
1.000E+00
1.000E+00
1.000E+00
1.000E+00
1.000E+00
1.000E+00
1.000E+00
1.000E+00
1.000E+00
1.000E+00
1.000E+00
1.000E+00
1.000E+00
1.000E+00
1.000E+00
1.000E+00
1.000E+00
1.000E+00
1.000E+00
1.000E+00
1.000E+00
1.000E+00
1.000E+00
1.000E+00
1.000E+00
1.000E+00
1.000E+00
1.000E+00
1.000E+00
1.000E+00
1.000E+00
1.000E+00
1.000E+00
1.000E+00
1.000E+00
1.000E+00
1.000E+00
1.000E+00
1.000E+00
1.000E+00
1.000E+00
1.000E+00
1.000E+00
1.000E+00
1.000E+00
1.000E+00
1.000E+00
1.000E+00
1.000E+00
1.000E+00
1.000E+00
1.000E+00
1.000E+00
1.000E+00
1.000E+00
1.000E+00
1.000E+00
1.000E+00
1.000E+00
1.000E+00
1.000E+00
1.000E+00
1.000E+00
1.000E+00
1.000E+00
1.000E+00
1.000E+00
1.000E+00
1.000E+00
1.000E+00
1.000E+00
1.000E+00
1.000E+00
1.000E+00
1.000E+00
1.000E+00
1.000E+00
