eV 
1.242980e+07	0		                    0        
1.260000e+07	4.222126e-05	
1.265000e+07	6.57786e-05		
1.270000e+07	9.088581e-05	
1.280000e+07	0.0001459622	
1.284000e+07						    9.99495e-06
1.290000e+07	0.000207854		
1.300000e+07	0.000276906		
1.310000e+07	0.0003533799	
1.320000e+07	0.0004374333	
1.330000e+07	0.0005290951	
1.340000e+07	0.0006282405	
1.350000e+07	0.0007345827	
1.360000e+07	0.0008476439	
1.370000e+07	0.0009667818	
1.380000e+07	0.001091164		
1.384000e+07      						0.0005983902	
1.390000e+07	0.001219814		
1.410000e+07	0.001485403		
1.440000e+07	0.00188623		
1.455000e+07							0.001611881	
1.460000e+07	0.002141544		
1.470000e+07	0.002262775		
1.480000e+07	0.002378805		
1.490000e+07	0.002489175		
1.500000e+07	0.002593581		
1.510000e+07	0.002691886		
1.520000e+07	0.002784082		
1.530000e+07	0.002870296		
1.550000e+07	0.003025705		
1.568000e+07							0.002673682	
1.570000e+07	0.003160646		
1.590000e+07	0.003278233		
1.620000e+07	0.003429179		
1.660000e+07	0.00359831		
1.730000e+07	0.003854324		
1.733000e+07							0.003541085	
1.840000e+07	0.004253411		
2.000000e+07							0.004363367	
2.020000e+07	0.004958323		