         1e-10            4
          1e-9            3
          1e-8            2
        1.5e-8            1
       2.53e-8          0.8
          5e-8          1.3
        7.5e-8          1.4
          1e-7          1.7
          1e-6          2.6
        2.6e-6          3.7
          1e-5          7.5
       2.25e-5            8
        7.5e-5         11.5
       0.00015          9.3
       0.00027          5.2
       0.00052          6.6
        0.0011          5.3
       0.00195          3.3
        0.0032          6.9
         0.005          5.8
        0.0066          5.4
        0.0076          9.3
        0.0089          7.5
        0.0119         13.9
         0.017          8.3
        0.0225          8.4
        0.0275          8.7
        0.0325          7.9
        0.0375         11.7
         0.045          9.2
        0.0565          9.5
        0.0655          9.5
         0.072          9.5
         0.083          9.5
         0.096          9.5
         0.108          9.5
        0.1195            0
         0.125      23.8461
       0.14219      23.3409
       0.17901      24.2762
       0.22536      24.6976
       0.28371      24.7102
       0.35717      25.1064
       0.44965      25.2812
       0.56607      25.7752
       0.71264      25.8062
       0.89716      27.3008
        1.1295      30.1289
        1.4219      33.4453
        1.7901      36.1313
        2.2536      43.2947
        2.8371       50.574
        3.5717      75.1826
        4.4965      140.471
        5.6607       211.02
        7.1264      263.992
        8.9716      218.474
        11.295      182.999
        14.219      125.954
        17.901      77.2911
        22.536      57.0559
