   E (MeV)	Unadj. F×Eavg	Adj. F×Eavg
 6.30000E-07	 9.66845E-13	 9.53808E-13
 9.20000E-06	 9.66845E-13	 9.53808E-13
 9.20000E-06	 6.46234E-11	 6.37520E-11
 1.35000E-05	 6.46234E-11	 6.37520E-11
 1.35000E-05	 2.54223E-10	 2.50795E-10
 2.10000E-05	 2.54223E-10	 2.50795E-10
 2.10000E-05	 2.99725E-10	 2.95683E-10
 3.00000E-05	 2.99725E-10	 2.95683E-10
 3.00000E-05	 5.30165E-10	 5.23016E-10
 4.50000E-05	 5.30165E-10	 5.23016E-10
 4.50000E-05	 2.77814E-09	 2.74068E-09
 6.90000E-05	 2.77814E-09	 2.74068E-09
 6.90000E-05	 8.00005E-09	 8.33956E-09
 1.00000E-04	 8.00005E-09	 8.33956E-09
 1.00000E-04	 1.02648E-08	 1.12731E-08
 1.35000E-04	 1.02648E-08	 1.12731E-08
 1.35000E-04	 1.08551E-08	 1.18131E-08
 1.70000E-04	 1.08551E-08	 1.18131E-08
 1.70000E-04	 1.21215E-08	 1.30804E-08
 2.20000E-04	 1.21215E-08	 1.30804E-08
 2.20000E-04	 1.60073E-08	 1.71158E-08
 2.80000E-04	 1.60073E-08	 1.71158E-08
 2.80000E-04	 2.40761E-08	 2.55148E-08
 3.60000E-04	 2.40761E-08	 2.55148E-08
 3.60000E-04	 2.34587E-08	 2.46560E-08
 4.50000E-04	 2.34587E-08	 2.46560E-08
 4.50000E-04	 2.68564E-08	 2.80158E-08
 5.75000E-04	 2.68564E-08	 2.80158E-08
 5.75000E-04	 3.26984E-08	 3.38529E-08
 7.60000E-04	 3.26984E-08	 3.38529E-08
 7.60000E-04	 3.22549E-08	 3.31789E-08
 9.60000E-04	 3.22549E-08	 3.31789E-08
 9.60000E-04	 3.92772E-08	 4.02007E-08
 1.27500E-03	 3.92772E-08	 4.02007E-08
 1.27500E-03	 4.88867E-08	 4.98483E-08
 1.60000E-03	 4.88867E-08	 4.98483E-08
 1.60000E-03	 5.76149E-08	 5.85992E-08
 2.00000E-03	 5.76149E-08	 5.85992E-08
 2.00000E-03	 7.61426E-08	 7.72499E-08
 2.70000E-03	 7.61426E-08	 7.72499E-08
 2.70000E-03	 1.02271E-07	 1.03538E-07
 3.40000E-03	 1.02271E-07	 1.03538E-07
 3.40000E-03	 1.45693E-07	 1.47265E-07
 4.50000E-03	 1.45693E-07	 1.47265E-07
 4.50000E-03	 1.96417E-07	 1.98297E-07
 5.50000E-03	 1.96417E-07	 1.98297E-07
 5.50000E-03	 2.63629E-07	 2.65900E-07
 7.20000E-03	 2.63629E-07	 2.65900E-07
 7.20000E-03	 3.96683E-07	 3.99638E-07
 9.20000E-03	 3.96683E-07	 3.99638E-07
 9.20000E-03	 7.12195E-07	 7.16712E-07
 1.20000E-02	 7.12195E-07	 7.16712E-07
 1.20000E-02	 8.87875E-07	 8.92580E-07
 1.50000E-02	 8.87875E-07	 8.92580E-07
 1.50000E-02	 1.09641E-06	 1.10118E-06
 1.90000E-02	 1.09641E-06	 1.10118E-06
 1.90000E-02	 1.66673E-06	 1.67179E-06
 2.55000E-02	 1.66673E-06	 1.67179E-06
 2.55000E-02	 3.47396E-06	 3.47984E-06
 3.20000E-02	 3.47396E-06	 3.47984E-06
 3.20000E-02	 2.41140E-06	 2.41282E-06
 4.00000E-02	 2.41140E-06	 2.41282E-06
 4.00000E-02	 4.23466E-06	 4.23175E-06
 5.25000E-02	 4.23466E-06	 4.23175E-06
 5.25000E-02	 6.32989E-06	 6.31725E-06
 6.60000E-02	 6.32989E-06	 6.31725E-06
 6.60000E-02	 1.02109E-05	 1.01773E-05
 8.80000E-02	 1.02109E-05	 1.01773E-05
 8.80000E-02	 1.01088E-05	 1.00633E-05
 1.10000E-01	 1.01088E-05	 1.00633E-05
 1.10000E-01	 1.78057E-05	 1.77093E-05
 1.35000E-01	 1.78057E-05	 1.77093E-05
 1.35000E-01	 1.71666E-05	 1.70606E-05
 1.60000E-01	 1.71666E-05	 1.70606E-05
 1.60000E-01	 2.19069E-05	 2.17567E-05
 1.90000E-01	 2.19069E-05	 2.17567E-05
 1.90000E-01	 2.33700E-05	 2.31952E-05
 2.20000E-01	 2.33700E-05	 2.31952E-05
 2.20000E-01	 2.77413E-05	 2.75183E-05
 2.55000E-01	 2.77413E-05	 2.75183E-05
 2.55000E-01	 3.45766E-05	 3.42813E-05
 2.90000E-01	 3.45766E-05	 3.42813E-05
 2.90000E-01	 3.43509E-05	 3.40434E-05
 3.20000E-01	 3.43509E-05	 3.40434E-05
 3.20000E-01	 4.09293E-05	 4.05478E-05
 3.60000E-01	 4.09293E-05	 4.05478E-05
 3.60000E-01	 4.38775E-05	 4.34535E-05
 4.00000E-01	 4.38775E-05	 4.34535E-05
 4.00000E-01	 4.39715E-05	 4.35332E-05
 4.50000E-01	 4.39715E-05	 4.35332E-05
 4.50000E-01	 5.02996E-05	 4.97843E-05
 5.00000E-01	 5.02996E-05	 4.97843E-05
 5.00000E-01	 5.30686E-05	 5.25126E-05
 5.50000E-01	 5.30686E-05	 5.25126E-05
 5.50000E-01	 5.68419E-05	 5.62349E-05
 6.00000E-01	 5.68419E-05	 5.62349E-05
 6.00000E-01	 5.93268E-05	 5.86820E-05
 6.60000E-01	 5.93268E-05	 5.86820E-05
 6.60000E-01	 6.51560E-05	 6.44362E-05
 7.20000E-01	 6.51560E-05	 6.44362E-05
 7.20000E-01	 6.93246E-05	 6.85472E-05
 7.80000E-01	 6.93246E-05	 6.85472E-05
 7.80000E-01	 6.51051E-05	 6.43645E-05
 8.40000E-01	 6.51051E-05	 6.43645E-05
 8.40000E-01	 6.95209E-05	 6.87184E-05
 9.20000E-01	 6.95209E-05	 6.87184E-05
 9.20000E-01	 7.00476E-05	 6.92268E-05
 1.00000E+00	 7.00476E-05	 6.92268E-05
 1.00000E+00	 6.73376E-05	 6.65346E-05
 1.20000E+00	 6.73376E-05	 6.65346E-05
 1.20000E+00	 6.35853E-05	 6.28129E-05
 1.40000E+00	 6.35853E-05	 6.28129E-05
 1.40000E+00	 6.24413E-05	 6.16705E-05
 1.60000E+00	 6.24413E-05	 6.16705E-05
 1.60000E+00	 5.86197E-05	 5.78858E-05
 1.80000E+00	 5.86197E-05	 5.78858E-05
 1.80000E+00	 5.53267E-05	 5.46251E-05
 2.00000E+00	 5.53267E-05	 5.46251E-05
 2.00000E+00	 4.91786E-05	 4.85476E-05
 2.30000E+00	 4.91786E-05	 4.85476E-05
 2.30000E+00	 4.45757E-05	 4.39975E-05
 2.60000E+00	 4.45757E-05	 4.39975E-05
 2.60000E+00	 3.67541E-05	 3.62729E-05
 2.90000E+00	 3.67541E-05	 3.62729E-05
 2.90000E+00	 3.05081E-05	 3.01054E-05
 3.30000E+00	 3.05081E-05	 3.01054E-05
 3.30000E+00	 2.58054E-05	 2.54624E-05
 3.70000E+00	 2.58054E-05	 2.54624E-05
 3.70000E+00	 2.20174E-05	 2.17230E-05
 4.10000E+00	 2.20174E-05	 2.17230E-05
 4.10000E+00	 1.94285E-05	 1.91673E-05
 4.50000E+00	 1.94285E-05	 1.91673E-05
 4.50000E+00	 1.66952E-05	 1.64697E-05
 5.00000E+00	 1.66952E-05	 1.64697E-05
 5.00000E+00	 1.44070E-05	 1.42116E-05
 5.50000E+00	 1.44070E-05	 1.42116E-05
 5.50000E+00	 1.34226E-05	 1.32399E-05
 6.00000E+00	 1.34226E-05	 1.32399E-05
 6.00000E+00	 1.28048E-05	 1.26299E-05
 6.70000E+00	 1.28048E-05	 1.26299E-05
 6.70000E+00	 1.15028E-05	 1.13453E-05
 7.40000E+00	 1.15028E-05	 1.13453E-05
 7.40000E+00	 1.05529E-05	 1.04080E-05
 8.20000E+00	 1.05529E-05	 1.04080E-05
 8.20000E+00	 1.03694E-05	 1.02267E-05
 9.00000E+00	 1.03694E-05	 1.02267E-05
 9.00000E+00	 1.15685E-05	 1.14090E-05
 1.00000E+01	 1.15685E-05	 1.14090E-05
 1.00000E+01	 1.34138E-05	 1.32285E-05
 1.10000E+01	 1.34138E-05	 1.32285E-05
 1.10000E+01	 1.33611E-05	 1.31764E-05
 1.20000E+01	 1.33611E-05	 1.31764E-05
 1.20000E+01	 1.78185E-05	 1.75721E-05
 1.30000E+01	 1.78185E-05	 1.75721E-05
 1.30000E+01	 2.03239E-04	 2.00429E-04
 1.40000E+01	 2.03239E-04	 2.00429E-04
 1.40000E+01	 1.66967E-04	 1.64660E-04
 1.50000E+01	 1.66967E-04	 1.64660E-04
 1.50000E+01	 6.63516E-08	 6.54359E-08
 1.60000E+01	 6.63516E-08	 6.54359E-08
 1.60000E+01	 1.26012E-08	 1.24276E-08
 1.70000E+01	 1.26012E-08	 1.24276E-08
 1.70000E+01	 5.83332E-09	 5.75310E-09
 1.80000E+01	 5.83332E-09	 5.75310E-09
 1.80000E+01	 2.59948E-09	 2.56381E-09
 1.90000E+01	 2.59948E-09	 2.56381E-09
 1.90000E+01	 1.76553E-09	 1.74136E-09
 2.00000E+01	 1.76553E-09	 1.74136E-09
