NIF_RUN_1
 2 0 0 1  1.0000E+00 1.0000E+00
  100    1
 1.000E-10 1.000E-09 1.000E-08 2.300E-08 5.000E-08 7.600E-08 1.150E-07 1.700E-07
 2.550E-07 3.800E-07 5.500E-07 8.400E-07 1.275E-06 1.900E-06 2.800E-06 4.250E-06
 6.300E-06 9.200E-06 1.350E-05 2.100E-05 3.000E-05 4.500E-05 6.900E-05 1.000E-04
 1.350E-04 1.700E-04 2.200E-04 2.800E-04 3.600E-04 4.500E-04 5.750E-04 7.600E-04
 9.600E-04 1.275E-03 1.600E-03 2.000E-03 2.700E-03 3.400E-03 4.500E-03 5.500E-03
 7.200E-03 9.200E-03 1.200E-02 1.500E-02 1.900E-02 2.550E-02 3.200E-02 4.000E-02
 5.250E-02 6.600E-02 8.800E-02 1.100E-01 1.350E-01 1.600E-01 1.900E-01 2.200E-01
 2.550E-01 2.900E-01 3.200E-01 3.600E-01 4.000E-01 4.500E-01 5.000E-01 5.500E-01
 6.000E-01 6.600E-01 7.200E-01 7.800E-01 8.400E-01 9.200E-01 1.000E+00 1.200E+00
 1.400E+00 1.600E+00 1.800E+00 2.000E+00 2.300E+00 2.600E+00 2.900E+00 3.300E+00
 3.700E+00 4.100E+00 4.500E+00 5.000E+00 5.500E+00 6.000E+00 6.700E+00 7.400E+00
 8.200E+00 9.000E+00 1.000E+01 1.100E+01 1.200E+01 1.300E+01 1.400E+01 1.500E+01
 1.600E+01 1.700E+01 1.800E+01 1.900E+01 2.000E+01
 0.000E+00 0.000E+00 0.000E+00 0.000E+00 0.000E+00 0.000E+00 0.000E+00 0.000E+00
 0.000E+00 0.000E+00 0.000E+00 0.000E+00 0.000E+00 0.000E+00 0.000E+00 0.000E+00
 1.231E-07 5.617E-06 1.454E-05 1.160E-05 1.395E-05 4.808E-05 9.869E-05 9.594E-05
 7.746E-05 6.708E-05 6.846E-05 7.973E-05 6.088E-05 5.466E-05 5.072E-05 3.858E-05
 3.597E-05 3.468E-05 3.256E-05 3.287E-05 3.395E-05 3.728E-05 3.966E-05 4.187E-05
 4.874E-05 6.761E-05 6.612E-05 6.478E-05 7.514E-05 1.210E-04 6.702E-05 9.150E-05
 1.066E-04 1.322E-04 1.016E-04 1.446E-04 1.157E-04 1.243E-04 1.131E-04 1.159E-04
 1.258E-04 1.116E-04 1.193E-04 1.144E-04 1.024E-04 1.048E-04 1.000E-04 9.780E-05
 9.315E-05 9.339E-05 9.140E-05 7.946E-05 7.809E-05 7.211E-05 6.049E-05 4.832E-05
 4.111E-05 3.405E-05 2.875E-05 2.258E-05 1.796E-05 1.319E-05 9.711E-06 7.275E-06
 5.570E-06 4.458E-06 3.467E-06 2.707E-06 2.303E-06 1.989E-06 1.609E-06 1.334E-06
 1.189E-06 1.201E-06 1.260E-06 1.146E-06 1.406E-06 1.485E-05 1.136E-05 4.222E-09
 7.532E-10 3.287E-10 1.386E-10 8.930E-11
 4.288E-04 4.288E-04 4.288E-04 4.288E-04 4.288E-04 4.288E-04 4.288E-04 4.288E-04
 4.288E-04 4.288E-04 4.288E-04 4.288E-04 4.288E-04 4.288E-04 4.288E-04 4.288E-04
 4.288E-04 4.288E-04 4.288E-04 4.288E-04 4.288E-04 4.288E-04 4.125E-04 3.944E-04
 3.958E-04 3.974E-04 3.997E-04 4.024E-04 4.053E-04 4.083E-04 4.117E-04 4.150E-04
 4.179E-04 4.204E-04 4.226E-04 4.247E-04 4.265E-04 4.279E-04 4.291E-04 4.301E-04
 4.308E-04 4.313E-04 4.316E-04 4.318E-04 4.318E-04 4.317E-04 4.316E-04 4.314E-04
 4.312E-04 4.309E-04 4.307E-04 4.305E-04 4.303E-04 4.302E-04 4.300E-04 4.299E-04
 4.298E-04 4.297E-04 4.297E-04 4.296E-04 4.295E-04 4.295E-04 4.294E-04 4.294E-04
 4.293E-04 4.292E-04 4.292E-04 4.291E-04 4.290E-04 4.289E-04 4.289E-04 4.288E-04
 4.287E-04 4.287E-04 4.286E-04 4.285E-04 4.285E-04 4.285E-04 4.284E-04 4.284E-04
 4.284E-04 4.283E-04 4.283E-04 4.282E-04 4.282E-04 4.282E-04 4.281E-04 4.281E-04
 4.280E-04 4.280E-04 4.280E-04 4.280E-04 4.280E-04 4.280E-04 4.281E-04 4.281E-04
 4.282E-04 4.282E-04 4.283E-04 4.284E-04
 4.288E-04 4.288E-04 4.288E-04 4.288E-04 4.288E-04 4.288E-04 4.288E-04 4.288E-04
 4.288E-04 4.288E-04 4.288E-04 4.288E-04 4.288E-04 4.288E-04 4.288E-04 4.288E-04
 4.288E-04 4.288E-04 4.288E-04 4.288E-04 4.288E-04 4.125E-04 3.944E-04 3.958E-04
 3.974E-04 3.997E-04 4.024E-04 4.053E-04 4.083E-04 4.117E-04 4.150E-04 4.179E-04
 4.204E-04 4.226E-04 4.247E-04 4.265E-04 4.279E-04 4.291E-04 4.301E-04 4.308E-04
 4.313E-04 4.316E-04 4.318E-04 4.318E-04 4.317E-04 4.316E-04 4.314E-04 4.312E-04
 4.309E-04 4.307E-04 4.305E-04 4.303E-04 4.302E-04 4.300E-04 4.299E-04 4.298E-04
 4.297E-04 4.297E-04 4.296E-04 4.295E-04 4.295E-04 4.294E-04 4.294E-04 4.293E-04
 4.292E-04 4.292E-04 4.291E-04 4.290E-04 4.289E-04 4.289E-04 4.288E-04 4.287E-04
 4.287E-04 4.286E-04 4.285E-04 4.285E-04 4.285E-04 4.284E-04 4.284E-04 4.284E-04
 4.283E-04 4.283E-04 4.282E-04 4.282E-04 4.282E-04 4.281E-04 4.281E-04 4.280E-04
 4.280E-04 4.280E-04 4.280E-04 4.280E-04 4.280E-04 4.281E-04 4.281E-04 4.282E-04
 4.282E-04 4.283E-04 4.284E-04
 4.288E-04 4.288E-04 4.288E-04 4.288E-04 4.288E-04 4.288E-04 4.288E-04 4.288E-04
 4.288E-04 4.288E-04 4.288E-04 4.288E-04 4.288E-04 4.288E-04 4.288E-04 4.288E-04
 4.288E-04 4.288E-04 4.288E-04 4.288E-04 4.125E-04 3.944E-04 3.958E-04 3.974E-04
 3.997E-04 4.024E-04 4.053E-04 4.083E-04 4.117E-04 4.150E-04 4.179E-04 4.204E-04
 4.226E-04 4.247E-04 4.265E-04 4.279E-04 4.291E-04 4.301E-04 4.308E-04 4.313E-04
 4.316E-04 4.318E-04 4.318E-04 4.317E-04 4.316E-04 4.314E-04 4.312E-04 4.309E-04
 4.307E-04 4.305E-04 4.303E-04 4.302E-04 4.300E-04 4.299E-04 4.298E-04 4.297E-04
 4.297E-04 4.296E-04 4.295E-04 4.295E-04 4.294E-04 4.294E-04 4.293E-04 4.292E-04
 4.292E-04 4.291E-04 4.290E-04 4.289E-04 4.289E-04 4.288E-04 4.287E-04 4.287E-04
 4.286E-04 4.285E-04 4.285E-04 4.285E-04 4.284E-04 4.284E-04 4.284E-04 4.283E-04
 4.283E-04 4.282E-04 4.282E-04 4.282E-04 4.281E-04 4.281E-04 4.280E-04 4.280E-04
 4.280E-04 4.280E-04 4.280E-04 4.280E-04 4.281E-04 4.281E-04 4.282E-04 4.282E-04
 4.283E-04 4.284E-04
 4.288E-04 4.288E-04 4.288E-04 4.288E-04 4.288E-04 4.288E-04 4.288E-04 4.288E-04
 4.288E-04 4.288E-04 4.288E-04 4.288E-04 4.288E-04 4.288E-04 4.288E-04 4.288E-04
 4.288E-04 4.288E-04 4.288E-04 4.125E-04 3.944E-04 3.958E-04 3.974E-04 3.997E-04
 4.024E-04 4.053E-04 4.083E-04 4.117E-04 4.150E-04 4.179E-04 4.204E-04 4.226E-04
 4.247E-04 4.265E-04 4.279E-04 4.291E-04 4.301E-04 4.308E-04 4.313E-04 4.316E-04
 4.318E-04 4.318E-04 4.317E-04 4.316E-04 4.314E-04 4.312E-04 4.309E-04 4.307E-04
 4.305E-04 4.303E-04 4.302E-04 4.300E-04 4.299E-04 4.298E-04 4.297E-04 4.297E-04
 4.296E-04 4.295E-04 4.295E-04 4.294E-04 4.294E-04 4.293E-04 4.292E-04 4.292E-04
 4.291E-04 4.290E-04 4.289E-04 4.289E-04 4.288E-04 4.287E-04 4.287E-04 4.286E-04
 4.285E-04 4.285E-04 4.285E-04 4.284E-04 4.284E-04 4.284E-04 4.283E-04 4.283E-04
 4.282E-04 4.282E-04 4.282E-04 4.281E-04 4.281E-04 4.280E-04 4.280E-04 4.280E-04
 4.280E-04 4.280E-04 4.280E-04 4.281E-04 4.281E-04 4.282E-04 4.282E-04 4.283E-04
 4.284E-04
 4.288E-04 4.288E-04 4.288E-04 4.288E-04 4.288E-04 4.288E-04 4.288E-04 4.288E-04
 4.288E-04 4.288E-04 4.288E-04 4.288E-04 4.288E-04 4.288E-04 4.288E-04 4.288E-04
 4.288E-04 4.288E-04 4.125E-04 3.944E-04 3.958E-04 3.974E-04 3.997E-04 4.024E-04
 4.053E-04 4.083E-04 4.117E-04 4.150E-04 4.179E-04 4.204E-04 4.226E-04 4.247E-04
 4.265E-04 4.279E-04 4.291E-04 4.301E-04 4.308E-04 4.313E-04 4.316E-04 4.318E-04
 4.318E-04 4.317E-04 4.316E-04 4.314E-04 4.312E-04 4.309E-04 4.307E-04 4.305E-04
 4.303E-04 4.302E-04 4.300E-04 4.299E-04 4.298E-04 4.297E-04 4.297E-04 4.296E-04
 4.295E-04 4.295E-04 4.294E-04 4.294E-04 4.293E-04 4.292E-04 4.292E-04 4.291E-04
 4.290E-04 4.289E-04 4.289E-04 4.288E-04 4.287E-04 4.287E-04 4.286E-04 4.285E-04
 4.285E-04 4.285E-04 4.284E-04 4.284E-04 4.284E-04 4.283E-04 4.283E-04 4.282E-04
 4.282E-04 4.282E-04 4.281E-04 4.281E-04 4.280E-04 4.280E-04 4.280E-04 4.280E-04
 4.280E-04 4.280E-04 4.281E-04 4.281E-04 4.282E-04 4.282E-04 4.283E-04 4.284E-04
 4.288E-04 4.288E-04 4.288E-04 4.288E-04 4.288E-04 4.288E-04 4.288E-04 4.288E-04
 4.288E-04 4.288E-04 4.288E-04 4.288E-04 4.288E-04 4.288E-04 4.288E-04 4.288E-04
 4.288E-04 4.125E-04 3.944E-04 3.958E-04 3.974E-04 3.997E-04 4.024E-04 4.053E-04
 4.083E-04 4.117E-04 4.150E-04 4.179E-04 4.204E-04 4.226E-04 4.247E-04 4.265E-04
 4.279E-04 4.291E-04 4.301E-04 4.308E-04 4.313E-04 4.316E-04 4.318E-04 4.318E-04
 4.317E-04 4.316E-04 4.314E-04 4.312E-04 4.309E-04 4.307E-04 4.305E-04 4.303E-04
 4.302E-04 4.300E-04 4.299E-04 4.298E-04 4.297E-04 4.297E-04 4.296E-04 4.295E-04
 4.295E-04 4.294E-04 4.294E-04 4.293E-04 4.292E-04 4.292E-04 4.291E-04 4.290E-04
 4.289E-04 4.289E-04 4.288E-04 4.287E-04 4.287E-04 4.286E-04 4.285E-04 4.285E-04
 4.285E-04 4.284E-04 4.284E-04 4.284E-04 4.283E-04 4.283E-04 4.282E-04 4.282E-04
 4.282E-04 4.281E-04 4.281E-04 4.280E-04 4.280E-04 4.280E-04 4.280E-04 4.280E-04
 4.280E-04 4.281E-04 4.281E-04 4.282E-04 4.282E-04 4.283E-04 4.284E-04
 4.288E-04 4.288E-04 4.288E-04 4.288E-04 4.288E-04 4.288E-04 4.288E-04 4.288E-04
 4.288E-04 4.288E-04 4.288E-04 4.288E-04 4.288E-04 4.288E-04 4.288E-04 4.288E-04
 4.125E-04 3.944E-04 3.958E-04 3.974E-04 3.997E-04 4.024E-04 4.053E-04 4.083E-04
 4.117E-04 4.150E-04 4.179E-04 4.204E-04 4.226E-04 4.247E-04 4.265E-04 4.279E-04
 4.291E-04 4.301E-04 4.308E-04 4.313E-04 4.316E-04 4.318E-04 4.318E-04 4.317E-04
 4.316E-04 4.314E-04 4.312E-04 4.309E-04 4.307E-04 4.305E-04 4.303E-04 4.302E-04
 4.300E-04 4.299E-04 4.298E-04 4.297E-04 4.297E-04 4.296E-04 4.295E-04 4.295E-04
 4.294E-04 4.294E-04 4.293E-04 4.292E-04 4.292E-04 4.291E-04 4.290E-04 4.289E-04
 4.289E-04 4.288E-04 4.287E-04 4.287E-04 4.286E-04 4.285E-04 4.285E-04 4.285E-04
 4.284E-04 4.284E-04 4.284E-04 4.283E-04 4.283E-04 4.282E-04 4.282E-04 4.282E-04
 4.281E-04 4.281E-04 4.280E-04 4.280E-04 4.280E-04 4.280E-04 4.280E-04 4.280E-04
 4.281E-04 4.281E-04 4.282E-04 4.282E-04 4.283E-04 4.284E-04
 4.288E-04 4.288E-04 4.288E-04 4.288E-04 4.288E-04 4.288E-04 4.288E-04 4.288E-04
 4.288E-04 4.288E-04 4.288E-04 4.288E-04 4.288E-04 4.288E-04 4.288E-04 4.125E-04
 3.944E-04 3.958E-04 3.974E-04 3.997E-04 4.024E-04 4.053E-04 4.083E-04 4.117E-04
 4.150E-04 4.179E-04 4.204E-04 4.226E-04 4.247E-04 4.265E-04 4.279E-04 4.291E-04
 4.301E-04 4.308E-04 4.313E-04 4.316E-04 4.318E-04 4.318E-04 4.317E-04 4.316E-04
 4.314E-04 4.312E-04 4.309E-04 4.307E-04 4.305E-04 4.303E-04 4.302E-04 4.300E-04
 4.299E-04 4.298E-04 4.297E-04 4.297E-04 4.296E-04 4.295E-04 4.295E-04 4.294E-04
 4.294E-04 4.293E-04 4.292E-04 4.292E-04 4.291E-04 4.290E-04 4.289E-04 4.289E-04
 4.288E-04 4.287E-04 4.287E-04 4.286E-04 4.285E-04 4.285E-04 4.285E-04 4.284E-04
 4.284E-04 4.284E-04 4.283E-04 4.283E-04 4.282E-04 4.282E-04 4.282E-04 4.281E-04
 4.281E-04 4.280E-04 4.280E-04 4.280E-04 4.280E-04 4.280E-04 4.280E-04 4.281E-04
 4.281E-04 4.282E-04 4.282E-04 4.283E-04 4.284E-04
 4.288E-04 4.288E-04 4.288E-04 4.288E-04 4.288E-04 4.288E-04 4.288E-04 4.288E-04
 4.288E-04 4.288E-04 4.288E-04 4.288E-04 4.288E-04 4.288E-04 4.125E-04 3.944E-04
 3.958E-04 3.974E-04 3.997E-04 4.024E-04 4.053E-04 4.083E-04 4.117E-04 4.150E-04
 4.179E-04 4.204E-04 4.226E-04 4.247E-04 4.265E-04 4.279E-04 4.291E-04 4.301E-04
 4.308E-04 4.313E-04 4.316E-04 4.318E-04 4.318E-04 4.317E-04 4.316E-04 4.314E-04
 4.312E-04 4.309E-04 4.307E-04 4.305E-04 4.303E-04 4.302E-04 4.300E-04 4.299E-04
 4.298E-04 4.297E-04 4.297E-04 4.296E-04 4.295E-04 4.295E-04 4.294E-04 4.294E-04
 4.293E-04 4.292E-04 4.292E-04 4.291E-04 4.290E-04 4.289E-04 4.289E-04 4.288E-04
 4.287E-04 4.287E-04 4.286E-04 4.285E-04 4.285E-04 4.285E-04 4.284E-04 4.284E-04
 4.284E-04 4.283E-04 4.283E-04 4.282E-04 4.282E-04 4.282E-04 4.281E-04 4.281E-04
 4.280E-04 4.280E-04 4.280E-04 4.280E-04 4.280E-04 4.280E-04 4.281E-04 4.281E-04
 4.282E-04 4.282E-04 4.283E-04 4.284E-04
 4.288E-04 4.288E-04 4.288E-04 4.288E-04 4.288E-04 4.288E-04 4.288E-04 4.288E-04
 4.288E-04 4.288E-04 4.288E-04 4.288E-04 4.288E-04 4.125E-04 3.944E-04 3.958E-04
 3.974E-04 3.997E-04 4.024E-04 4.053E-04 4.083E-04 4.117E-04 4.150E-04 4.179E-04
 4.204E-04 4.226E-04 4.247E-04 4.265E-04 4.279E-04 4.291E-04 4.301E-04 4.308E-04
 4.313E-04 4.316E-04 4.318E-04 4.318E-04 4.317E-04 4.316E-04 4.314E-04 4.312E-04
 4.309E-04 4.307E-04 4.305E-04 4.303E-04 4.302E-04 4.300E-04 4.299E-04 4.298E-04
 4.297E-04 4.297E-04 4.296E-04 4.295E-04 4.295E-04 4.294E-04 4.294E-04 4.293E-04
 4.292E-04 4.292E-04 4.291E-04 4.290E-04 4.289E-04 4.289E-04 4.288E-04 4.287E-04
 4.287E-04 4.286E-04 4.285E-04 4.285E-04 4.285E-04 4.284E-04 4.284E-04 4.284E-04
 4.283E-04 4.283E-04 4.282E-04 4.282E-04 4.282E-04 4.281E-04 4.281E-04 4.280E-04
 4.280E-04 4.280E-04 4.280E-04 4.280E-04 4.280E-04 4.281E-04 4.281E-04 4.282E-04
 4.282E-04 4.283E-04 4.284E-04
 4.288E-04 4.288E-04 4.288E-04 4.288E-04 4.288E-04 4.288E-04 4.288E-04 4.288E-04
 4.288E-04 4.288E-04 4.288E-04 4.288E-04 4.125E-04 3.944E-04 3.958E-04 3.974E-04
 3.997E-04 4.024E-04 4.053E-04 4.083E-04 4.117E-04 4.150E-04 4.179E-04 4.204E-04
 4.226E-04 4.247E-04 4.265E-04 4.279E-04 4.291E-04 4.301E-04 4.308E-04 4.313E-04
 4.316E-04 4.318E-04 4.318E-04 4.317E-04 4.316E-04 4.314E-04 4.312E-04 4.309E-04
 4.307E-04 4.305E-04 4.303E-04 4.302E-04 4.300E-04 4.299E-04 4.298E-04 4.297E-04
 4.297E-04 4.296E-04 4.295E-04 4.295E-04 4.294E-04 4.294E-04 4.293E-04 4.292E-04
 4.292E-04 4.291E-04 4.290E-04 4.289E-04 4.289E-04 4.288E-04 4.287E-04 4.287E-04
 4.286E-04 4.285E-04 4.285E-04 4.285E-04 4.284E-04 4.284E-04 4.284E-04 4.283E-04
 4.283E-04 4.282E-04 4.282E-04 4.282E-04 4.281E-04 4.281E-04 4.280E-04 4.280E-04
 4.280E-04 4.280E-04 4.280E-04 4.280E-04 4.281E-04 4.281E-04 4.282E-04 4.282E-04
 4.283E-04 4.284E-04
 4.288E-04 4.288E-04 4.288E-04 4.288E-04 4.288E-04 4.288E-04 4.288E-04 4.288E-04
 4.288E-04 4.288E-04 4.288E-04 4.125E-04 3.944E-04 3.958E-04 3.974E-04 3.997E-04
 4.024E-04 4.053E-04 4.083E-04 4.117E-04 4.150E-04 4.179E-04 4.204E-04 4.226E-04
 4.247E-04 4.265E-04 4.279E-04 4.291E-04 4.301E-04 4.308E-04 4.313E-04 4.316E-04
 4.318E-04 4.318E-04 4.317E-04 4.316E-04 4.314E-04 4.312E-04 4.309E-04 4.307E-04
 4.305E-04 4.303E-04 4.302E-04 4.300E-04 4.299E-04 4.298E-04 4.297E-04 4.297E-04
 4.296E-04 4.295E-04 4.295E-04 4.294E-04 4.294E-04 4.293E-04 4.292E-04 4.292E-04
 4.291E-04 4.290E-04 4.289E-04 4.289E-04 4.288E-04 4.287E-04 4.287E-04 4.286E-04
 4.285E-04 4.285E-04 4.285E-04 4.284E-04 4.284E-04 4.284E-04 4.283E-04 4.283E-04
 4.282E-04 4.282E-04 4.282E-04 4.281E-04 4.281E-04 4.280E-04 4.280E-04 4.280E-04
 4.280E-04 4.280E-04 4.280E-04 4.281E-04 4.281E-04 4.282E-04 4.282E-04 4.283E-04
 4.284E-04
 4.288E-04 4.288E-04 4.288E-04 4.288E-04 4.288E-04 4.288E-04 4.288E-04 4.288E-04
 4.288E-04 4.288E-04 4.125E-04 3.944E-04 3.958E-04 3.974E-04 3.997E-04 4.024E-04
 4.053E-04 4.083E-04 4.117E-04 4.150E-04 4.179E-04 4.204E-04 4.226E-04 4.247E-04
 4.265E-04 4.279E-04 4.291E-04 4.301E-04 4.308E-04 4.313E-04 4.316E-04 4.318E-04
 4.318E-04 4.317E-04 4.316E-04 4.314E-04 4.312E-04 4.309E-04 4.307E-04 4.305E-04
 4.303E-04 4.302E-04 4.300E-04 4.299E-04 4.298E-04 4.297E-04 4.297E-04 4.296E-04
 4.295E-04 4.295E-04 4.294E-04 4.294E-04 4.293E-04 4.292E-04 4.292E-04 4.291E-04
 4.290E-04 4.289E-04 4.289E-04 4.288E-04 4.287E-04 4.287E-04 4.286E-04 4.285E-04
 4.285E-04 4.285E-04 4.284E-04 4.284E-04 4.284E-04 4.283E-04 4.283E-04 4.282E-04
 4.282E-04 4.282E-04 4.281E-04 4.281E-04 4.280E-04 4.280E-04 4.280E-04 4.280E-04
 4.280E-04 4.280E-04 4.281E-04 4.281E-04 4.282E-04 4.282E-04 4.283E-04 4.284E-04
 4.288E-04 4.288E-04 4.288E-04 4.288E-04 4.288E-04 4.288E-04 4.288E-04 4.288E-04
 4.288E-04 4.125E-04 3.944E-04 3.958E-04 3.974E-04 3.997E-04 4.024E-04 4.053E-04
 4.083E-04 4.117E-04 4.150E-04 4.179E-04 4.204E-04 4.226E-04 4.247E-04 4.265E-04
 4.279E-04 4.291E-04 4.301E-04 4.308E-04 4.313E-04 4.316E-04 4.318E-04 4.318E-04
 4.317E-04 4.316E-04 4.314E-04 4.312E-04 4.309E-04 4.307E-04 4.305E-04 4.303E-04
 4.302E-04 4.300E-04 4.299E-04 4.298E-04 4.297E-04 4.297E-04 4.296E-04 4.295E-04
 4.295E-04 4.294E-04 4.294E-04 4.293E-04 4.292E-04 4.292E-04 4.291E-04 4.290E-04
 4.289E-04 4.289E-04 4.288E-04 4.287E-04 4.287E-04 4.286E-04 4.285E-04 4.285E-04
 4.285E-04 4.284E-04 4.284E-04 4.284E-04 4.283E-04 4.283E-04 4.282E-04 4.282E-04
 4.282E-04 4.281E-04 4.281E-04 4.280E-04 4.280E-04 4.280E-04 4.280E-04 4.280E-04
 4.280E-04 4.281E-04 4.281E-04 4.282E-04 4.282E-04 4.283E-04 4.284E-04
 4.288E-04 4.288E-04 4.288E-04 4.288E-04 4.288E-04 4.288E-04 4.288E-04 4.288E-04
 4.125E-04 3.944E-04 3.958E-04 3.974E-04 3.997E-04 4.024E-04 4.053E-04 4.083E-04
 4.117E-04 4.150E-04 4.179E-04 4.204E-04 4.226E-04 4.247E-04 4.265E-04 4.279E-04
 4.291E-04 4.301E-04 4.308E-04 4.313E-04 4.316E-04 4.318E-04 4.318E-04 4.317E-04
 4.316E-04 4.314E-04 4.312E-04 4.309E-04 4.307E-04 4.305E-04 4.303E-04 4.302E-04
 4.300E-04 4.299E-04 4.298E-04 4.297E-04 4.297E-04 4.296E-04 4.295E-04 4.295E-04
 4.294E-04 4.294E-04 4.293E-04 4.292E-04 4.292E-04 4.291E-04 4.290E-04 4.289E-04
 4.289E-04 4.288E-04 4.287E-04 4.287E-04 4.286E-04 4.285E-04 4.285E-04 4.285E-04
 4.284E-04 4.284E-04 4.284E-04 4.283E-04 4.283E-04 4.282E-04 4.282E-04 4.282E-04
 4.281E-04 4.281E-04 4.280E-04 4.280E-04 4.280E-04 4.280E-04 4.280E-04 4.280E-04
 4.281E-04 4.281E-04 4.282E-04 4.282E-04 4.283E-04 4.284E-04
 4.288E-04 4.288E-04 4.288E-04 4.288E-04 4.288E-04 4.288E-04 4.288E-04 4.125E-04
 3.944E-04 3.958E-04 3.974E-04 3.997E-04 4.024E-04 4.053E-04 4.083E-04 4.117E-04
 4.150E-04 4.179E-04 4.204E-04 4.226E-04 4.247E-04 4.265E-04 4.279E-04 4.291E-04
 4.301E-04 4.308E-04 4.313E-04 4.316E-04 4.318E-04 4.318E-04 4.317E-04 4.316E-04
 4.314E-04 4.312E-04 4.309E-04 4.307E-04 4.305E-04 4.303E-04 4.302E-04 4.300E-04
 4.299E-04 4.298E-04 4.297E-04 4.297E-04 4.296E-04 4.295E-04 4.295E-04 4.294E-04
 4.294E-04 4.293E-04 4.292E-04 4.292E-04 4.291E-04 4.290E-04 4.289E-04 4.289E-04
 4.288E-04 4.287E-04 4.287E-04 4.286E-04 4.285E-04 4.285E-04 4.285E-04 4.284E-04
 4.284E-04 4.284E-04 4.283E-04 4.283E-04 4.282E-04 4.282E-04 4.282E-04 4.281E-04
 4.281E-04 4.280E-04 4.280E-04 4.280E-04 4.280E-04 4.280E-04 4.280E-04 4.281E-04
 4.281E-04 4.282E-04 4.282E-04 4.283E-04 4.284E-04
 4.288E-04 4.288E-04 4.288E-04 4.288E-04 4.288E-04 4.288E-04 4.125E-04 3.944E-04
 3.958E-04 3.974E-04 3.997E-04 4.024E-04 4.053E-04 4.083E-04 4.117E-04 4.150E-04
 4.179E-04 4.204E-04 4.226E-04 4.247E-04 4.265E-04 4.279E-04 4.291E-04 4.301E-04
 4.308E-04 4.313E-04 4.316E-04 4.318E-04 4.318E-04 4.317E-04 4.316E-04 4.314E-04
 4.312E-04 4.309E-04 4.307E-04 4.305E-04 4.303E-04 4.302E-04 4.300E-04 4.299E-04
 4.298E-04 4.297E-04 4.297E-04 4.296E-04 4.295E-04 4.295E-04 4.294E-04 4.294E-04
 4.293E-04 4.292E-04 4.292E-04 4.291E-04 4.290E-04 4.289E-04 4.289E-04 4.288E-04
 4.287E-04 4.287E-04 4.286E-04 4.285E-04 4.285E-04 4.285E-04 4.284E-04 4.284E-04
 4.284E-04 4.283E-04 4.283E-04 4.282E-04 4.282E-04 4.282E-04 4.281E-04 4.281E-04
 4.280E-04 4.280E-04 4.280E-04 4.280E-04 4.280E-04 4.280E-04 4.281E-04 4.281E-04
 4.282E-04 4.282E-04 4.283E-04 4.284E-04
 4.288E-04 4.288E-04 4.288E-04 4.288E-04 4.288E-04 4.125E-04 3.944E-04 3.958E-04
 3.974E-04 3.997E-04 4.024E-04 4.053E-04 4.083E-04 4.117E-04 4.150E-04 4.179E-04
 4.204E-04 4.226E-04 4.247E-04 4.265E-04 4.279E-04 4.291E-04 4.301E-04 4.308E-04
 4.313E-04 4.316E-04 4.318E-04 4.318E-04 4.317E-04 4.316E-04 4.314E-04 4.312E-04
 4.309E-04 4.307E-04 4.305E-04 4.303E-04 4.302E-04 4.300E-04 4.299E-04 4.298E-04
 4.297E-04 4.297E-04 4.296E-04 4.295E-04 4.295E-04 4.294E-04 4.294E-04 4.293E-04
 4.292E-04 4.292E-04 4.291E-04 4.290E-04 4.289E-04 4.289E-04 4.288E-04 4.287E-04
 4.287E-04 4.286E-04 4.285E-04 4.285E-04 4.285E-04 4.284E-04 4.284E-04 4.284E-04
 4.283E-04 4.283E-04 4.282E-04 4.282E-04 4.282E-04 4.281E-04 4.281E-04 4.280E-04
 4.280E-04 4.280E-04 4.280E-04 4.280E-04 4.280E-04 4.281E-04 4.281E-04 4.282E-04
 4.282E-04 4.283E-04 4.284E-04
 4.288E-04 4.288E-04 4.288E-04 4.288E-04 4.125E-04 3.944E-04 3.958E-04 3.974E-04
 3.997E-04 4.024E-04 4.053E-04 4.083E-04 4.117E-04 4.150E-04 4.179E-04 4.204E-04
 4.226E-04 4.247E-04 4.265E-04 4.279E-04 4.291E-04 4.301E-04 4.308E-04 4.313E-04
 4.316E-04 4.318E-04 4.318E-04 4.317E-04 4.316E-04 4.314E-04 4.312E-04 4.309E-04
 4.307E-04 4.305E-04 4.303E-04 4.302E-04 4.300E-04 4.299E-04 4.298E-04 4.297E-04
 4.297E-04 4.296E-04 4.295E-04 4.295E-04 4.294E-04 4.294E-04 4.293E-04 4.292E-04
 4.292E-04 4.291E-04 4.290E-04 4.289E-04 4.289E-04 4.288E-04 4.287E-04 4.287E-04
 4.286E-04 4.285E-04 4.285E-04 4.285E-04 4.284E-04 4.284E-04 4.284E-04 4.283E-04
 4.283E-04 4.282E-04 4.282E-04 4.282E-04 4.281E-04 4.281E-04 4.280E-04 4.280E-04
 4.280E-04 4.280E-04 4.280E-04 4.280E-04 4.281E-04 4.281E-04 4.282E-04 4.282E-04
 4.283E-04 4.284E-04
 4.288E-04 4.288E-04 4.288E-04 4.125E-04 3.944E-04 3.958E-04 3.974E-04 3.997E-04
 4.024E-04 4.053E-04 4.083E-04 4.117E-04 4.150E-04 4.179E-04 4.204E-04 4.226E-04
 4.247E-04 4.265E-04 4.279E-04 4.291E-04 4.301E-04 4.308E-04 4.313E-04 4.316E-04
 4.318E-04 4.318E-04 4.317E-04 4.316E-04 4.314E-04 4.312E-04 4.309E-04 4.307E-04
 4.305E-04 4.303E-04 4.302E-04 4.300E-04 4.299E-04 4.298E-04 4.297E-04 4.297E-04
 4.296E-04 4.295E-04 4.295E-04 4.294E-04 4.294E-04 4.293E-04 4.292E-04 4.292E-04
 4.291E-04 4.290E-04 4.289E-04 4.289E-04 4.288E-04 4.287E-04 4.287E-04 4.286E-04
 4.285E-04 4.285E-04 4.285E-04 4.284E-04 4.284E-04 4.284E-04 4.283E-04 4.283E-04
 4.282E-04 4.282E-04 4.282E-04 4.281E-04 4.281E-04 4.280E-04 4.280E-04 4.280E-04
 4.280E-04 4.280E-04 4.280E-04 4.281E-04 4.281E-04 4.282E-04 4.282E-04 4.283E-04
 4.284E-04
 4.288E-04 4.288E-04 4.125E-04 3.944E-04 3.958E-04 3.974E-04 3.997E-04 4.024E-04
 4.053E-04 4.083E-04 4.117E-04 4.150E-04 4.179E-04 4.204E-04 4.226E-04 4.247E-04
 4.265E-04 4.279E-04 4.291E-04 4.301E-04 4.308E-04 4.313E-04 4.316E-04 4.318E-04
 4.318E-04 4.317E-04 4.316E-04 4.314E-04 4.312E-04 4.309E-04 4.307E-04 4.305E-04
 4.303E-04 4.302E-04 4.300E-04 4.299E-04 4.298E-04 4.297E-04 4.297E-04 4.296E-04
 4.295E-04 4.295E-04 4.294E-04 4.294E-04 4.293E-04 4.292E-04 4.292E-04 4.291E-04
 4.290E-04 4.289E-04 4.289E-04 4.288E-04 4.287E-04 4.287E-04 4.286E-04 4.285E-04
 4.285E-04 4.285E-04 4.284E-04 4.284E-04 4.284E-04 4.283E-04 4.283E-04 4.282E-04
 4.282E-04 4.282E-04 4.281E-04 4.281E-04 4.280E-04 4.280E-04 4.280E-04 4.280E-04
 4.280E-04 4.280E-04 4.281E-04 4.281E-04 4.282E-04 4.282E-04 4.283E-04 4.284E-04
 4.288E-04 4.125E-04 3.944E-04 3.958E-04 3.974E-04 3.997E-04 4.024E-04 4.053E-04
 4.083E-04 4.117E-04 4.150E-04 4.179E-04 4.204E-04 4.226E-04 4.247E-04 4.265E-04
 4.279E-04 4.291E-04 4.301E-04 4.308E-04 4.313E-04 4.316E-04 4.318E-04 4.318E-04
 4.317E-04 4.316E-04 4.314E-04 4.312E-04 4.309E-04 4.307E-04 4.305E-04 4.303E-04
 4.302E-04 4.300E-04 4.299E-04 4.298E-04 4.297E-04 4.297E-04 4.296E-04 4.295E-04
 4.295E-04 4.294E-04 4.294E-04 4.293E-04 4.292E-04 4.292E-04 4.291E-04 4.290E-04
 4.289E-04 4.289E-04 4.288E-04 4.287E-04 4.287E-04 4.286E-04 4.285E-04 4.285E-04
 4.285E-04 4.284E-04 4.284E-04 4.284E-04 4.283E-04 4.283E-04 4.282E-04 4.282E-04
 4.282E-04 4.281E-04 4.281E-04 4.280E-04 4.280E-04 4.280E-04 4.280E-04 4.280E-04
 4.280E-04 4.281E-04 4.281E-04 4.282E-04 4.282E-04 4.283E-04 4.284E-04
 4.094E-02 7.399E-02 6.088E-02 4.964E-02 3.937E-02 3.059E-02 2.334E-02 1.748E-02
 1.262E-02 8.963E-03 6.342E-03 4.489E-03 3.211E-03 2.268E-03 1.621E-03 1.197E-03
 9.232E-04 7.487E-04 6.350E-04 5.645E-04 5.213E-04 4.949E-04 4.767E-04 4.647E-04
 4.570E-04 4.507E-04 4.456E-04 4.412E-04 4.373E-04 4.347E-04 4.325E-04 4.305E-04
 4.287E-04 4.270E-04 4.254E-04 4.240E-04 4.226E-04 4.213E-04 4.201E-04 4.190E-04
 4.180E-04 4.170E-04 4.162E-04 4.154E-04 4.148E-04 4.142E-04 4.137E-04 4.132E-04
 4.129E-04 4.126E-04 4.123E-04 4.121E-04 4.120E-04 4.119E-04 4.119E-04 4.118E-04
 4.118E-04 4.118E-04 4.117E-04 4.117E-04 4.117E-04 4.116E-04 4.115E-04 4.115E-04
 4.114E-04 4.114E-04 4.113E-04 4.113E-04 4.113E-04 4.113E-04 4.113E-04 4.113E-04
 4.114E-04 4.115E-04 4.115E-04 4.116E-04 4.117E-04 4.118E-04
 1.373E-01 1.157E-01 9.659E-02 7.840E-02 6.230E-02 4.857E-02 3.711E-02 2.728E-02
 1.966E-02 1.406E-02 9.991E-03 7.116E-03 4.935E-03 3.396E-03 2.366E-03 1.685E-03
 1.242E-03 9.490E-04 7.651E-04 6.515E-04 5.820E-04 5.355E-04 5.054E-04 4.868E-04
 4.725E-04 4.613E-04 4.520E-04 4.443E-04 4.385E-04 4.342E-04 4.302E-04 4.266E-04
 4.232E-04 4.200E-04 4.172E-04 4.145E-04 4.119E-04 4.095E-04 4.072E-04 4.051E-04
 4.033E-04 4.016E-04 4.001E-04 3.988E-04 3.977E-04 3.967E-04 3.959E-04 3.951E-04
 3.946E-04 3.942E-04 3.939E-04 3.936E-04 3.935E-04 3.934E-04 3.933E-04 3.933E-04
 3.933E-04 3.932E-04 3.932E-04 3.931E-04 3.931E-04 3.930E-04 3.929E-04 3.929E-04
 3.928E-04 3.927E-04 3.927E-04 3.926E-04 3.926E-04 3.927E-04 3.927E-04 3.928E-04
 3.929E-04 3.930E-04 3.932E-04 3.933E-04 3.935E-04
 9.989E-02 8.544E-02 7.105E-02 5.783E-02 4.618E-02 3.613E-02 2.718E-02 2.004E-02
 1.465E-02 1.063E-02 7.713E-03 5.436E-03 3.788E-03 2.656E-03 1.892E-03 1.383E-03
 1.040E-03 8.211E-04 6.845E-04 6.004E-04 5.447E-04 5.093E-04 4.878E-04 4.721E-04
 4.603E-04 4.509E-04 4.433E-04 4.379E-04 4.334E-04 4.297E-04 4.263E-04 4.231E-04
 4.201E-04 4.174E-04 4.149E-04 4.124E-04 4.101E-04 4.080E-04 4.060E-04 4.043E-04
 4.027E-04 4.013E-04 4.001E-04 3.990E-04 3.981E-04 3.973E-04 3.966E-04 3.961E-04
 3.957E-04 3.954E-04 3.952E-04 3.950E-04 3.949E-04 3.948E-04 3.948E-04 3.947E-04
 3.947E-04 3.947E-04 3.946E-04 3.945E-04 3.945E-04 3.944E-04 3.943E-04 3.942E-04
 3.942E-04 3.941E-04 3.941E-04 3.941E-04 3.941E-04 3.942E-04 3.942E-04 3.943E-04
 3.945E-04 3.946E-04 3.948E-04 3.949E-04
 7.488E-02 6.379E-02 5.318E-02 4.350E-02 3.485E-02 2.684E-02 2.025E-02 1.513E-02
 1.121E-02 8.304E-03 5.958E-03 4.212E-03 2.983E-03 2.132E-03 1.553E-03 1.154E-03
 8.940E-04 7.293E-04 6.268E-04 5.591E-04 5.165E-04 4.909E-04 4.730E-04 4.601E-04
 4.503E-04 4.426E-04 4.373E-04 4.331E-04 4.293E-04 4.261E-04 4.231E-04 4.203E-04
 4.178E-04 4.154E-04 4.131E-04 4.109E-04 4.089E-04 4.071E-04 4.055E-04 4.040E-04
 4.027E-04 4.015E-04 4.005E-04 3.997E-04 3.989E-04 3.983E-04 3.977E-04 3.974E-04
 3.971E-04 3.968E-04 3.967E-04 3.966E-04 3.965E-04 3.964E-04 3.964E-04 3.963E-04
 3.963E-04 3.962E-04 3.962E-04 3.961E-04 3.960E-04 3.959E-04 3.959E-04 3.958E-04
 3.958E-04 3.957E-04 3.957E-04 3.958E-04 3.958E-04 3.959E-04 3.960E-04 3.961E-04
 3.962E-04 3.964E-04 3.965E-04
 5.566E-02 4.754E-02 3.982E-02 3.267E-02 2.577E-02 1.990E-02 1.521E-02 1.153E-02
 8.716E-03 6.375E-03 4.584E-03 3.290E-03 2.371E-03 1.730E-03 1.277E-03 9.764E-04
 7.821E-04 6.592E-04 5.775E-04 5.263E-04 4.956E-04 4.747E-04 4.604E-04 4.499E-04
 4.421E-04 4.368E-04 4.328E-04 4.293E-04 4.261E-04 4.233E-04 4.208E-04 4.185E-04
 4.163E-04 4.142E-04 4.122E-04 4.104E-04 4.087E-04 4.072E-04 4.059E-04 4.047E-04
 4.036E-04 4.027E-04 4.019E-04 4.012E-04 4.006E-04 4.001E-04 3.997E-04 3.994E-04
 3.992E-04 3.991E-04 3.989E-04 3.989E-04 3.988E-04 3.988E-04 3.987E-04 3.987E-04
 3.986E-04 3.985E-04 3.985E-04 3.984E-04 3.983E-04 3.982E-04 3.982E-04 3.981E-04
 3.981E-04 3.981E-04 3.981E-04 3.982E-04 3.982E-04 3.983E-04 3.984E-04 3.986E-04
 3.987E-04 3.988E-04
 4.159E-02 3.568E-02 2.998E-02 2.421E-02 1.914E-02 1.498E-02 1.161E-02 8.971E-03
 6.698E-03 4.906E-03 3.577E-03 2.608E-03 1.915E-03 1.412E-03 1.070E-03 8.447E-04
 6.993E-04 6.016E-04 5.399E-04 5.028E-04 4.781E-04 4.616E-04 4.502E-04 4.420E-04
 4.366E-04 4.327E-04 4.294E-04 4.265E-04 4.238E-04 4.215E-04 4.194E-04 4.174E-04
 4.155E-04 4.137E-04 4.121E-04 4.106E-04 4.093E-04 4.080E-04 4.069E-04 4.060E-04
 4.051E-04 4.044E-04 4.038E-04 4.032E-04 4.028E-04 4.024E-04 4.022E-04 4.020E-04
 4.018E-04 4.017E-04 4.016E-04 4.016E-04 4.015E-04 4.015E-04 4.014E-04 4.014E-04
 4.013E-04 4.012E-04 4.011E-04 4.011E-04 4.010E-04 4.009E-04 4.009E-04 4.009E-04
 4.009E-04 4.009E-04 4.009E-04 4.010E-04 4.011E-04 4.012E-04 4.013E-04 4.014E-04
 4.016E-04
 3.136E-02 2.699E-02 2.232E-02 1.807E-02 1.447E-02 1.147E-02 9.068E-03 6.917E-03
 5.168E-03 3.835E-03 2.837E-03 2.103E-03 1.556E-03 1.175E-03 9.177E-04 7.482E-04
 6.324E-04 5.583E-04 5.133E-04 4.837E-04 4.643E-04 4.514E-04 4.425E-04 4.369E-04
 4.329E-04 4.297E-04 4.270E-04 4.246E-04 4.223E-04 4.205E-04 4.187E-04 4.171E-04
 4.155E-04 4.140E-04 4.126E-04 4.115E-04 4.104E-04 4.094E-04 4.085E-04 4.078E-04
 4.071E-04 4.065E-04 4.060E-04 4.056E-04 4.053E-04 4.051E-04 4.049E-04 4.047E-04
 4.046E-04 4.046E-04 4.045E-04 4.045E-04 4.044E-04 4.044E-04 4.043E-04 4.043E-04
 4.042E-04 4.041E-04 4.040E-04 4.040E-04 4.039E-04 4.039E-04 4.038E-04 4.038E-04
 4.039E-04 4.039E-04 4.040E-04 4.041E-04 4.042E-04 4.043E-04 4.044E-04 4.045E-04
 2.378E-02 2.015E-02 1.670E-02 1.369E-02 1.112E-02 8.988E-03 7.009E-03 5.347E-03
 4.045E-03 3.041E-03 2.284E-03 1.702E-03 1.287E-03 9.991E-04 8.053E-04 6.699E-04
 5.819E-04 5.277E-04 4.919E-04 4.688E-04 4.537E-04 4.437E-04 4.376E-04 4.334E-04
 4.302E-04 4.276E-04 4.254E-04 4.235E-04 4.217E-04 4.202E-04 4.187E-04 4.173E-04
 4.160E-04 4.148E-04 4.138E-04 4.128E-04 4.120E-04 4.112E-04 4.105E-04 4.100E-04
 4.094E-04 4.090E-04 4.086E-04 4.083E-04 4.081E-04 4.080E-04 4.078E-04 4.077E-04
 4.077E-04 4.076E-04 4.076E-04 4.075E-04 4.075E-04 4.074E-04 4.074E-04 4.073E-04
 4.072E-04 4.072E-04 4.071E-04 4.070E-04 4.070E-04 4.070E-04 4.070E-04 4.070E-04
 4.070E-04 4.071E-04 4.072E-04 4.073E-04 4.074E-04 4.075E-04 4.076E-04
 1.748E-02 1.484E-02 1.246E-02 1.036E-02 8.573E-03 6.840E-03 5.335E-03 4.120E-03
 3.157E-03 2.409E-03 1.817E-03 1.383E-03 1.074E-03 8.610E-04 7.086E-04 6.076E-04
 5.442E-04 5.019E-04 4.746E-04 4.570E-04 4.456E-04 4.388E-04 4.343E-04 4.311E-04
 4.285E-04 4.265E-04 4.247E-04 4.233E-04 4.218E-04 4.206E-04 4.194E-04 4.183E-04
 4.173E-04 4.164E-04 4.156E-04 4.148E-04 4.142E-04 4.136E-04 4.131E-04 4.127E-04
 4.123E-04 4.120E-04 4.117E-04 4.115E-04 4.114E-04 4.113E-04 4.112E-04 4.111E-04
 4.111E-04 4.110E-04 4.110E-04 4.110E-04 4.109E-04 4.108E-04 4.108E-04 4.107E-04
 4.107E-04 4.106E-04 4.106E-04 4.105E-04 4.105E-04 4.105E-04 4.105E-04 4.105E-04
 4.106E-04 4.107E-04 4.108E-04 4.109E-04 4.110E-04 4.111E-04
 1.291E-02 1.110E-02 9.450E-03 8.007E-03 6.539E-03 5.217E-03 4.118E-03 3.219E-03
 2.501E-03 1.914E-03 1.471E-03 1.148E-03 9.190E-04 7.510E-04 6.370E-04 5.641E-04
 5.147E-04 4.825E-04 4.617E-04 4.485E-04 4.406E-04 4.356E-04 4.321E-04 4.296E-04
 4.276E-04 4.260E-04 4.247E-04 4.235E-04 4.224E-04 4.214E-04 4.205E-04 4.196E-04
 4.189E-04 4.182E-04 4.176E-04 4.170E-04 4.165E-04 4.161E-04 4.157E-04 4.154E-04
 4.151E-04 4.149E-04 4.148E-04 4.146E-04 4.145E-04 4.145E-04 4.144E-04 4.144E-04
 4.143E-04 4.143E-04 4.143E-04 4.142E-04 4.142E-04 4.141E-04 4.140E-04 4.140E-04
 4.139E-04 4.139E-04 4.139E-04 4.138E-04 4.138E-04 4.138E-04 4.139E-04 4.139E-04
 4.140E-04 4.141E-04 4.142E-04 4.143E-04 4.144E-04
 9.781E-03 8.526E-03 7.397E-03 6.184E-03 5.048E-03 4.073E-03 3.252E-03 2.575E-03
 2.002E-03 1.558E-03 1.225E-03 9.821E-04 7.992E-04 6.720E-04 5.888E-04 5.312E-04
 4.932E-04 4.685E-04 4.528E-04 4.434E-04 4.375E-04 4.336E-04 4.309E-04 4.289E-04
 4.273E-04 4.261E-04 4.251E-04 4.241E-04 4.232E-04 4.224E-04 4.217E-04 4.211E-04
 4.205E-04 4.200E-04 4.195E-04 4.191E-04 4.187E-04 4.184E-04 4.182E-04 4.179E-04
 4.177E-04 4.176E-04 4.175E-04 4.174E-04 4.174E-04 4.173E-04 4.173E-04 4.172E-04
 4.172E-04 4.172E-04 4.171E-04 4.171E-04 4.170E-04 4.170E-04 4.169E-04 4.169E-04
 4.168E-04 4.168E-04 4.168E-04 4.168E-04 4.168E-04 4.168E-04 4.169E-04 4.170E-04
 4.170E-04 4.171E-04 4.172E-04 4.173E-04
 7.611E-03 6.761E-03 5.786E-03 4.834E-03 3.989E-03 3.253E-03 2.627E-03 2.079E-03
 1.640E-03 1.302E-03 1.049E-03 8.526E-04 7.123E-04 6.184E-04 5.519E-04 5.070E-04
 4.775E-04 4.586E-04 4.473E-04 4.401E-04 4.355E-04 4.324E-04 4.302E-04 4.286E-04
 4.275E-04 4.265E-04 4.256E-04 4.249E-04 4.242E-04 4.236E-04 4.231E-04 4.226E-04
 4.221E-04 4.217E-04 4.214E-04 4.211E-04 4.208E-04 4.206E-04 4.204E-04 4.202E-04
 4.201E-04 4.200E-04 4.200E-04 4.199E-04 4.199E-04 4.198E-04 4.198E-04 4.198E-04
 4.198E-04 4.197E-04 4.197E-04 4.196E-04 4.196E-04 4.195E-04 4.195E-04 4.195E-04
 4.194E-04 4.194E-04 4.194E-04 4.194E-04 4.195E-04 4.195E-04 4.196E-04 4.196E-04
 4.197E-04 4.198E-04 4.199E-04
 6.149E-03 5.387E-03 4.606E-03 3.888E-03 3.240E-03 2.670E-03 2.151E-03 1.724E-03
 1.384E-03 1.123E-03 9.132E-04 7.596E-04 6.542E-04 5.777E-04 5.250E-04 4.896E-04
 4.666E-04 4.526E-04 4.438E-04 4.380E-04 4.343E-04 4.318E-04 4.300E-04 4.288E-04
 4.278E-04 4.270E-04 4.263E-04 4.257E-04 4.252E-04 4.247E-04 4.243E-04 4.240E-04
 4.236E-04 4.233E-04 4.231E-04 4.228E-04 4.226E-04 4.225E-04 4.224E-04 4.223E-04
 4.222E-04 4.221E-04 4.221E-04 4.221E-04 4.221E-04 4.220E-04 4.220E-04 4.220E-04
 4.220E-04 4.219E-04 4.219E-04 4.218E-04 4.218E-04 4.218E-04 4.217E-04 4.217E-04
 4.217E-04 4.217E-04 4.217E-04 4.217E-04 4.218E-04 4.218E-04 4.219E-04 4.220E-04
 4.220E-04 4.221E-04
 4.833E-03 4.230E-03 3.654E-03 3.114E-03 2.622E-03 2.156E-03 1.758E-03 1.433E-03
 1.175E-03 9.619E-04 8.010E-04 6.878E-04 6.034E-04 5.437E-04 5.028E-04 4.756E-04
 4.588E-04 4.481E-04 4.411E-04 4.365E-04 4.335E-04 4.315E-04 4.301E-04 4.291E-04
 4.284E-04 4.277E-04 4.272E-04 4.268E-04 4.263E-04 4.260E-04 4.257E-04 4.254E-04
 4.252E-04 4.249E-04 4.248E-04 4.246E-04 4.245E-04 4.244E-04 4.243E-04 4.242E-04
 4.242E-04 4.242E-04 4.242E-04 4.241E-04 4.241E-04 4.241E-04 4.241E-04 4.241E-04
 4.240E-04 4.240E-04 4.240E-04 4.239E-04 4.239E-04 4.238E-04 4.238E-04 4.238E-04
 4.238E-04 4.238E-04 4.238E-04 4.239E-04 4.239E-04 4.240E-04 4.241E-04 4.241E-04
 4.242E-04
 3.791E-03 3.352E-03 2.923E-03 2.516E-03 2.112E-03 1.757E-03 1.456E-03 1.211E-03
 1.000E-03 8.371E-04 7.194E-04 6.289E-04 5.633E-04 5.171E-04 4.859E-04 4.661E-04
 4.532E-04 4.447E-04 4.391E-04 4.355E-04 4.331E-04 4.315E-04 4.304E-04 4.296E-04
 4.290E-04 4.285E-04 4.281E-04 4.278E-04 4.274E-04 4.272E-04 4.270E-04 4.267E-04
 4.266E-04 4.264E-04 4.263E-04 4.262E-04 4.261E-04 4.260E-04 4.260E-04 4.260E-04
 4.260E-04 4.259E-04 4.259E-04 4.259E-04 4.259E-04 4.259E-04 4.259E-04 4.259E-04
 4.258E-04 4.258E-04 4.257E-04 4.257E-04 4.257E-04 4.257E-04 4.256E-04 4.256E-04
 4.257E-04 4.257E-04 4.257E-04 4.258E-04 4.258E-04 4.259E-04 4.260E-04 4.260E-04
 3.033E-03 2.705E-03 2.381E-03 2.042E-03 1.733E-03 1.462E-03 1.235E-03 1.032E-03
 8.699E-04 7.500E-04 6.551E-04 5.842E-04 5.331E-04 4.976E-04 4.747E-04 4.594E-04
 4.492E-04 4.423E-04 4.378E-04 4.348E-04 4.329E-04 4.316E-04 4.307E-04 4.301E-04
 4.296E-04 4.292E-04 4.289E-04 4.287E-04 4.284E-04 4.282E-04 4.281E-04 4.279E-04
 4.278E-04 4.277E-04 4.276E-04 4.275E-04 4.275E-04 4.275E-04 4.274E-04 4.274E-04
 4.274E-04 4.274E-04 4.274E-04 4.274E-04 4.274E-04 4.274E-04 4.274E-04 4.273E-04
 4.273E-04 4.273E-04 4.272E-04 4.272E-04 4.272E-04 4.272E-04 4.272E-04 4.272E-04
 4.272E-04 4.272E-04 4.273E-04 4.273E-04 4.274E-04 4.275E-04 4.275E-04
 2.468E-03 2.221E-03 1.947E-03 1.686E-03 1.449E-03 1.244E-03 1.054E-03 8.971E-04
 7.779E-04 6.805E-04 6.057E-04 5.502E-04 5.106E-04 4.845E-04 4.667E-04 4.545E-04
 4.461E-04 4.406E-04 4.369E-04 4.345E-04 4.329E-04 4.318E-04 4.311E-04 4.305E-04
 4.302E-04 4.299E-04 4.296E-04 4.294E-04 4.293E-04 4.291E-04 4.290E-04 4.289E-04
 4.288E-04 4.287E-04 4.287E-04 4.286E-04 4.286E-04 4.286E-04 4.286E-04 4.286E-04
 4.286E-04 4.286E-04 4.286E-04 4.286E-04 4.286E-04 4.286E-04 4.285E-04 4.285E-04
 4.285E-04 4.284E-04 4.284E-04 4.284E-04 4.284E-04 4.284E-04 4.284E-04 4.284E-04
 4.284E-04 4.285E-04 4.285E-04 4.286E-04 4.287E-04 4.287E-04
 2.043E-03 1.830E-03 1.617E-03 1.418E-03 1.238E-03 1.065E-03 9.168E-04 8.014E-04
 7.038E-04 6.267E-04 5.677E-04 5.245E-04 4.954E-04 4.750E-04 4.607E-04 4.507E-04
 4.439E-04 4.393E-04 4.362E-04 4.342E-04 4.329E-04 4.320E-04 4.314E-04 4.310E-04
 4.307E-04 4.304E-04 4.302E-04 4.301E-04 4.299E-04 4.298E-04 4.297E-04 4.297E-04
 4.296E-04 4.296E-04 4.296E-04 4.296E-04 4.296E-04 4.296E-04 4.296E-04 4.296E-04
 4.296E-04 4.296E-04 4.296E-04 4.296E-04 4.295E-04 4.295E-04 4.295E-04 4.294E-04
 4.294E-04 4.294E-04 4.294E-04 4.294E-04 4.294E-04 4.294E-04 4.294E-04 4.294E-04
 4.295E-04 4.295E-04 4.296E-04 4.296E-04 4.297E-04
 1.675E-03 1.512E-03 1.353E-03 1.204E-03 1.053E-03 9.193E-04 8.124E-04 7.188E-04
 6.424E-04 5.823E-04 5.371E-04 5.057E-04 4.833E-04 4.671E-04 4.555E-04 4.474E-04
 4.419E-04 4.381E-04 4.356E-04 4.340E-04 4.329E-04 4.321E-04 4.316E-04 4.313E-04
 4.310E-04 4.309E-04 4.307E-04 4.306E-04 4.305E-04 4.304E-04 4.303E-04 4.303E-04
 4.303E-04 4.303E-04 4.303E-04 4.303E-04 4.303E-04 4.303E-04 4.303E-04 4.303E-04
 4.303E-04 4.303E-04 4.303E-04 4.302E-04 4.302E-04 4.302E-04 4.302E-04 4.301E-04
 4.301E-04 4.301E-04 4.301E-04 4.301E-04 4.301E-04 4.301E-04 4.301E-04 4.302E-04
 4.302E-04 4.303E-04 4.303E-04 4.304E-04
 1.394E-03 1.272E-03 1.154E-03 1.027E-03 9.108E-04 8.151E-04 7.280E-04 6.545E-04
 5.949E-04 5.486E-04 5.159E-04 4.918E-04 4.739E-04 4.608E-04 4.515E-04 4.448E-04
 4.403E-04 4.372E-04 4.351E-04 4.337E-04 4.328E-04 4.322E-04 4.318E-04 4.315E-04
 4.313E-04 4.312E-04 4.310E-04 4.309E-04 4.309E-04 4.308E-04 4.308E-04 4.308E-04
 4.307E-04 4.307E-04 4.307E-04 4.308E-04 4.308E-04 4.308E-04 4.308E-04 4.308E-04
 4.308E-04 4.308E-04 4.307E-04 4.307E-04 4.307E-04 4.307E-04 4.306E-04 4.306E-04
 4.306E-04 4.306E-04 4.306E-04 4.306E-04 4.306E-04 4.306E-04 4.307E-04 4.307E-04
 4.308E-04 4.308E-04 4.309E-04
 1.184E-03 1.094E-03 9.915E-04 8.933E-04 8.102E-04 7.314E-04 6.627E-04 6.050E-04
 5.590E-04 5.255E-04 5.003E-04 4.811E-04 4.666E-04 4.560E-04 4.482E-04 4.428E-04
 4.391E-04 4.364E-04 4.347E-04 4.335E-04 4.327E-04 4.322E-04 4.319E-04 4.316E-04
 4.315E-04 4.313E-04 4.312E-04 4.312E-04 4.311E-04 4.311E-04 4.311E-04 4.311E-04
 4.311E-04 4.311E-04 4.311E-04 4.311E-04 4.311E-04 4.311E-04 4.311E-04 4.311E-04
 4.311E-04 4.311E-04 4.310E-04 4.310E-04 4.310E-04 4.310E-04 4.309E-04 4.309E-04
 4.309E-04 4.309E-04 4.309E-04 4.309E-04 4.310E-04 4.310E-04 4.311E-04 4.311E-04
 4.312E-04 4.312E-04
 1.030E-03 9.494E-04 8.693E-04 7.994E-04 7.301E-04 6.674E-04 6.129E-04 5.680E-04
 5.347E-04 5.089E-04 4.886E-04 4.729E-04 4.610E-04 4.521E-04 4.458E-04 4.412E-04
 4.380E-04 4.358E-04 4.343E-04 4.333E-04 4.326E-04 4.322E-04 4.319E-04 4.317E-04
 4.316E-04 4.314E-04 4.314E-04 4.313E-04 4.313E-04 4.313E-04 4.313E-04 4.313E-04
 4.313E-04 4.313E-04 4.313E-04 4.313E-04 4.313E-04 4.313E-04 4.313E-04 4.313E-04
 4.313E-04 4.312E-04 4.312E-04 4.312E-04 4.311E-04 4.311E-04 4.311E-04 4.311E-04
 4.311E-04 4.311E-04 4.311E-04 4.312E-04 4.312E-04 4.312E-04 4.313E-04 4.314E-04
 4.314E-04
 8.911E-04 8.296E-04 7.744E-04 7.167E-04 6.624E-04 6.134E-04 5.718E-04 5.401E-04
 5.149E-04 4.945E-04 4.782E-04 4.655E-04 4.558E-04 4.487E-04 4.434E-04 4.396E-04
 4.369E-04 4.350E-04 4.338E-04 4.330E-04 4.324E-04 4.320E-04 4.318E-04 4.316E-04
 4.315E-04 4.314E-04 4.314E-04 4.313E-04 4.313E-04 4.313E-04 4.313E-04 4.313E-04
 4.313E-04 4.313E-04 4.313E-04 4.313E-04 4.313E-04 4.313E-04 4.313E-04 4.313E-04
 4.312E-04 4.312E-04 4.312E-04 4.312E-04 4.311E-04 4.311E-04 4.311E-04 4.311E-04
 4.311E-04 4.311E-04 4.312E-04 4.312E-04 4.313E-04 4.313E-04 4.314E-04 4.314E-04
 7.849E-04 7.435E-04 6.974E-04 6.521E-04 6.096E-04 5.722E-04 5.431E-04 5.193E-04
 4.994E-04 4.830E-04 4.699E-04 4.595E-04 4.517E-04 4.458E-04 4.414E-04 4.382E-04
 4.359E-04 4.344E-04 4.333E-04 4.326E-04 4.322E-04 4.318E-04 4.316E-04 4.315E-04
 4.314E-04 4.313E-04 4.313E-04 4.313E-04 4.312E-04 4.312E-04 4.312E-04 4.312E-04
 4.312E-04 4.312E-04 4.312E-04 4.312E-04 4.312E-04 4.312E-04 4.312E-04 4.312E-04
 4.311E-04 4.311E-04 4.311E-04 4.311E-04 4.310E-04 4.310E-04 4.310E-04 4.310E-04
 4.310E-04 4.311E-04 4.311E-04 4.312E-04 4.312E-04 4.313E-04 4.313E-04
 7.137E-04 6.780E-04 6.410E-04 6.049E-04 5.718E-04 5.455E-04 5.234E-04 5.043E-04
 4.880E-04 4.746E-04 4.637E-04 4.553E-04 4.487E-04 4.436E-04 4.398E-04 4.371E-04
 4.352E-04 4.339E-04 4.330E-04 4.323E-04 4.319E-04 4.317E-04 4.315E-04 4.313E-04
 4.313E-04 4.312E-04 4.312E-04 4.312E-04 4.311E-04 4.311E-04 4.311E-04 4.311E-04
 4.311E-04 4.311E-04 4.311E-04 4.311E-04 4.311E-04 4.311E-04 4.311E-04 4.310E-04
 4.310E-04 4.310E-04 4.309E-04 4.309E-04 4.309E-04 4.309E-04 4.309E-04 4.309E-04
 4.310E-04 4.310E-04 4.311E-04 4.311E-04 4.312E-04 4.312E-04
 6.522E-04 6.237E-04 5.945E-04 5.667E-04 5.440E-04 5.243E-04 5.068E-04 4.914E-04
 4.783E-04 4.673E-04 4.585E-04 4.514E-04 4.458E-04 4.415E-04 4.383E-04 4.360E-04
 4.344E-04 4.333E-04 4.325E-04 4.320E-04 4.317E-04 4.314E-04 4.312E-04 4.311E-04
 4.311E-04 4.310E-04 4.310E-04 4.310E-04 4.310E-04 4.310E-04 4.310E-04 4.310E-04
 4.310E-04 4.310E-04 4.309E-04 4.309E-04 4.309E-04 4.309E-04 4.308E-04 4.308E-04
 4.308E-04 4.308E-04 4.307E-04 4.307E-04 4.307E-04 4.307E-04 4.308E-04 4.308E-04
 4.308E-04 4.309E-04 4.309E-04 4.310E-04 4.310E-04
 6.030E-04 5.805E-04 5.581E-04 5.395E-04 5.228E-04 5.074E-04 4.933E-04 4.809E-04
 4.701E-04 4.613E-04 4.540E-04 4.480E-04 4.433E-04 4.397E-04 4.370E-04 4.351E-04
 4.337E-04 4.328E-04 4.321E-04 4.317E-04 4.313E-04 4.311E-04 4.310E-04 4.309E-04
 4.309E-04 4.308E-04 4.308E-04 4.308E-04 4.308E-04 4.308E-04 4.307E-04 4.307E-04
 4.307E-04 4.307E-04 4.307E-04 4.307E-04 4.306E-04 4.306E-04 4.306E-04 4.305E-04
 4.305E-04 4.305E-04 4.305E-04 4.305E-04 4.305E-04 4.305E-04 4.305E-04 4.306E-04
 4.306E-04 4.307E-04 4.308E-04 4.308E-04
 5.642E-04 5.470E-04 5.324E-04 5.189E-04 5.059E-04 4.936E-04 4.823E-04 4.722E-04
 4.636E-04 4.563E-04 4.501E-04 4.451E-04 4.411E-04 4.381E-04 4.359E-04 4.342E-04
 4.331E-04 4.323E-04 4.317E-04 4.313E-04 4.310E-04 4.309E-04 4.307E-04 4.307E-04
 4.306E-04 4.306E-04 4.305E-04 4.305E-04 4.305E-04 4.305E-04 4.305E-04 4.305E-04
 4.305E-04 4.304E-04 4.304E-04 4.304E-04 4.304E-04 4.303E-04 4.303E-04 4.303E-04
 4.302E-04 4.302E-04 4.302E-04 4.302E-04 4.303E-04 4.303E-04 4.303E-04 4.304E-04
 4.304E-04 4.305E-04 4.306E-04
 5.345E-04 5.237E-04 5.133E-04 5.028E-04 4.925E-04 4.826E-04 4.734E-04 4.654E-04
 4.583E-04 4.520E-04 4.468E-04 4.426E-04 4.393E-04 4.368E-04 4.349E-04 4.335E-04
 4.325E-04 4.318E-04 4.313E-04 4.310E-04 4.307E-04 4.306E-04 4.305E-04 4.304E-04
 4.304E-04 4.303E-04 4.303E-04 4.303E-04 4.303E-04 4.303E-04 4.302E-04 4.302E-04
 4.302E-04 4.302E-04 4.301E-04 4.301E-04 4.301E-04 4.300E-04 4.300E-04 4.300E-04
 4.300E-04 4.300E-04 4.300E-04 4.300E-04 4.300E-04 4.301E-04 4.301E-04 4.302E-04
 4.302E-04 4.303E-04
 5.161E-04 5.084E-04 5.002E-04 4.916E-04 4.831E-04 4.749E-04 4.674E-04 4.606E-04
 4.544E-04 4.490E-04 4.445E-04 4.408E-04 4.380E-04 4.358E-04 4.342E-04 4.329E-04
 4.321E-04 4.314E-04 4.310E-04 4.307E-04 4.305E-04 4.303E-04 4.303E-04 4.302E-04
 4.302E-04 4.301E-04 4.301E-04 4.301E-04 4.301E-04 4.301E-04 4.300E-04 4.300E-04
 4.300E-04 4.300E-04 4.299E-04 4.299E-04 4.298E-04 4.298E-04 4.298E-04 4.298E-04
 4.298E-04 4.298E-04 4.298E-04 4.298E-04 4.299E-04 4.299E-04 4.300E-04 4.301E-04
 4.301E-04
 5.031E-04 4.971E-04 4.903E-04 4.833E-04 4.761E-04 4.693E-04 4.629E-04 4.568E-04
 4.513E-04 4.466E-04 4.427E-04 4.395E-04 4.370E-04 4.350E-04 4.336E-04 4.325E-04
 4.317E-04 4.311E-04 4.307E-04 4.305E-04 4.303E-04 4.302E-04 4.301E-04 4.300E-04
 4.300E-04 4.300E-04 4.299E-04 4.299E-04 4.299E-04 4.299E-04 4.299E-04 4.298E-04
 4.298E-04 4.298E-04 4.297E-04 4.297E-04 4.297E-04 4.296E-04 4.296E-04 4.296E-04
 4.296E-04 4.296E-04 4.297E-04 4.297E-04 4.298E-04 4.298E-04 4.299E-04 4.300E-04
 4.930E-04 4.880E-04 4.825E-04 4.765E-04 4.706E-04 4.648E-04 4.590E-04 4.536E-04
 4.488E-04 4.446E-04 4.412E-04 4.384E-04 4.361E-04 4.344E-04 4.331E-04 4.321E-04
 4.314E-04 4.308E-04 4.305E-04 4.302E-04 4.301E-04 4.300E-04 4.299E-04 4.299E-04
 4.298E-04 4.298E-04 4.298E-04 4.298E-04 4.297E-04 4.297E-04 4.297E-04 4.296E-04
 4.296E-04 4.296E-04 4.295E-04 4.295E-04 4.295E-04 4.295E-04 4.295E-04 4.295E-04
 4.295E-04 4.295E-04 4.296E-04 4.296E-04 4.297E-04 4.297E-04 4.298E-04
 4.848E-04 4.807E-04 4.760E-04 4.712E-04 4.661E-04 4.608E-04 4.557E-04 4.509E-04
 4.466E-04 4.430E-04 4.399E-04 4.374E-04 4.354E-04 4.338E-04 4.326E-04 4.317E-04
 4.310E-04 4.306E-04 4.303E-04 4.300E-04 4.299E-04 4.298E-04 4.298E-04 4.297E-04
 4.297E-04 4.297E-04 4.296E-04 4.296E-04 4.296E-04 4.295E-04 4.295E-04 4.295E-04
 4.294E-04 4.294E-04 4.294E-04 4.293E-04 4.293E-04 4.293E-04 4.293E-04 4.294E-04
 4.294E-04 4.294E-04 4.295E-04 4.295E-04 4.296E-04 4.297E-04
 4.781E-04 4.747E-04 4.710E-04 4.668E-04 4.622E-04 4.574E-04 4.528E-04 4.486E-04
 4.449E-04 4.416E-04 4.388E-04 4.365E-04 4.347E-04 4.333E-04 4.322E-04 4.314E-04
 4.307E-04 4.303E-04 4.301E-04 4.299E-04 4.298E-04 4.297E-04 4.296E-04 4.296E-04
 4.295E-04 4.295E-04 4.295E-04 4.295E-04 4.294E-04 4.294E-04 4.293E-04 4.293E-04
 4.293E-04 4.292E-04 4.292E-04 4.292E-04 4.292E-04 4.292E-04 4.292E-04 4.293E-04
 4.293E-04 4.294E-04 4.294E-04 4.295E-04 4.295E-04
 4.726E-04 4.700E-04 4.668E-04 4.629E-04 4.588E-04 4.545E-04 4.505E-04 4.468E-04
 4.434E-04 4.404E-04 4.379E-04 4.358E-04 4.341E-04 4.328E-04 4.318E-04 4.310E-04
 4.305E-04 4.301E-04 4.299E-04 4.297E-04 4.296E-04 4.295E-04 4.295E-04 4.295E-04
 4.294E-04 4.294E-04 4.294E-04 4.293E-04 4.293E-04 4.292E-04 4.292E-04 4.292E-04
 4.291E-04 4.291E-04 4.291E-04 4.291E-04 4.291E-04 4.291E-04 4.292E-04 4.292E-04
 4.293E-04 4.293E-04 4.294E-04 4.294E-04
 4.685E-04 4.662E-04 4.632E-04 4.598E-04 4.560E-04 4.522E-04 4.486E-04 4.452E-04
 4.421E-04 4.394E-04 4.371E-04 4.352E-04 4.337E-04 4.324E-04 4.314E-04 4.308E-04
 4.303E-04 4.300E-04 4.297E-04 4.296E-04 4.295E-04 4.294E-04 4.294E-04 4.293E-04
 4.293E-04 4.293E-04 4.292E-04 4.292E-04 4.292E-04 4.291E-04 4.291E-04 4.290E-04
 4.290E-04 4.290E-04 4.290E-04 4.290E-04 4.290E-04 4.291E-04 4.291E-04 4.292E-04
 4.292E-04 4.293E-04 4.294E-04
 4.650E-04 4.629E-04 4.601E-04 4.569E-04 4.536E-04 4.503E-04 4.470E-04 4.438E-04
 4.410E-04 4.385E-04 4.364E-04 4.346E-04 4.331E-04 4.320E-04 4.311E-04 4.305E-04
 4.301E-04 4.298E-04 4.296E-04 4.295E-04 4.294E-04 4.293E-04 4.293E-04 4.292E-04
 4.292E-04 4.292E-04 4.291E-04 4.291E-04 4.290E-04 4.290E-04 4.290E-04 4.289E-04
 4.289E-04 4.289E-04 4.289E-04 4.290E-04 4.290E-04 4.290E-04 4.291E-04 4.292E-04
 4.292E-04 4.293E-04
 4.616E-04 4.597E-04 4.572E-04 4.545E-04 4.515E-04 4.485E-04 4.454E-04 4.426E-04
 4.400E-04 4.377E-04 4.357E-04 4.340E-04 4.326E-04 4.316E-04 4.309E-04 4.303E-04
 4.299E-04 4.297E-04 4.295E-04 4.294E-04 4.293E-04 4.292E-04 4.292E-04 4.291E-04
 4.291E-04 4.291E-04 4.290E-04 4.290E-04 4.289E-04 4.289E-04 4.289E-04 4.289E-04
 4.289E-04 4.289E-04 4.289E-04 4.289E-04 4.290E-04 4.290E-04 4.291E-04 4.291E-04
 4.292E-04
 4.586E-04 4.569E-04 4.547E-04 4.523E-04 4.496E-04 4.468E-04 4.440E-04 4.415E-04
 4.391E-04 4.369E-04 4.350E-04 4.334E-04 4.322E-04 4.313E-04 4.306E-04 4.301E-04
 4.298E-04 4.296E-04 4.294E-04 4.293E-04 4.292E-04 4.291E-04 4.291E-04 4.290E-04
 4.290E-04 4.289E-04 4.289E-04 4.289E-04 4.288E-04 4.288E-04 4.288E-04 4.288E-04
 4.288E-04 4.288E-04 4.289E-04 4.289E-04 4.290E-04 4.290E-04 4.291E-04 4.291E-04
 4.559E-04 4.544E-04 4.526E-04 4.503E-04 4.478E-04 4.453E-04 4.428E-04 4.404E-04
 4.382E-04 4.361E-04 4.343E-04 4.329E-04 4.318E-04 4.310E-04 4.304E-04 4.300E-04
 4.297E-04 4.294E-04 4.293E-04 4.292E-04 4.291E-04 4.290E-04 4.290E-04 4.289E-04
 4.289E-04 4.288E-04 4.288E-04 4.288E-04 4.287E-04 4.287E-04 4.287E-04 4.287E-04
 4.288E-04 4.288E-04 4.288E-04 4.289E-04 4.290E-04 4.290E-04 4.291E-04
 4.536E-04 4.524E-04 4.506E-04 4.486E-04 4.463E-04 4.440E-04 4.417E-04 4.394E-04
 4.372E-04 4.352E-04 4.337E-04 4.324E-04 4.315E-04 4.307E-04 4.302E-04 4.298E-04
 4.295E-04 4.293E-04 4.292E-04 4.291E-04 4.290E-04 4.289E-04 4.289E-04 4.288E-04
 4.288E-04 4.288E-04 4.287E-04 4.287E-04 4.287E-04 4.287E-04 4.287E-04 4.287E-04
 4.287E-04 4.288E-04 4.288E-04 4.289E-04 4.290E-04 4.290E-04
 4.517E-04 4.505E-04 4.489E-04 4.471E-04 4.451E-04 4.429E-04 4.407E-04 4.384E-04
 4.363E-04 4.346E-04 4.332E-04 4.321E-04 4.312E-04 4.305E-04 4.300E-04 4.297E-04
 4.294E-04 4.292E-04 4.291E-04 4.290E-04 4.289E-04 4.288E-04 4.288E-04 4.287E-04
 4.287E-04 4.287E-04 4.286E-04 4.286E-04 4.286E-04 4.286E-04 4.286E-04 4.287E-04
 4.287E-04 4.288E-04 4.288E-04 4.289E-04 4.290E-04
 4.499E-04 4.488E-04 4.474E-04 4.457E-04 4.438E-04 4.418E-04 4.395E-04 4.373E-04
 4.355E-04 4.340E-04 4.327E-04 4.317E-04 4.309E-04 4.303E-04 4.299E-04 4.295E-04
 4.293E-04 4.291E-04 4.290E-04 4.289E-04 4.288E-04 4.287E-04 4.287E-04 4.286E-04
 4.286E-04 4.286E-04 4.286E-04 4.286E-04 4.286E-04 4.286E-04 4.286E-04 4.287E-04
 4.287E-04 4.288E-04 4.288E-04 4.289E-04
 4.483E-04 4.473E-04 4.461E-04 4.445E-04 4.426E-04 4.405E-04 4.383E-04 4.364E-04
 4.348E-04 4.335E-04 4.323E-04 4.314E-04 4.307E-04 4.301E-04 4.297E-04 4.294E-04
 4.292E-04 4.290E-04 4.289E-04 4.288E-04 4.287E-04 4.286E-04 4.286E-04 4.285E-04
 4.285E-04 4.285E-04 4.285E-04 4.285E-04 4.285E-04 4.286E-04 4.286E-04 4.287E-04
 4.287E-04 4.288E-04 4.288E-04
 4.469E-04 4.460E-04 4.448E-04 4.433E-04 4.413E-04 4.392E-04 4.373E-04 4.357E-04
 4.343E-04 4.330E-04 4.319E-04 4.311E-04 4.304E-04 4.299E-04 4.295E-04 4.293E-04
 4.290E-04 4.289E-04 4.288E-04 4.287E-04 4.286E-04 4.285E-04 4.285E-04 4.285E-04
 4.284E-04 4.284E-04 4.284E-04 4.285E-04 4.285E-04 4.285E-04 4.286E-04 4.287E-04
 4.287E-04 4.288E-04
 4.456E-04 4.448E-04 4.436E-04 4.419E-04 4.400E-04 4.382E-04 4.365E-04 4.351E-04
 4.337E-04 4.325E-04 4.316E-04 4.308E-04 4.302E-04 4.297E-04 4.294E-04 4.291E-04
 4.289E-04 4.288E-04 4.286E-04 4.286E-04 4.285E-04 4.284E-04 4.284E-04 4.284E-04
 4.284E-04 4.284E-04 4.284E-04 4.284E-04 4.285E-04 4.285E-04 4.286E-04 4.286E-04
 4.287E-04
 4.444E-04 4.435E-04 4.422E-04 4.405E-04 4.388E-04 4.373E-04 4.358E-04 4.344E-04
 4.332E-04 4.321E-04 4.313E-04 4.305E-04 4.300E-04 4.295E-04 4.292E-04 4.290E-04
 4.288E-04 4.286E-04 4.285E-04 4.284E-04 4.284E-04 4.283E-04 4.283E-04 4.283E-04
 4.283E-04 4.283E-04 4.284E-04 4.284E-04 4.284E-04 4.285E-04 4.286E-04 4.286E-04
 4.431E-04 4.421E-04 4.407E-04 4.392E-04 4.378E-04 4.364E-04 4.351E-04 4.338E-04
 4.327E-04 4.317E-04 4.309E-04 4.303E-04 4.298E-04 4.294E-04 4.291E-04 4.288E-04
 4.286E-04 4.285E-04 4.284E-04 4.283E-04 4.283E-04 4.282E-04 4.282E-04 4.282E-04
 4.282E-04 4.283E-04 4.283E-04 4.284E-04 4.284E-04 4.285E-04 4.286E-04
 4.415E-04 4.404E-04 4.392E-04 4.380E-04 4.368E-04 4.355E-04 4.343E-04 4.332E-04
 4.322E-04 4.313E-04 4.306E-04 4.300E-04 4.295E-04 4.292E-04 4.289E-04 4.286E-04
 4.285E-04 4.284E-04 4.283E-04 4.282E-04 4.282E-04 4.281E-04 4.281E-04 4.282E-04
 4.282E-04 4.282E-04 4.283E-04 4.283E-04 4.284E-04 4.285E-04
 4.396E-04 4.388E-04 4.378E-04 4.368E-04 4.357E-04 4.346E-04 4.335E-04 4.325E-04
 4.316E-04 4.309E-04 4.302E-04 4.297E-04 4.293E-04 4.290E-04 4.287E-04 4.285E-04
 4.283E-04 4.282E-04 4.281E-04 4.281E-04 4.281E-04 4.281E-04 4.281E-04 4.281E-04
 4.282E-04 4.282E-04 4.283E-04 4.283E-04 4.284E-04
 4.382E-04 4.375E-04 4.368E-04 4.358E-04 4.348E-04 4.338E-04 4.329E-04 4.320E-04
 4.312E-04 4.305E-04 4.299E-04 4.295E-04 4.291E-04 4.288E-04 4.285E-04 4.283E-04
 4.282E-04 4.281E-04 4.281E-04 4.280E-04 4.280E-04 4.280E-04 4.280E-04 4.281E-04
 4.281E-04 4.282E-04 4.283E-04 4.283E-04
 4.371E-04 4.366E-04 4.358E-04 4.349E-04 4.341E-04 4.332E-04 4.323E-04 4.315E-04
 4.308E-04 4.302E-04 4.297E-04 4.292E-04 4.289E-04 4.286E-04 4.284E-04 4.282E-04
 4.281E-04 4.280E-04 4.280E-04 4.280E-04 4.280E-04 4.280E-04 4.280E-04 4.281E-04
 4.281E-04 4.282E-04 4.283E-04
 4.362E-04 4.357E-04 4.350E-04 4.342E-04 4.334E-04 4.326E-04 4.319E-04 4.312E-04
 4.305E-04 4.299E-04 4.295E-04 4.290E-04 4.287E-04 4.284E-04 4.283E-04 4.281E-04
 4.280E-04 4.280E-04 4.279E-04 4.279E-04 4.279E-04 4.280E-04 4.280E-04 4.281E-04
 4.281E-04 4.282E-04
 4.353E-04 4.348E-04 4.342E-04 4.336E-04 4.328E-04 4.321E-04 4.314E-04 4.308E-04
 4.302E-04 4.297E-04 4.292E-04 4.289E-04 4.285E-04 4.283E-04 4.281E-04 4.280E-04
 4.279E-04 4.279E-04 4.279E-04 4.279E-04 4.279E-04 4.280E-04 4.280E-04 4.281E-04
 4.282E-04
 4.345E-04 4.341E-04 4.335E-04 4.329E-04 4.323E-04 4.317E-04 4.310E-04 4.304E-04
 4.299E-04 4.294E-04 4.290E-04 4.287E-04 4.284E-04 4.282E-04 4.280E-04 4.279E-04
 4.279E-04 4.279E-04 4.279E-04 4.279E-04 4.279E-04 4.280E-04 4.280E-04 4.281E-04
 4.338E-04 4.334E-04 4.329E-04 4.324E-04 4.318E-04 4.313E-04 4.307E-04 4.301E-04
 4.296E-04 4.292E-04 4.288E-04 4.285E-04 4.283E-04 4.281E-04 4.280E-04 4.279E-04
 4.279E-04 4.279E-04 4.279E-04 4.279E-04 4.280E-04 4.280E-04 4.281E-04
 4.332E-04 4.328E-04 4.324E-04 4.319E-04 4.314E-04 4.309E-04 4.304E-04 4.299E-04
 4.294E-04 4.290E-04 4.287E-04 4.284E-04 4.282E-04 4.280E-04 4.279E-04 4.279E-04
 4.278E-04 4.279E-04 4.279E-04 4.279E-04 4.280E-04 4.280E-04
 4.326E-04 4.323E-04 4.319E-04 4.315E-04 4.310E-04 4.305E-04 4.301E-04 4.296E-04
 4.292E-04 4.288E-04 4.285E-04 4.283E-04 4.281E-04 4.280E-04 4.279E-04 4.279E-04
 4.279E-04 4.279E-04 4.279E-04 4.280E-04 4.280E-04
 4.321E-04 4.319E-04 4.315E-04 4.311E-04 4.307E-04 4.302E-04 4.298E-04 4.294E-04
 4.290E-04 4.287E-04 4.284E-04 4.282E-04 4.280E-04 4.279E-04 4.279E-04 4.279E-04
 4.279E-04 4.279E-04 4.279E-04 4.280E-04
 4.317E-04 4.315E-04 4.312E-04 4.308E-04 4.304E-04 4.300E-04 4.295E-04 4.292E-04
 4.288E-04 4.285E-04 4.283E-04 4.281E-04 4.280E-04 4.279E-04 4.279E-04 4.279E-04
 4.279E-04 4.279E-04 4.280E-04
 4.313E-04 4.311E-04 4.308E-04 4.305E-04 4.301E-04 4.297E-04 4.293E-04 4.290E-04
 4.287E-04 4.284E-04 4.282E-04 4.281E-04 4.280E-04 4.279E-04 4.279E-04 4.279E-04
 4.279E-04 4.279E-04
 4.310E-04 4.307E-04 4.305E-04 4.301E-04 4.298E-04 4.294E-04 4.291E-04 4.288E-04
 4.285E-04 4.283E-04 4.281E-04 4.280E-04 4.279E-04 4.279E-04 4.279E-04 4.279E-04
 4.279E-04
 4.306E-04 4.304E-04 4.301E-04 4.299E-04 4.295E-04 4.292E-04 4.289E-04 4.286E-04
 4.284E-04 4.282E-04 4.281E-04 4.280E-04 4.279E-04 4.279E-04 4.279E-04 4.279E-04
 4.303E-04 4.301E-04 4.299E-04 4.296E-04 4.293E-04 4.290E-04 4.288E-04 4.285E-04
 4.283E-04 4.282E-04 4.281E-04 4.280E-04 4.279E-04 4.279E-04 4.279E-04
 4.300E-04 4.298E-04 4.296E-04 4.293E-04 4.291E-04 4.288E-04 4.286E-04 4.284E-04
 4.283E-04 4.281E-04 4.280E-04 4.280E-04 4.279E-04 4.279E-04
 4.297E-04 4.295E-04 4.293E-04 4.291E-04 4.289E-04 4.287E-04 4.285E-04 4.283E-04
 4.282E-04 4.281E-04 4.280E-04 4.280E-04 4.279E-04
 4.294E-04 4.293E-04 4.291E-04 4.289E-04 4.288E-04 4.286E-04 4.284E-04 4.283E-04
 4.282E-04 4.281E-04 4.280E-04 4.280E-04
 4.292E-04 4.291E-04 4.289E-04 4.288E-04 4.287E-04 4.285E-04 4.284E-04 4.283E-04
 4.282E-04 4.281E-04 4.280E-04
 4.290E-04 4.289E-04 4.288E-04 4.287E-04 4.286E-04 4.285E-04 4.283E-04 4.283E-04
 4.282E-04 4.281E-04
 4.289E-04 4.288E-04 4.287E-04 4.286E-04 4.285E-04 4.284E-04 4.283E-04 4.283E-04
 4.282E-04
 4.288E-04 4.287E-04 4.287E-04 4.286E-04 4.285E-04 4.284E-04 4.284E-04 4.283E-04
 4.287E-04 4.287E-04 4.287E-04 4.286E-04 4.285E-04 4.285E-04 4.284E-04
 4.287E-04 4.287E-04 4.287E-04 4.286E-04 4.286E-04 4.285E-04
 4.287E-04 4.287E-04 4.287E-04 4.287E-04 4.286E-04
 4.288E-04 4.288E-04 4.288E-04 4.288E-04
 4.288E-04 4.289E-04 4.289E-04
 4.289E-04 4.289E-04
 4.290E-04
