1.000000000000000062e-09,0.000000000000000000e+00,1.035495711170166810e+00
1.000000000000000021e-08,3.779882999999999811e+02,1.249659377777062819e+00
2.300000000000000081e-08,1.529665099999999939e+03,1.155169334268470127e+00
4.999999999999999774e-08,6.705510000000000218e+03,1.121261320017044705e+00
7.600000000000000556e-08,8.252961000000001150e+03,1.122341618164752752e+00
1.149999999999999974e-07,1.419963799999999901e+04,1.091265032375214661e+00
1.699999999999999870e-07,3.201291800000000148e+04,1.096026653219023927e+00
2.549999999999999938e-07,5.345279000000000087e+04,1.091648961714074773e+00
3.800000000000000146e-07,7.546113000000000466e+04,1.110855026985909211e+00
5.500000000000000281e-07,9.650672999999999593e+04,1.031240731958851464e+00
8.400000000000000043e-07,1.315253800000000047e+05,1.011965575470310075e+00
1.280000000000000027e-06,1.304290700000000070e+05,9.859418983150693983e-01
1.900000000000000020e-06,1.130072500000000000e+05,9.583841515864861549e-01
2.799999999999999873e-06,5.006766000000000349e+05,9.294521711848664491e-01
4.249999999999999966e-06,4.302545000000000000e+05,8.574501606878349724e-01
6.299999999999999821e-06,4.503232999999999884e+05,7.478169742932310182e-01
9.200000000000000007e-06,6.901720999999999767e+05,5.982201446668430345e-01
1.349999999999999949e-05,1.094400800000000047e+06,3.937206607079881682e-01
2.099999999999999884e-05,8.996439000000000233e+05,1.403472732831772818e-01
3.000000000000000076e-05,1.627611500000000000e+06,1.252630369770510177e-01
4.500000000000000283e-05,2.429542099999999627e+06,1.117950692006830227e-01
6.899999999999999667e-05,2.951582500000000000e+06,1.038292388418174950e-01
1.000000000000000048e-04,3.106790100000000093e+06,9.851459783211077847e-02
1.350000000000000017e-04,2.537485899999999907e+06,9.542827099125428258e-02
1.700000000000000122e-04,2.092472100000000093e+06,9.798906231924005283e-02
2.200000000000000078e-04,3.047912000000000000e+06,8.865602841535388801e-02
2.799999999999999755e-04,3.433222599999999627e+06,8.730255447753862419e-02
3.600000000000000227e-04,2.011345900000000140e+06,7.587849090098863769e-02
4.499999999999999877e-04,2.174216200000000186e+06,7.779689969367062363e-02
5.749999999999999903e-04,4.356565000000000000e+06,7.141863218770742872e-02
7.600000000000000418e-04,6.453799000000000000e+06,6.599277976660664069e-02
9.600000000000000243e-04,5.629661000000000000e+06,4.935286465473930073e-02
1.280000000000000105e-03,8.933502000000000000e+06,4.391796484380226101e-02
1.600000000000000077e-03,1.257241500000000000e+07,4.044044913169803079e-02
2.000000000000000042e-03,2.526656000000000000e+07,3.629464785514955466e-02
2.700000000000000143e-03,2.948196999999999627e+07,3.155228748627243035e-02
3.399999999999999811e-03,3.732671000000000000e+07,3.137254033098740846e-02
4.499999999999999660e-03,7.903163000000000000e+07,3.214610656805379219e-02
5.499999999999999681e-03,8.886660000000000000e+07,3.328493621991079204e-02
7.199999999999999803e-03,1.860848400000000000e+08,3.308132335914725636e-02
9.199999999999999845e-03,2.269676200000000000e+08,3.413985691044691545e-02
1.200000000000000025e-02,4.116250000000000000e+08,3.383695005667441968e-02
1.499999999999999944e-02,4.430047000000000000e+08,3.334492275693565905e-02
1.899999999999999953e-02,6.020936000000000000e+08,3.322543213257969641e-02
2.549999999999999836e-02,1.176970000000000000e+09,3.494726447442014772e-02
3.200000000000000067e-02,1.680084900000000000e+09,3.465793598331334130e-02
4.000000000000000083e-02,1.283877800000000000e+09,3.167199386571593889e-02
5.249999999999999806e-02,2.587195400000000000e+09,3.374547876113420664e-02
6.600000000000000311e-02,3.169575400000000000e+09,3.272713247169805467e-02
8.799999999999999489e-02,6.265506000000000000e+09,3.382665506539966893e-02
1.100000000000000006e-01,5.068778000000000000e+09,2.987314186766945948e-02
1.350000000000000089e-01,7.697147000000000000e+09,3.062350019041132007e-02
1.600000000000000033e-01,6.425642000000000000e+09,3.040580312804683216e-02
1.900000000000000022e-01,8.313419000000000000e+09,2.940366906315491566e-02
2.200000000000000011e-01,7.656780000000000000e+09,2.937728296294841654e-02
2.550000000000000044e-01,9.000028000000000000e+09,2.929261765562836753e-02
2.899999999999999800e-01,9.689190000000000000e+09,2.847671386361903464e-02
3.200000000000000067e-01,7.613971000000000000e+09,2.784657635577380067e-02
3.599999999999999867e-01,1.080603500000000000e+10,2.790435945232197512e-02
4.000000000000000222e-01,1.039078400000000000e+10,2.779287779435596004e-02
4.500000000000000111e-01,1.157089900000000000e+10,2.744426556612554816e-02
5.000000000000000000e-01,1.186516000000000000e+10,2.729537608636103951e-02
5.500000000000000444e-01,1.140051400000000000e+10,2.733097267632842581e-02
5.999999999999999778e-01,1.123316300000000000e+10,2.860969262391317713e-02
6.600000000000000311e-01,1.312267900000000000e+10,2.793517182147730801e-02
7.199999999999999734e-01,1.318754000000000000e+10,2.815583281709665639e-02
7.800000000000000266e-01,1.282727100000000000e+10,2.785735989321505221e-02
8.399999999999999689e-01,1.136924900000000000e+10,2.816776319932178321e-02
9.200000000000000400e-01,1.492073099999999809e+10,2.801765854437446301e-02
1.000000000000000000e+00,1.383367100000000000e+10,2.959764929691813262e-02
1.199999999999999956e+00,2.904592500000000000e+10,3.264111213457110416e-02
1.399999999999999911e+00,2.318442200000000000e+10,3.070121618583638787e-02
1.600000000000000089e+00,1.973076800000000000e+10,2.948364787225691425e-02
1.800000000000000044e+00,1.637745799999999809e+10,2.775983705473319962e-02
2.000000000000000000e+00,1.378131600000000000e+10,2.907439979976002634e-02
2.299999999999999822e+00,1.635836600000000191e+10,3.071414951242977878e-02
2.600000000000000089e+00,1.276692400000000000e+10,3.251878626108498788e-02
2.899999999999999911e+00,9.569199000000000000e+09,3.326034231258038348e-02
3.299999999999999822e+00,9.309422000000000000e+09,3.709282055134063144e-02
3.700000000000000178e+00,6.849514000000000000e+09,4.147296798834242820e-02
4.099999999999999645e+00,5.195984000000000000e+09,4.146632498573143977e-02
4.500000000000000000e+00,4.148958000000000000e+09,3.877038675681413610e-02
5.000000000000000000e+00,3.970174000000000000e+09,3.658098623797212401e-02
5.500000000000000000e+00,3.015740500000000000e+09,3.534702819726218137e-02
6.000000000000000000e+00,2.522641500000000000e+09,3.404452631826568321e-02
6.700000000000000178e+00,3.029400900000000000e+09,3.224936624582258604e-02
7.400000000000000355e+00,2.375152100000000000e+09,3.015897521811072499e-02
8.199999999999999289e+00,2.034367299999999762e+09,3.298029441610367263e-02
9.000000000000000000e+00,1.659035600000000000e+09,3.886897348193230073e-02
1.000000000000000000e+01,1.969484100000000000e+09,4.457056585473075094e-02
1.100000000000000000e+01,2.122271899999999762e+09,4.966514978698909066e-02
1.200000000000000000e+01,1.034412699999999881e+09,5.466147265139333078e-02
1.250000000000000000e+01,4.300695000000000000e+08,5.787146344000982517e-02
1.259999999999999964e+01,1.075630700000000000e+08,5.907410723448759671e-02
1.269999999999999929e+01,1.153234500000000000e+08,5.899334644327901278e-02
1.280000000000000071e+01,1.244180500000000000e+08,5.936119480746956251e-02
1.290000000000000036e+01,1.331737300000000000e+08,5.973549797844302650e-02
1.300000000000000000e+01,1.683496300000000000e+08,6.009067925946085659e-02
1.309999999999999964e+01,2.114527800000000000e+08,6.053586948547810126e-02
1.319999999999999929e+01,1.798059400000000000e+08,6.091941398463125018e-02
1.330000000000000071e+01,1.705537200000000000e+08,6.149374156341068376e-02
1.340000000000000036e+01,2.040764600000000000e+08,6.139653955260353235e-02
1.350000000000000000e+01,3.231705800000000000e+08,5.944761973930886428e-02
1.359999999999999964e+01,4.115547000000000000e+08,5.760294477897577592e-02
1.369999999999999929e+01,3.818733000000000000e+08,5.577557111007675622e-02
1.380000000000000071e+01,6.038659000000000000e+08,5.395910255930817800e-02
1.390000000000000036e+01,2.643283700000000000e+09,5.210154024845971982e-02
1.400000000000000000e+01,1.512530400000000000e+10,4.578765767820008187e-02
1.409999999999999964e+01,4.796088000000000000e+10,4.581767776367583200e-02
1.419999999999999929e+01,6.780841999999999643e+03,4.931298202255223750e-01
1.430000000000000071e+01,5.692708999999999833e+03,4.101631134020415903e-01
1.440000000000000036e+01,4.651565999999999804e+03,2.789821850865320529e-01
1.450000000000000000e+01,3.194113800000000083e+03,4.307399558848192811e-01
1.459999999999999964e+01,4.459573000000000320e+03,3.124721261099236425e-01
1.469999999999999929e+01,5.628440000000000509e+03,4.376014849102503046e-01
1.480000000000000071e+01,3.714060000000000582e+04,9.125491655772066668e-01
1.490000000000000036e+01,8.193908999999999651e+03,4.471499296607973073e-01
1.500000000000000000e+01,3.458741499999999633e+03,3.793726131333889917e-01
1.509999999999999964e+01,4.955964999999999236e+03,4.074800971773419045e-01
1.519999999999999929e+01,2.686747600000000148e+03,4.341208467646491820e-01
1.530000000000000071e+01,1.832147499999999809e+03,3.614114962140191900e-01
1.540000000000000036e+01,1.124814800000000105e+04,6.091229593404406950e-01
1.550000000000000000e+01,3.558415800000000218e+03,4.226867156602582831e-01
1.559999999999999964e+01,2.598983600000000024e+03,3.268225506228969457e-01
1.569999999999999929e+01,5.014646999999999935e+03,4.936276629157406171e-01
1.580000000000000071e+01,2.524683899999999994e+03,4.478462566502661168e-01
1.590000000000000036e+01,1.266584000000000060e+03,4.894459210123791038e-01
1.600000000000000000e+01,4.835715000000000146e+03,5.910757223872894484e-01
1.650000000000000000e+01,3.610952100000000064e+04,6.375459431254002496e-01
