ETA Experiment with Modeled values from SAMPLER
  129  10    1    0    1  <-- KG    KA    IPNT  IACT  KQT  (5I5)
0.005  9.0  0.03  0.001       <-- ACVX  FCHN  FCVX  FS         (free format)
0.0   0   0  1 1.0  <-- AK1   NORML ILOG  TIME  ACNM (free fmt: R,I,I,R,R)
ZR902    4.375E-14 0.047                       IFX
NI582    1.516E-15 0.048                       IFX
NI58P    5.509E-14 0.025                       IFX
AU1972   1.518E-13 0.048                       IFX
AU197G   5.262E-14 0.026            AUNG 3.937 IFX
IN115N   5.466E-14 0.023                       IFX
IN115G   7.268E-14 0.034            INNG 39.37 IFX
Al27A    9.054E-15 0.046                       IFX
W186G    2.068E-14 0.041            WWNG 39.37 IFX
MN55G    2.157E-15 0.196            MNNG 39.37 IFX
Flux Uncertainty
 129                          <-- NGP  (I4)
 1.0355
 1.2497
 1.1552
 1.1213
 1.1223
 1.0913
 1.0960
 1.0916
 1.1109
 1.0312
 1.0120
 0.9859
 0.9584
 0.9295
 0.8575
 0.7478
 0.5982
 0.3937
 0.1403
 0.1253
 0.1118
 0.1038
 0.0985
 0.0954
 0.0980
 0.0887
 0.0873
 0.0759
 0.0778
 0.0714
 0.0660
 0.0494
 0.0439
 0.0404
 0.0363
 0.0316
 0.0314
 0.0321
 0.0333
 0.0331
 0.0341
 0.0338
 0.0333
 0.0332
 0.0349
 0.0347
 0.0317
 0.0337
 0.0327
 0.0338
 0.0299
 0.0306
 0.0304
 0.0294
 0.0294
 0.0293
 0.0285
 0.0278
 0.0279
 0.0278
 0.0274
 0.0273
 0.0273
 0.0286
 0.0279
 0.0282
 0.0279
 0.0282
 0.0280
 0.0296
 0.0326
 0.0307
 0.0295
 0.0278
 0.0291
 0.0307
 0.0325
 0.0333
 0.0371
 0.0415
 0.0415
 0.0388
 0.0366
 0.0353
 0.0340
 0.0322
 0.0302
 0.0330
 0.0389
 0.0446
 0.0497
 0.0547
 0.0579
 0.0591
 0.0590
 0.0594
 0.0597
 0.0601
 0.0605
 0.0609
 0.0615
 0.0614
 0.0594
 0.0576
 0.0558
 0.0540
 0.0521
 0.0458
 0.0458
 0.4931
 0.4102
 0.2790
 0.4307
 0.3125
 0.4376
 0.9125
 0.4471
 0.3794
 0.4075
 0.4341
 0.3614
 0.6091
 0.4227
 0.3268
 0.4936
 0.4478
 0.4894
 0.5911
 0.6375
Input Flux Spectrum
 129 0 1.000E+00 0.000E+00 0.000E+00   <-- NGP, ITHERM, TNORM, TMPR, ETE  (2I4, 3F10.4)
 0.0000E+00
 3.7799E+02
 1.5297E+03
 6.7055E+03
 8.2530E+03
 1.4200E+04
 3.2013E+04
 5.3453E+04
 7.5461E+04
 9.6507E+04
 1.3153E+05
 1.3043E+05
 1.1301E+05
 5.0068E+05
 4.3025E+05
 4.5032E+05
 6.9017E+05
 1.0944E+06
 8.9964E+05
 1.6276E+06
 2.4295E+06
 2.9516E+06
 3.1068E+06
 2.5375E+06
 2.0925E+06
 3.0479E+06
 3.4332E+06
 2.0113E+06
 2.1742E+06
 4.3566E+06
 6.4538E+06
 5.6297E+06
 8.9335E+06
 1.2572E+07
 2.5267E+07
 2.9482E+07
 3.7327E+07
 7.9032E+07
 8.8867E+07
 1.8608E+08
 2.2697E+08
 4.1162E+08
 4.4300E+08
 6.0209E+08
 1.1770E+09
 1.6801E+09
 1.2839E+09
 2.5872E+09
 3.1696E+09
 6.2655E+09
 5.0688E+09
 7.6971E+09
 6.4256E+09
 8.3134E+09
 7.6568E+09
 9.0000E+09
 9.6892E+09
 7.6140E+09
 1.0806E+10
 1.0391E+10
 1.1571E+10
 1.1865E+10
 1.1401E+10
 1.1233E+10
 1.3123E+10
 1.3188E+10
 1.2827E+10
 1.1369E+10
 1.4921E+10
 1.3834E+10
 2.9046E+10
 2.3184E+10
 1.9731E+10
 1.6377E+10
 1.3781E+10
 1.6358E+10
 1.2767E+10
 9.5692E+09
 9.3094E+09
 6.8495E+09
 5.1960E+09
 4.1490E+09
 3.9702E+09
 3.0157E+09
 2.5226E+09
 3.0294E+09
 2.3752E+09
 2.0344E+09
 1.6590E+09
 1.9695E+09
 2.1223E+09
 1.0344E+09
 4.3007E+08
 1.0756E+08
 1.1532E+08
 1.2442E+08
 1.3317E+08
 1.6835E+08
 2.1145E+08
 1.7981E+08
 1.7055E+08
 2.0408E+08
 3.2317E+08
 4.1155E+08
 3.8187E+08
 6.0387E+08
 2.6433E+09
 1.5125E+10
 4.7961E+10
 6.7808E+03
 5.6927E+03
 4.6516E+03
 3.1941E+03
 4.4596E+03
 5.6284E+03
 3.7141E+04
 8.1939E+03
 3.4587E+03
 4.9560E+03
 2.6867E+03
 1.8321E+03
 1.1248E+04
 3.5584E+03
 2.5990E+03
 5.0146E+03
 2.5247E+03
 1.2666E+03
 4.8357E+03
 3.6110E+04
  10  13  28  11  8  5  8  7 10 29
