     Region Tally 7 (neutron)
         tally limited to unit: 1
         tally limited to region: 11
         tally limited to media: 11
         energyBounds:    1 with 252 groups
         timeBounds:      1 with 1 bins
         comment:          U Foil Flux [n/cm^2-srcp] Analysis
         volume (cm**3)    6.4092767E-02
         multiplier:         1.0000000E+00

 Details for the final tally

         Neutron Fluxes - for time bin 1 ( 0.0000000E+00 to  1.0000000E+06 sec)

                upper energy        track-length estimator          collision-density estimator   
         group      (eV)             value  uncertainty     rel         value  uncertainty     rel
         -----  ------------  ------------ ------------ -------  ------------ ------------ -------
             1   2.00000E+07   0.00000E+00  0.00000E+00 0.00000   0.00000E+00  0.00000E+00 0.00000
             2   1.73300E+07   0.00000E+00  0.00000E+00 0.00000   0.00000E+00  0.00000E+00 0.00000
             3   1.56800E+07   0.00000E+00  0.00000E+00 0.00000   0.00000E+00  0.00000E+00 0.00000
             4   1.45500E+07   1.84827E-05  7.64481E-08 0.00414   1.90055E-05  4.20034E-07 0.02210
             5   1.38400E+07   1.29413E-06  1.94543E-08 0.01503   1.21137E-06  1.06536E-07 0.08795
             6   1.28400E+07   1.21454E-06  1.68728E-08 0.01389   1.16169E-06  1.09370E-07 0.09415
             7   1.00000E+07   1.03401E-06  1.88440E-08 0.01822   1.08594E-06  1.13563E-07 0.10458
             8   8.18700E+06   1.59598E-06  2.06507E-08 0.01294   1.53929E-06  1.19137E-07 0.07740
             9   6.43400E+06   2.33640E-06  2.58885E-08 0.01108   2.28422E-06  1.22934E-07 0.05382
            10   4.80000E+06   1.20576E-06  2.16447E-08 0.01795   1.20903E-06  8.82564E-08 0.07300
            11   4.30400E+06   5.62933E-06  4.17448E-08 0.00742   5.32021E-06  1.68121E-07 0.03160
            12   3.00000E+06   4.65303E-06  3.16019E-08 0.00679   4.51444E-06  1.48929E-07 0.03299
            13   2.47900E+06   1.48686E-06  1.74359E-08 0.01173   1.60947E-06  9.82790E-08 0.06106
            14   2.35400E+06   7.90858E-06  4.59435E-08 0.00581   7.80731E-06  2.07489E-07 0.02658
            15   1.85000E+06   8.01785E-06  4.55735E-08 0.00568   7.92160E-06  2.06487E-07 0.02607
            16   1.50000E+06   2.79696E-06  2.61231E-08 0.00934   2.60913E-06  1.14912E-07 0.04404
            17   1.40000E+06   1.32018E-06  1.70065E-08 0.01288   1.22762E-06  7.91051E-08 0.06444
            18   1.35600E+06   1.19980E-06  1.60897E-08 0.01341   1.17595E-06  8.15893E-08 0.06938
            19   1.31700E+06   2.12526E-06  2.95523E-08 0.01391   2.20278E-06  1.21909E-07 0.05534
            20   1.25000E+06   1.65953E-06  1.87925E-08 0.01132   1.90527E-06  1.09302E-07 0.05737
            21   1.20000E+06   3.68162E-06  3.01337E-08 0.00818   3.47664E-06  1.33035E-07 0.03827
            22   1.10000E+06   3.80153E-06  3.12838E-08 0.00823   3.67059E-06  1.46906E-07 0.04002
            23   1.01000E+06   4.15353E-06  2.88886E-08 0.00696   4.19266E-06  1.58177E-07 0.03773
            24   9.20000E+05   9.89914E-07  1.38635E-08 0.01400   1.00182E-06  7.81739E-08 0.07803
            25   9.00000E+05   1.24799E-06  1.47139E-08 0.01179   1.27236E-06  7.94824E-08 0.06247
            26   8.75000E+05   7.05668E-07  1.20034E-08 0.01701   6.86299E-07  6.20785E-08 0.09045
            27   8.61100E+05   2.08207E-06  1.97698E-08 0.00950   1.99327E-06  9.50283E-08 0.04767
            28   8.20000E+05   3.74994E-06  2.99741E-08 0.00799   3.87556E-06  1.35289E-07 0.03491
            29   7.50000E+05   4.17382E-06  2.84667E-08 0.00682   4.10874E-06  1.42538E-07 0.03469
            30   6.79000E+05   5.17982E-07  8.38438E-09 0.01619   4.24410E-07  3.98568E-08 0.09391
            31   6.70000E+05   4.05415E-06  2.70300E-08 0.00667   4.09940E-06  1.30483E-07 0.03183
            32   6.00000E+05   1.58452E-06  1.51427E-08 0.00956   1.58712E-06  8.29775E-08 0.05228
            33   5.73000E+05   1.39124E-06  1.49163E-08 0.01072   1.34836E-06  7.18251E-08 0.05327
            34   5.50000E+05   3.54155E-06  2.94702E-08 0.00832   3.43257E-06  1.16406E-07 0.03391
            35   4.92000E+05   1.43445E-06  1.42788E-08 0.00995   1.54686E-06  7.76629E-08 0.05021
            36   4.70000E+05   1.83987E-06  3.11543E-08 0.01693   1.95713E-06  8.43188E-08 0.04308
            37   4.40000E+05   1.17002E-06  1.29660E-08 0.01108   1.28232E-06  6.74834E-08 0.05263
            38   4.20000E+05   1.28646E-06  1.29088E-08 0.01003   1.31594E-06  7.03106E-08 0.05343
            39   4.00000E+05   4.83782E-06  3.57963E-08 0.00740   4.76110E-06  1.32870E-07 0.02791
            40   3.30000E+05   4.03103E-06  2.66528E-08 0.00661   4.11394E-06  1.16066E-07 0.02821
            41   2.70000E+05   4.84882E-06  2.83634E-08 0.00585   4.68460E-06  1.20445E-07 0.02571
            42   2.00000E+05   3.49898E-06  2.18432E-08 0.00624   3.47564E-06  9.31930E-08 0.02681
            43   1.49000E+05   1.59093E-06  1.37214E-08 0.00862   1.56581E-06  6.62766E-08 0.04233
            44   1.28300E+05   1.91479E-06  2.31332E-08 0.01208   1.84047E-06  7.12197E-08 0.03870
            45   1.00000E+05   7.85348E-07  7.79315E-09 0.00992   8.29705E-07  4.14374E-08 0.04994
            46   8.50000E+04   1.78223E-07  5.08645E-09 0.02854   1.74866E-07  1.80749E-08 0.10336
            47   8.20000E+04   5.83534E-07  6.82950E-09 0.01170   5.97680E-07  3.50916E-08 0.05871
            48   7.50000E+04   1.69928E-07  3.42318E-09 0.02014   1.66086E-07  1.75120E-08 0.10544
            49   7.30000E+04   9.15178E-07  2.20417E-08 0.02408   8.81470E-07  5.00933E-08 0.05683
            50   6.00000E+04   4.98040E-07  8.08165E-09 0.01623   4.38089E-07  3.50822E-08 0.08008
            51   5.20000E+04   1.14089E-07  3.23548E-09 0.02836   1.28801E-07  1.68729E-08 0.13100
            52   5.00000E+04   2.69195E-07  5.03520E-09 0.01870   2.85164E-07  2.53725E-08 0.08898
            53   4.50000E+04   7.42353E-07  8.77775E-09 0.01182   7.69509E-07  3.66399E-08 0.04761
            54   3.00000E+04   5.17107E-07  7.77265E-09 0.01503   5.32335E-07  3.71898E-08 0.06986
            55   2.00000E+04   1.33896E-07  4.08655E-09 0.03052   1.36296E-07  1.87486E-08 0.13756
            56   1.70000E+04   1.79538E-07  4.49016E-09 0.02501   1.78752E-07  2.15757E-08 0.12070
            57   1.30000E+04   1.45619E-07  4.93485E-09 0.03389   1.63296E-07  2.11465E-08 0.12950
            58   9.50000E+03   5.59727E-08  2.48391E-09 0.04438   6.19465E-08  1.25390E-08 0.20242
            59   8.03000E+03   6.91818E-08  2.66221E-09 0.03848   5.67001E-08  1.06171E-08 0.18725
            60   5.70000E+03   4.75138E-08  2.41313E-09 0.05079   4.75555E-08  1.09348E-08 0.22994
            61   3.90000E+03   4.71229E-09  5.69194E-10 0.12079   4.88132E-09  2.67218E-09 0.54743
            62   3.74000E+03   2.01426E-08  1.99582E-09 0.09908   2.96903E-08  1.39621E-08 0.47026
            63   3.00000E+03   1.28987E-08  1.32706E-09 0.10288   1.88583E-08  6.91015E-09 0.36642
            64   2.50000E+03   5.09553E-09  6.00098E-10 0.11777   3.70595E-09  2.62558E-09 0.70848
            65   2.25000E+03   1.48751E-09  2.67556E-10 0.17987   1.58689E-09  1.28066E-09 0.80702
            66   2.20000E+03   9.00616E-09  1.07934E-09 0.11984   1.92245E-08  6.14312E-09 0.31955
            67   1.80000E+03   5.08003E-09  8.14820E-10 0.16040   4.05762E-09  1.91796E-09 0.47268
            68   1.55000E+03   6.92192E-10  1.63794E-10 0.23663   2.14916E-09  1.85667E-09 0.86390
            69   1.50000E+03   6.39239E-09  7.81757E-10 0.12230   8.59743E-09  3.94184E-09 0.45849
            70   1.15000E+03   5.43485E-09  1.08104E-09 0.19891   6.61140E-09  3.61826E-09 0.54728
            71   9.50000E+02   7.53751E-09  1.16001E-09 0.15390   8.38865E-09  3.84126E-09 0.45791
            72   6.83000E+02   1.30461E-10  4.66625E-11 0.35767   4.11261E-10  4.11261E-10 1.00000
            73   6.70000E+02   3.19152E-09  6.92679E-10 0.21704   5.31956E-09  2.71043E-09 0.50952
            74   5.50000E+02   1.15008E-08  3.82554E-09 0.33263   1.07200E-08  8.48435E-09 0.79145
            75   3.05000E+02   1.41498E-09  5.18752E-10 0.36661   5.47196E-10  3.86950E-10 0.70715
            76   2.85000E+02   2.79647E-09  7.98797E-10 0.28564   2.44073E-09  1.47556E-09 0.60456
            77   2.40000E+02   7.51374E-10  3.54043E-10 0.47119   1.65052E-10  1.65052E-10 1.00000
            78   2.20000E+02   6.88322E-10  2.33093E-10 0.33864   1.70572E-10  1.70572E-10 1.00000
            79   2.09500E+02   9.89770E-11  7.31653E-11 0.73921   0.00000E+00  0.00000E+00 0.00000
            80   2.07400E+02   1.86026E-10  7.40887E-11 0.39827   2.20948E-10  2.20948E-10 1.00000
            81   2.02000E+02   5.77240E-10  2.29030E-10 0.39677   1.90303E-10  1.90303E-10 1.00000
            82   1.93000E+02   7.90567E-11  6.68839E-11 0.84602   0.00000E+00  0.00000E+00 0.00000
            83   1.91500E+02   1.03574E-10  6.85671E-11 0.66201   0.00000E+00  0.00000E+00 0.00000
            84   1.88500E+02   1.40399E-11  1.40399E-11 1.00000   0.00000E+00  0.00000E+00 0.00000
            85   1.87700E+02   4.23409E-10  1.95045E-10 0.46065   1.27295E-09  1.27295E-09 1.00000
            86   1.80000E+02   4.04080E-10  1.62395E-10 0.40189   7.61058E-10  7.61058E-10 1.00000
            87   1.70000E+02   1.30394E-09  3.54301E-10 0.27172   3.50055E-09  2.82637E-09 0.80741
            88   1.43000E+02   8.78997E-10  2.87230E-10 0.32677   0.00000E+00  0.00000E+00 0.00000
            89   1.22000E+02   1.93855E-10  7.59215E-11 0.39164   1.37225E-09  1.18288E-09 0.86200
            90   1.19000E+02   4.03762E-11  2.58006E-11 0.63901   9.00141E-11  9.00141E-11 1.00000
            91   1.17500E+02   6.39424E-11  6.04908E-11 0.94602   0.00000E+00  0.00000E+00 0.00000
            92   1.16000E+02   1.72883E-10  1.20659E-10 0.69792   0.00000E+00  0.00000E+00 0.00000
            93   1.13000E+02   2.14596E-10  9.69425E-11 0.45175   0.00000E+00  0.00000E+00 0.00000
            94   1.08000E+02   2.56714E-10  1.77835E-10 0.69274   0.00000E+00  0.00000E+00 0.00000
            95   1.05000E+02   2.64843E-10  1.23758E-10 0.46729   1.36264E-10  1.36264E-10 1.00000
            96   1.01200E+02   2.59312E-10  9.50845E-11 0.36668   0.00000E+00  0.00000E+00 0.00000
            97   9.70000E+01   5.78327E-10  1.92525E-10 0.33290   1.40404E-09  1.12584E-09 0.80186
            98   9.00000E+01   6.70661E-10  2.23711E-10 0.33357   0.00000E+00  0.00000E+00 0.00000
            99   8.17000E+01   1.31061E-10  4.98749E-11 0.38055   0.00000E+00  0.00000E+00 0.00000
           100   8.00000E+01   2.16877E-10  8.58902E-11 0.39603   0.00000E+00  0.00000E+00 0.00000
           101   7.60000E+01   3.87326E-10  1.78987E-10 0.46211   1.76211E-10  1.76211E-10 1.00000
           102   7.20000E+01   3.16995E-10  1.19034E-10 0.37551   0.00000E+00  0.00000E+00 0.00000
           103   6.75000E+01   2.48311E-10  1.78478E-10 0.71877   1.29437E-09  1.09465E-09 0.84571
           104   6.50000E+01   1.36304E-10  9.86846E-11 0.72400   1.29718E-09  1.29718E-09 1.00000
           105   6.30000E+01   2.69134E-10  1.75168E-10 0.65086   0.00000E+00  0.00000E+00 0.00000
           106   6.10000E+01   1.75039E-10  7.34087E-11 0.41938   0.00000E+00  0.00000E+00 0.00000
           107   5.80000E+01   1.17136E-09  6.20419E-10 0.52966   1.12488E-09  1.12488E-09 1.00000
           108   5.34000E+01   4.02686E-10  1.85713E-10 0.46119   6.56488E-10  5.61171E-10 0.85481
           109   5.06000E+01   1.55555E-10  6.72381E-11 0.43225   0.00000E+00  0.00000E+00 0.00000
           110   4.83000E+01   3.64553E-10  2.58061E-10 0.70788   9.71111E-10  9.71111E-10 1.00000
           111   4.52000E+01   9.48024E-11  4.53059E-11 0.47790   0.00000E+00  0.00000E+00 0.00000
           112   4.40000E+01   1.48517E-10  1.28205E-10 0.86323   1.35409E-10  1.35409E-10 1.00000
           113   4.24000E+01   7.44014E-11  4.23155E-11 0.56875   0.00000E+00  0.00000E+00 0.00000
           114   4.10000E+01   1.26742E-10  5.97476E-11 0.47141   0.00000E+00  0.00000E+00 0.00000
           115   3.96000E+01   7.11751E-11  6.25778E-11 0.87921   0.00000E+00  0.00000E+00 0.00000
           116   3.91000E+01   9.57115E-11  6.06888E-11 0.63408   0.00000E+00  0.00000E+00 0.00000
           117   3.80000E+01   2.77332E-11  2.41947E-11 0.87241   0.00000E+00  0.00000E+00 0.00000
           118   3.76300E+01   1.52912E-11  1.52912E-11 1.00000   0.00000E+00  0.00000E+00 0.00000
           119   3.72700E+01   1.41151E-12  1.41151E-12 1.00000   0.00000E+00  0.00000E+00 0.00000
           120   3.71300E+01   2.16689E-11  1.58438E-11 0.73118   0.00000E+00  0.00000E+00 0.00000
           121   3.70000E+01   2.60084E-10  1.51330E-10 0.58185   0.00000E+00  0.00000E+00 0.00000
           122   3.60000E+01   5.24613E-11  3.81548E-11 0.72729   0.00000E+00  0.00000E+00 0.00000
           123   3.55000E+01   2.15831E-10  1.39879E-10 0.64809   3.36887E-10  2.13200E-10 0.63285
           124   3.50000E+01   2.52275E-10  1.20277E-10 0.47677   7.00330E-11  7.00330E-11 1.00000
           125   3.37500E+01   7.23741E-11  4.21229E-11 0.58202   0.00000E+00  0.00000E+00 0.00000
           126   3.32500E+01   1.56850E-10  8.94388E-11 0.57022   0.00000E+00  0.00000E+00 0.00000
           127   3.17500E+01   4.03033E-11  2.69158E-11 0.66783   0.00000E+00  0.00000E+00 0.00000
           128   3.12500E+01   1.76279E-10  7.64762E-11 0.43384   0.00000E+00  0.00000E+00 0.00000
           129   3.00000E+01   5.96568E-10  2.26611E-10 0.37986   0.00000E+00  0.00000E+00 0.00000
           130   2.75000E+01   3.48476E-10  1.34425E-10 0.38575   1.01227E-09  1.01227E-09 1.00000
           131   2.50000E+01   2.99478E-10  1.40472E-10 0.46906   1.32740E-09  1.22451E-09 0.92249
           132   2.25000E+01   9.87223E-11  4.22877E-11 0.42835   0.00000E+00  0.00000E+00 0.00000
           133   2.17500E+01   1.42040E-10  1.29091E-10 0.90883   0.00000E+00  0.00000E+00 0.00000
           134   2.12000E+01   3.80594E-12  2.90970E-12 0.76452   3.34837E-11  3.34837E-11 1.00000
           135   2.05000E+01   9.45966E-12  6.66296E-12 0.70435   0.00000E+00  0.00000E+00 0.00000
           136   2.00000E+01   6.90915E-11  6.59624E-11 0.95471   0.00000E+00  0.00000E+00 0.00000
           137   1.94000E+01   2.07585E-11  1.89568E-11 0.91321   0.00000E+00  0.00000E+00 0.00000
           138   1.85000E+01   4.23156E-11  2.41717E-11 0.57122   0.00000E+00  0.00000E+00 0.00000
           139   1.70000E+01   1.43046E-10  6.68018E-11 0.46699   0.00000E+00  0.00000E+00 0.00000
           140   1.60000E+01   2.34718E-10  1.03490E-10 0.44091   0.00000E+00  0.00000E+00 0.00000
           141   1.44000E+01   8.08037E-10  6.28600E-10 0.77793   8.70557E-10  8.70557E-10 1.00000
           142   1.29000E+01   2.75609E-10  1.42055E-10 0.51542   4.67067E-10  4.67067E-10 1.00000
           143   1.19000E+01   1.29567E-10  1.06595E-10 0.82270   0.00000E+00  0.00000E+00 0.00000
           144   1.15000E+01   6.40770E-10  2.96814E-10 0.46322   2.01908E-10  2.01908E-10 1.00000
           145   1.00000E+01   1.43543E-10  7.98403E-11 0.55621   0.00000E+00  0.00000E+00 0.00000
           146   9.10000E+00   1.46592E-10  9.16331E-11 0.62509   1.24967E-10  1.24967E-10 1.00000
           147   8.10000E+00   2.00780E-10  1.40844E-10 0.70148   2.76546E-10  2.76546E-10 1.00000
           148   7.15000E+00   1.97779E-11  1.39874E-11 0.70723   0.00000E+00  0.00000E+00 0.00000
           149   7.00000E+00   0.00000E+00  0.00000E+00 0.00000   0.00000E+00  0.00000E+00 0.00000
           150   6.87500E+00   1.39677E-10  1.34011E-10 0.95944   8.16060E-10  8.16060E-10 1.00000
           151   6.75000E+00   5.20371E-10  4.67648E-10 0.89868   3.49859E-10  2.82325E-10 0.80697
           152   6.50000E+00   2.20293E-10  1.32268E-10 0.60042   2.21458E-11  2.21458E-11 1.00000
           153   6.25000E+00   3.11056E-10  2.26812E-10 0.72917   1.13511E-10  1.13511E-10 1.00000
           154   6.00000E+00   2.71025E-10  1.45476E-10 0.53676   4.14870E-10  4.14870E-10 1.00000
           155   5.40000E+00   4.49263E-11  4.49263E-11 1.00000   5.14578E-10  5.14578E-10 1.00000
           156   5.00000E+00   0.00000E+00  0.00000E+00 0.00000   0.00000E+00  0.00000E+00 0.00000
           157   4.70000E+00   0.00000E+00  0.00000E+00 0.00000   0.00000E+00  0.00000E+00 0.00000
           158   4.10000E+00   0.00000E+00  0.00000E+00 0.00000   0.00000E+00  0.00000E+00 0.00000
           159   3.73000E+00   1.16820E-11  1.16820E-11 1.00000   0.00000E+00  0.00000E+00 0.00000
           160   3.50000E+00   6.75997E-11  6.35808E-11 0.94055   0.00000E+00  0.00000E+00 0.00000
           161   3.20000E+00   0.00000E+00  0.00000E+00 0.00000   0.00000E+00  0.00000E+00 0.00000
           162   3.10000E+00   3.56882E-11  3.56882E-11 1.00000   0.00000E+00  0.00000E+00 0.00000
           163   3.00000E+00   6.33380E-12  6.33380E-12 1.00000   0.00000E+00  0.00000E+00 0.00000
           164   2.97000E+00   5.67241E-11  4.67736E-11 0.82458   0.00000E+00  0.00000E+00 0.00000
           165   2.87000E+00   0.00000E+00  0.00000E+00 0.00000   0.00000E+00  0.00000E+00 0.00000
           166   2.77000E+00   3.75892E-11  2.94523E-11 0.78353   0.00000E+00  0.00000E+00 0.00000
           167   2.67000E+00   5.36263E-10  4.66657E-10 0.87020   4.50366E-10  4.50366E-10 1.00000
           168   2.57000E+00   6.02397E-11  3.86258E-11 0.64120   0.00000E+00  0.00000E+00 0.00000
           169   2.47000E+00   7.12531E-11  7.12531E-11 1.00000   0.00000E+00  0.00000E+00 0.00000
           170   2.38000E+00   2.01395E-11  2.01395E-11 1.00000   0.00000E+00  0.00000E+00 0.00000
           171   2.30000E+00   3.85781E-11  2.42824E-11 0.62944   0.00000E+00  0.00000E+00 0.00000
           172   2.21000E+00   1.19536E-11  1.19536E-11 1.00000   0.00000E+00  0.00000E+00 0.00000
           173   2.12000E+00   1.74662E-12  1.74662E-12 1.00000   0.00000E+00  0.00000E+00 0.00000
           174   2.00000E+00   1.22212E-11  1.22212E-11 1.00000   0.00000E+00  0.00000E+00 0.00000
           175   1.94000E+00   0.00000E+00  0.00000E+00 0.00000   0.00000E+00  0.00000E+00 0.00000
           176   1.86000E+00   0.00000E+00  0.00000E+00 0.00000   0.00000E+00  0.00000E+00 0.00000
           177   1.77000E+00   0.00000E+00  0.00000E+00 0.00000   0.00000E+00  0.00000E+00 0.00000
           178   1.68000E+00   1.29562E-11  1.29562E-11 1.00000   0.00000E+00  0.00000E+00 0.00000
           179   1.59000E+00   4.93078E-11  4.93078E-11 1.00000   0.00000E+00  0.00000E+00 0.00000
           180   1.50000E+00   4.96770E-12  4.96770E-12 1.00000   1.43883E-09  1.43883E-09 1.00000
           181   1.45000E+00   0.00000E+00  0.00000E+00 0.00000   0.00000E+00  0.00000E+00 0.00000
           182   1.40000E+00   0.00000E+00  0.00000E+00 0.00000   0.00000E+00  0.00000E+00 0.00000
           183   1.35000E+00   0.00000E+00  0.00000E+00 0.00000   0.00000E+00  0.00000E+00 0.00000
           184   1.30000E+00   0.00000E+00  0.00000E+00 0.00000   0.00000E+00  0.00000E+00 0.00000
           185   1.25000E+00   0.00000E+00  0.00000E+00 0.00000   0.00000E+00  0.00000E+00 0.00000
           186   1.22500E+00   0.00000E+00  0.00000E+00 0.00000   0.00000E+00  0.00000E+00 0.00000
           187   1.20000E+00   0.00000E+00  0.00000E+00 0.00000   0.00000E+00  0.00000E+00 0.00000
           188   1.17500E+00   0.00000E+00  0.00000E+00 0.00000   0.00000E+00  0.00000E+00 0.00000
           189   1.15000E+00   0.00000E+00  0.00000E+00 0.00000   0.00000E+00  0.00000E+00 0.00000
           190   1.14000E+00   0.00000E+00  0.00000E+00 0.00000   0.00000E+00  0.00000E+00 0.00000
           191   1.13000E+00   0.00000E+00  0.00000E+00 0.00000   0.00000E+00  0.00000E+00 0.00000
           192   1.12000E+00   0.00000E+00  0.00000E+00 0.00000   0.00000E+00  0.00000E+00 0.00000
           193   1.11000E+00   0.00000E+00  0.00000E+00 0.00000   0.00000E+00  0.00000E+00 0.00000
           194   1.10000E+00   0.00000E+00  0.00000E+00 0.00000   0.00000E+00  0.00000E+00 0.00000
           195   1.09000E+00   0.00000E+00  0.00000E+00 0.00000   0.00000E+00  0.00000E+00 0.00000
           196   1.08000E+00   0.00000E+00  0.00000E+00 0.00000   0.00000E+00  0.00000E+00 0.00000
           197   1.07000E+00   0.00000E+00  0.00000E+00 0.00000   0.00000E+00  0.00000E+00 0.00000
           198   1.06000E+00   0.00000E+00  0.00000E+00 0.00000   0.00000E+00  0.00000E+00 0.00000
           199   1.05000E+00   0.00000E+00  0.00000E+00 0.00000   0.00000E+00  0.00000E+00 0.00000
           200   1.04000E+00   0.00000E+00  0.00000E+00 0.00000   0.00000E+00  0.00000E+00 0.00000
           201   1.03000E+00   0.00000E+00  0.00000E+00 0.00000   0.00000E+00  0.00000E+00 0.00000
           202   1.02000E+00   0.00000E+00  0.00000E+00 0.00000   0.00000E+00  0.00000E+00 0.00000
           203   1.01000E+00   0.00000E+00  0.00000E+00 0.00000   0.00000E+00  0.00000E+00 0.00000
           204   1.00000E+00   0.00000E+00  0.00000E+00 0.00000   0.00000E+00  0.00000E+00 0.00000
           205   9.75000E-01   0.00000E+00  0.00000E+00 0.00000   0.00000E+00  0.00000E+00 0.00000
           206   9.50000E-01   0.00000E+00  0.00000E+00 0.00000   0.00000E+00  0.00000E+00 0.00000
           207   9.25000E-01   0.00000E+00  0.00000E+00 0.00000   0.00000E+00  0.00000E+00 0.00000
           208   9.00000E-01   0.00000E+00  0.00000E+00 0.00000   0.00000E+00  0.00000E+00 0.00000
           209   8.50000E-01   0.00000E+00  0.00000E+00 0.00000   0.00000E+00  0.00000E+00 0.00000
           210   8.00000E-01   0.00000E+00  0.00000E+00 0.00000   0.00000E+00  0.00000E+00 0.00000
           211   7.50000E-01   0.00000E+00  0.00000E+00 0.00000   0.00000E+00  0.00000E+00 0.00000
           212   7.00000E-01   2.64096E-11  2.64096E-11 1.00000   0.00000E+00  0.00000E+00 0.00000
           213   6.50000E-01   0.00000E+00  0.00000E+00 0.00000   0.00000E+00  0.00000E+00 0.00000
           214   6.25000E-01   0.00000E+00  0.00000E+00 0.00000   0.00000E+00  0.00000E+00 0.00000
           215   6.00000E-01   0.00000E+00  0.00000E+00 0.00000   0.00000E+00  0.00000E+00 0.00000
           216   5.50000E-01   0.00000E+00  0.00000E+00 0.00000   0.00000E+00  0.00000E+00 0.00000
           217   5.00000E-01   0.00000E+00  0.00000E+00 0.00000   0.00000E+00  0.00000E+00 0.00000
           218   4.50000E-01   0.00000E+00  0.00000E+00 0.00000   0.00000E+00  0.00000E+00 0.00000
           219   4.00000E-01   0.00000E+00  0.00000E+00 0.00000   0.00000E+00  0.00000E+00 0.00000
           220   3.75000E-01   0.00000E+00  0.00000E+00 0.00000   0.00000E+00  0.00000E+00 0.00000
           221   3.50000E-01   8.95357E-11  8.95357E-11 1.00000   0.00000E+00  0.00000E+00 0.00000
           222   3.25000E-01   0.00000E+00  0.00000E+00 0.00000   0.00000E+00  0.00000E+00 0.00000
           223   3.00000E-01   0.00000E+00  0.00000E+00 0.00000   0.00000E+00  0.00000E+00 0.00000
           224   2.75000E-01   0.00000E+00  0.00000E+00 0.00000   0.00000E+00  0.00000E+00 0.00000
           225   2.50000E-01   0.00000E+00  0.00000E+00 0.00000   0.00000E+00  0.00000E+00 0.00000
           226   2.25000E-01   0.00000E+00  0.00000E+00 0.00000   0.00000E+00  0.00000E+00 0.00000
           227   2.00000E-01   0.00000E+00  0.00000E+00 0.00000   0.00000E+00  0.00000E+00 0.00000
           228   1.75000E-01   0.00000E+00  0.00000E+00 0.00000   0.00000E+00  0.00000E+00 0.00000
           229   1.50000E-01   0.00000E+00  0.00000E+00 0.00000   0.00000E+00  0.00000E+00 0.00000
           230   1.25000E-01   0.00000E+00  0.00000E+00 0.00000   0.00000E+00  0.00000E+00 0.00000
           231   1.00000E-01   0.00000E+00  0.00000E+00 0.00000   0.00000E+00  0.00000E+00 0.00000
           232   9.00000E-02   0.00000E+00  0.00000E+00 0.00000   0.00000E+00  0.00000E+00 0.00000
           233   8.00000E-02   0.00000E+00  0.00000E+00 0.00000   0.00000E+00  0.00000E+00 0.00000
           234   7.00000E-02   0.00000E+00  0.00000E+00 0.00000   0.00000E+00  0.00000E+00 0.00000
           235   6.00000E-02   0.00000E+00  0.00000E+00 0.00000   0.00000E+00  0.00000E+00 0.00000
           236   5.00000E-02   0.00000E+00  0.00000E+00 0.00000   0.00000E+00  0.00000E+00 0.00000
           237   4.00000E-02   0.00000E+00  0.00000E+00 0.00000   0.00000E+00  0.00000E+00 0.00000
           238   3.00000E-02   0.00000E+00  0.00000E+00 0.00000   0.00000E+00  0.00000E+00 0.00000
           239   2.53000E-02   0.00000E+00  0.00000E+00 0.00000   0.00000E+00  0.00000E+00 0.00000
           240   1.00000E-02   0.00000E+00  0.00000E+00 0.00000   0.00000E+00  0.00000E+00 0.00000
           241   7.50000E-03   0.00000E+00  0.00000E+00 0.00000   0.00000E+00  0.00000E+00 0.00000
           242   5.00000E-03   0.00000E+00  0.00000E+00 0.00000   0.00000E+00  0.00000E+00 0.00000
           243   4.00000E-03   0.00000E+00  0.00000E+00 0.00000   0.00000E+00  0.00000E+00 0.00000
           244   3.00000E-03   0.00000E+00  0.00000E+00 0.00000   0.00000E+00  0.00000E+00 0.00000
           245   2.50000E-03   0.00000E+00  0.00000E+00 0.00000   0.00000E+00  0.00000E+00 0.00000
           246   2.00000E-03   0.00000E+00  0.00000E+00 0.00000   0.00000E+00  0.00000E+00 0.00000
           247   1.50000E-03   0.00000E+00  0.00000E+00 0.00000   0.00000E+00  0.00000E+00 0.00000
           248   1.20000E-03   0.00000E+00  0.00000E+00 0.00000   0.00000E+00  0.00000E+00 0.00000
           249   1.00000E-03   0.00000E+00  0.00000E+00 0.00000   0.00000E+00  0.00000E+00 0.00000
           250   7.50000E-04   0.00000E+00  0.00000E+00 0.00000   0.00000E+00  0.00000E+00 0.00000
           251   5.00000E-04   0.00000E+00  0.00000E+00 0.00000   0.00000E+00  0.00000E+00 0.00000
           252   1.00000E-04   0.00000E+00  0.00000E+00 0.00000   0.00000E+00  0.00000E+00 0.00000
         -----  ------------  ------------ ------------ -------  ------------ ------------ -------

         Total Neutron Fluxes - over all energy groups and time bins

                upper energy        track-length estimator          collision-density estimator   
         group      (eV)             value  uncertainty     rel         value  uncertainty     rel
         -----  ------------  ------------ ------------ -------  ------------ ------------ -------
                               1.31613E-04  2.44266E-07 0.00186   1.31104E-04  8.70137E-07 0.00664
         -----  ------------  ------------ ------------ -------  ------------ ------------ -------


