     Region Tally 120 (neutron)
         tally limited to unit: 1
         tally limited to region: 7
         tally limited to media: 7
         energyBounds:    1 with 252 groups
         timeBounds:      1 with 1 bins
         comment:          Total In(n,g)116InM1 per cc // In(n,n')115InM1 per cc
         volume (cm**3)    1.9634954E+00
         using responses: 120 122
         multiplier:         1.0000000E+00

 Details for the final tally

         Neutron Fluxes - for time bin 1 ( 0.0000000E+00 to  1.0000000E+06 sec)

                upper energy        track-length estimator          collision-density estimator   
         group      (eV)             value  uncertainty     rel         value  uncertainty     rel
         -----  ------------  ------------ ------------ -------  ------------ ------------ -------
             1   2.00000E+07   0.00000E+00  0.00000E+00 0.00000   0.00000E+00  0.00000E+00 0.00000
             2   1.73300E+07   0.00000E+00  0.00000E+00 0.00000   0.00000E+00  0.00000E+00 0.00000
             3   1.56800E+07   0.00000E+00  0.00000E+00 0.00000   0.00000E+00  0.00000E+00 0.00000
             4   1.45500E+07   1.88699E-05  6.60650E-08 0.00350   1.88543E-05  1.24901E-07 0.00662
             5   1.38400E+07   1.30862E-06  1.60123E-08 0.01224   1.31789E-06  3.21979E-08 0.02443
             6   1.28400E+07   1.20404E-06  1.36360E-08 0.01133   1.24110E-06  3.31810E-08 0.02674
             7   1.00000E+07   1.04047E-06  1.33824E-08 0.01286   1.03539E-06  2.85648E-08 0.02759
             8   8.18700E+06   1.62312E-06  1.66063E-08 0.01023   1.58515E-06  3.47586E-08 0.02193
             9   6.43400E+06   2.34684E-06  1.88882E-08 0.00805   2.32812E-06  4.10850E-08 0.01765
            10   4.80000E+06   1.18653E-06  1.27573E-08 0.01075   1.16654E-06  2.79372E-08 0.02395
            11   4.30400E+06   5.69254E-06  2.95938E-08 0.00520   5.61575E-06  5.92385E-08 0.01055
            12   3.00000E+06   4.75857E-06  2.54368E-08 0.00535   4.82271E-06  5.14130E-08 0.01066
            13   2.47900E+06   1.52549E-06  1.40908E-08 0.00924   1.59292E-06  2.98260E-08 0.01872
            14   2.35400E+06   8.04316E-06  3.45725E-08 0.00430   8.03126E-06  6.33680E-08 0.00789
            15   1.85000E+06   8.17670E-06  3.49882E-08 0.00428   8.14237E-06  6.25819E-08 0.00769
            16   1.50000E+06   2.82019E-06  1.95214E-08 0.00692   2.80064E-06  3.48378E-08 0.01244
            17   1.40000E+06   1.35744E-06  1.35051E-08 0.00995   1.38284E-06  2.50493E-08 0.01811
            18   1.35600E+06   1.21665E-06  1.24522E-08 0.01023   1.21298E-06  2.31863E-08 0.01912
            19   1.31700E+06   2.14292E-06  1.69280E-08 0.00790   2.15623E-06  3.04432E-08 0.01412
            20   1.25000E+06   1.70545E-06  1.50173E-08 0.00881   1.67448E-06  2.54637E-08 0.01521
            21   1.20000E+06   3.71563E-06  2.22840E-08 0.00600   3.70475E-06  3.81330E-08 0.01029
            22   1.10000E+06   3.83963E-06  2.31132E-08 0.00602   3.80210E-06  3.92955E-08 0.01034
            23   1.01000E+06   4.19703E-06  2.37635E-08 0.00566   4.23023E-06  4.20398E-08 0.00994
            24   9.20000E+05   9.90968E-07  1.05730E-08 0.01067   9.86832E-07  1.95224E-08 0.01978
            25   9.00000E+05   1.26572E-06  1.18719E-08 0.00938   1.24298E-06  2.04703E-08 0.01647
            26   8.75000E+05   7.06790E-07  8.21275E-09 0.01162   7.18290E-07  1.52454E-08 0.02122
            27   8.61100E+05   2.12108E-06  1.53713E-08 0.00725   2.12525E-06  2.68220E-08 0.01262
            28   8.20000E+05   3.74255E-06  2.09170E-08 0.00559   3.72623E-06  3.57598E-08 0.00960
            29   7.50000E+05   4.16914E-06  2.21409E-08 0.00531   4.15757E-06  3.83731E-08 0.00923
            30   6.79000E+05   5.23449E-07  6.46394E-09 0.01235   5.27820E-07  1.25605E-08 0.02380
            31   6.70000E+05   4.09554E-06  2.22009E-08 0.00542   4.00074E-06  3.69897E-08 0.00925
            32   6.00000E+05   1.61643E-06  1.23696E-08 0.00765   1.61436E-06  2.22549E-08 0.01379
            33   5.73000E+05   1.38953E-06  1.19966E-08 0.00863   1.40222E-06  2.08035E-08 0.01484
            34   5.50000E+05   3.61263E-06  2.00466E-08 0.00555   3.59471E-06  3.42624E-08 0.00953
            35   4.92000E+05   1.43352E-06  1.19485E-08 0.00834   1.44927E-06  2.12412E-08 0.01466
            36   4.70000E+05   1.87714E-06  1.34658E-08 0.00717   1.87525E-06  2.38960E-08 0.01274
            37   4.40000E+05   1.18444E-06  9.93333E-09 0.00839   1.19782E-06  1.88255E-08 0.01572
            38   4.20000E+05   1.31189E-06  1.06799E-08 0.00814   1.31151E-06  1.94701E-08 0.01485
            39   4.00000E+05   4.83665E-06  2.20106E-08 0.00455   4.82429E-06  3.87867E-08 0.00804
            40   3.30000E+05   4.04040E-06  1.95619E-08 0.00484   4.05572E-06  3.43390E-08 0.00847
            41   2.70000E+05   4.85198E-06  2.18183E-08 0.00450   4.92272E-06  3.88265E-08 0.00789
            42   2.00000E+05   3.49787E-06  1.77330E-08 0.00507   3.45649E-06  3.13908E-08 0.00908
            43   1.49000E+05   1.56295E-06  1.10968E-08 0.00710   1.56229E-06  2.08944E-08 0.01337
            44   1.28300E+05   1.87750E-06  1.21012E-08 0.00645   1.88860E-06  2.33513E-08 0.01236
            45   1.00000E+05   7.99714E-07  6.64492E-09 0.00831   8.05392E-07  1.39530E-08 0.01732
            46   8.50000E+04   1.73298E-07  2.66546E-09 0.01538   1.65877E-07  6.06475E-09 0.03656
            47   8.20000E+04   5.60667E-07  5.62303E-09 0.01003   5.47703E-07  1.13622E-08 0.02075
            48   7.50000E+04   1.63618E-07  2.69423E-09 0.01647   1.59054E-07  6.09803E-09 0.03834
            49   7.30000E+04   8.75955E-07  8.01074E-09 0.00915   8.72758E-07  1.64817E-08 0.01888
            50   6.00000E+04   4.91135E-07  6.24040E-09 0.01271   4.86467E-07  1.22562E-08 0.02519
            51   5.20000E+04   1.15418E-07  2.50241E-09 0.02168   1.18307E-07  5.58152E-09 0.04718
            52   5.00000E+04   2.66677E-07  3.93462E-09 0.01475   2.71230E-07  8.49144E-09 0.03131
            53   4.50000E+04   7.31607E-07  7.11470E-09 0.00972   7.31924E-07  1.39122E-08 0.01901
            54   3.00000E+04   5.07804E-07  6.13721E-09 0.01209   5.09164E-07  1.30887E-08 0.02571
            55   2.00000E+04   1.31447E-07  2.84079E-09 0.02161   1.31461E-07  6.91778E-09 0.05262
            56   1.70000E+04   1.81464E-07  3.81888E-09 0.02104   1.75553E-07  8.00456E-09 0.04560
            57   1.30000E+04   1.44040E-07  3.78272E-09 0.02626   1.42169E-07  7.59007E-09 0.05339
            58   9.50000E+03   5.51009E-08  2.15303E-09 0.03907   5.32821E-08  4.48966E-09 0.08426
            59   8.03000E+03   7.34207E-08  3.07117E-09 0.04183   7.26496E-08  5.01532E-09 0.06903
            60   5.70000E+03   4.86373E-08  2.16668E-09 0.04455   5.28474E-08  4.29424E-09 0.08126
            61   3.90000E+03   4.97533E-09  4.65163E-10 0.09349   4.02179E-09  1.07594E-09 0.26753
            62   3.74000E+03   1.93772E-08  1.31417E-09 0.06782   2.15421E-08  2.96706E-09 0.13773
            63   3.00000E+03   1.27478E-08  1.17589E-09 0.09224   1.69819E-08  3.46822E-09 0.20423
            64   2.50000E+03   5.20387E-09  5.30900E-10 0.10202   5.67882E-09  1.24153E-09 0.21862
            65   2.25000E+03   1.55459E-09  2.46046E-10 0.15827   1.25167E-09  8.14555E-10 0.65078
            66   2.20000E+03   8.12483E-09  8.97526E-10 0.11047   7.13952E-09  1.42735E-09 0.19992
            67   1.80000E+03   4.47065E-09  5.84150E-10 0.13066   3.71918E-09  9.27530E-10 0.24939
            68   1.55000E+03   1.40308E-09  3.38235E-10 0.24107   1.74247E-09  7.21418E-10 0.41402
            69   1.50000E+03   6.18948E-09  6.92750E-10 0.11192   5.48362E-09  1.36339E-09 0.24863
            70   1.15000E+03   4.55207E-09  7.53944E-10 0.16563   3.43180E-09  1.03350E-09 0.30115
            71   9.50000E+02   8.34538E-09  1.00706E-09 0.12067   9.21870E-09  2.16347E-09 0.23468
            72   6.83000E+02   3.99125E-10  2.04185E-10 0.51158   1.09952E-09  6.86562E-10 0.62442
            73   6.70000E+02   3.58730E-09  5.91216E-10 0.16481   3.05700E-09  9.17830E-10 0.30024
            74   5.50000E+02   1.04514E-08  2.95213E-09 0.28246   9.36241E-09  2.96012E-09 0.31617
            75   3.05000E+02   1.37624E-09  4.05718E-10 0.29480   1.45328E-09  6.34413E-10 0.43654
            76   2.85000E+02   2.66740E-09  5.43142E-10 0.20362   1.61843E-09  5.72666E-10 0.35384
            77   2.40000E+02   1.06555E-09  5.07613E-10 0.47639   1.03019E-09  7.07649E-10 0.68691
            78   2.20000E+02   5.71431E-10  1.98713E-10 0.34775   2.57811E-10  2.27420E-10 0.88212
            79   2.09500E+02   8.11678E-11  4.35891E-11 0.53702   1.10266E-10  1.10266E-10 1.00000
            80   2.07400E+02   2.33622E-10  7.90750E-11 0.33847   2.52507E-11  2.52507E-11 1.00000
            81   2.02000E+02   4.83006E-10  1.64283E-10 0.34013   3.60378E-10  2.30041E-10 0.63833
            82   1.93000E+02   8.32299E-11  4.75827E-11 0.57170   1.98927E-10  1.98927E-10 1.00000
            83   1.91500E+02   1.71834E-10  8.44252E-11 0.49132   3.54750E-10  2.64325E-10 0.74510
            84   1.88500E+02   8.34337E-12  6.01371E-12 0.72078   0.00000E+00  0.00000E+00 0.00000
            85   1.87700E+02   3.84120E-10  1.70040E-10 0.44267   5.99796E-10  4.36684E-10 0.72805
            86   1.80000E+02   4.09202E-10  1.75020E-10 0.42771   4.07181E-10  2.73222E-10 0.67101
            87   1.70000E+02   1.14140E-09  2.84492E-10 0.24925   6.04759E-10  3.43764E-10 0.56843
            88   1.43000E+02   1.99837E-09  8.13985E-10 0.40732   3.31428E-09  1.56821E-09 0.47317
            89   1.22000E+02   1.96271E-10  7.54538E-11 0.38444   5.01941E-10  4.51432E-10 0.89937
            90   1.19000E+02   1.07448E-10  5.39623E-11 0.50222   0.00000E+00  0.00000E+00 0.00000
            91   1.17500E+02   2.42159E-10  1.96030E-10 0.80951   5.00506E-11  5.00506E-11 1.00000
            92   1.16000E+02   1.69769E-10  9.55084E-11 0.56258   9.92380E-11  7.01729E-11 0.70712
            93   1.13000E+02   1.92179E-10  7.03239E-11 0.36593   5.63092E-10  4.06963E-10 0.72273
            94   1.08000E+02   2.21082E-10  1.19169E-10 0.53903   0.00000E+00  0.00000E+00 0.00000
            95   1.05000E+02   1.96915E-10  9.00075E-11 0.45709   4.10227E-10  3.72721E-10 0.90857
            96   1.01200E+02   3.28511E-10  1.04980E-10 0.31956   0.00000E+00  0.00000E+00 0.00000
            97   9.70000E+01   5.69673E-10  1.83769E-10 0.32259   4.39363E-10  4.39363E-10 1.00000
            98   9.00000E+01   7.31256E-10  2.29183E-10 0.31341   7.33329E-10  4.42864E-10 0.60391
            99   8.17000E+01   1.26033E-10  5.27444E-11 0.41850   1.01600E-10  1.01600E-10 1.00000
           100   8.00000E+01   2.36527E-10  9.55787E-11 0.40409   0.00000E+00  0.00000E+00 0.00000
           101   7.60000E+01   7.44362E-10  4.30910E-10 0.57890   3.31928E-10  2.04885E-10 0.61726
           102   7.20000E+01   2.69668E-10  1.06818E-10 0.39611   8.24287E-10  5.82880E-10 0.70713
           103   6.75000E+01   2.10158E-10  1.35553E-10 0.64500   5.26817E-11  5.26817E-11 1.00000
           104   6.50000E+01   1.02877E-10  5.10247E-11 0.49598   0.00000E+00  0.00000E+00 0.00000
           105   6.30000E+01   2.16695E-10  1.37550E-10 0.63476   2.62475E-10  2.02160E-10 0.77021
           106   6.10000E+01   3.09688E-10  1.04623E-10 0.33783   5.22963E-11  5.22962E-11 1.00000
           107   5.80000E+01   5.88214E-10  2.10501E-10 0.35786   1.05957E-09  8.60557E-10 0.81217
           108   5.34000E+01   3.48358E-10  1.40827E-10 0.40426   0.00000E+00  0.00000E+00 0.00000
           109   5.06000E+01   2.12142E-10  8.59196E-11 0.40501   0.00000E+00  0.00000E+00 0.00000
           110   4.83000E+01   2.88260E-10  1.70768E-10 0.59241   1.14444E-10  1.14444E-10 1.00000
           111   4.52000E+01   7.39227E-11  3.20028E-11 0.43292   1.80290E-10  1.55540E-10 0.86272
           112   4.40000E+01   1.71955E-10  1.05395E-10 0.61292   4.65259E-11  4.65259E-11 1.00000
           113   4.24000E+01   5.54555E-11  2.81639E-11 0.50786   4.08916E-11  4.08916E-11 1.00000
           114   4.10000E+01   8.94712E-11  4.18365E-11 0.46760   1.72012E-10  1.72012E-10 1.00000
           115   3.96000E+01   8.87430E-11  5.94924E-11 0.67039   5.41171E-11  5.41171E-11 1.00000
           116   3.91000E+01   1.10479E-10  6.10976E-11 0.55302   6.68777E-11  6.68777E-11 1.00000
           117   3.80000E+01   1.88016E-11  1.55775E-11 0.82852   0.00000E+00  0.00000E+00 0.00000
           118   3.76300E+01   1.80020E-11  1.80020E-11 1.00000   5.35874E-10  5.35874E-10 1.00000
           119   3.72700E+01   7.20007E-12  6.66321E-12 0.92544   0.00000E+00  0.00000E+00 0.00000
           120   3.71300E+01   1.02634E-11  7.25732E-12 0.70711   0.00000E+00  0.00000E+00 0.00000
           121   3.70000E+01   1.00489E-10  6.61535E-11 0.65832   0.00000E+00  0.00000E+00 0.00000
           122   3.60000E+01   1.54760E-10  1.23508E-10 0.79806   0.00000E+00  0.00000E+00 0.00000
           123   3.55000E+01   2.74026E-10  1.93644E-10 0.70666   0.00000E+00  0.00000E+00 0.00000
           124   3.50000E+01   2.21547E-10  8.68635E-11 0.39208   5.42250E-10  4.18188E-10 0.77121
           125   3.37500E+01   6.30275E-11  3.37414E-11 0.53534   0.00000E+00  0.00000E+00 0.00000
           126   3.32500E+01   1.23683E-10  5.65376E-11 0.45712   0.00000E+00  0.00000E+00 0.00000
           127   3.17500E+01   2.58974E-11  1.72951E-11 0.66783   0.00000E+00  0.00000E+00 0.00000
           128   3.12500E+01   1.88387E-10  7.99234E-11 0.42425   0.00000E+00  0.00000E+00 0.00000
           129   3.00000E+01   5.67213E-10  1.84285E-10 0.32490   1.08481E-09  5.22009E-10 0.48120
           130   2.75000E+01   1.58458E-09  1.16617E-09 0.73595   3.38974E-09  3.34907E-09 0.98800
           131   2.50000E+01   5.17793E-10  2.59280E-10 0.50074   3.05405E-10  2.39364E-10 0.78376
           132   2.25000E+01   7.16753E-11  2.95151E-11 0.41179   1.53849E-10  1.53849E-10 1.00000
           133   2.17500E+01   9.84479E-11  8.33478E-11 0.84662   1.41717E-11  1.41717E-11 1.00000
           134   2.12000E+01   3.80539E-11  3.31665E-11 0.87157   0.00000E+00  0.00000E+00 0.00000
           135   2.05000E+01   1.09308E-11  6.47113E-12 0.59201   0.00000E+00  0.00000E+00 0.00000
           136   2.00000E+01   4.43956E-11  4.23850E-11 0.95471   0.00000E+00  0.00000E+00 0.00000
           137   1.94000E+01   3.58196E-10  3.47448E-10 0.97000   0.00000E+00  0.00000E+00 0.00000
           138   1.85000E+01   7.99341E-11  5.39870E-11 0.67539   0.00000E+00  0.00000E+00 0.00000
           139   1.70000E+01   1.66126E-10  1.01998E-10 0.61398   0.00000E+00  0.00000E+00 0.00000
           140   1.60000E+01   3.02426E-10  1.33795E-10 0.44241   2.57621E-10  2.57621E-10 1.00000
           141   1.44000E+01   1.71341E-10  6.94239E-11 0.40518   4.65888E-10  3.15072E-10 0.67628
           142   1.29000E+01   3.16747E-10  1.32356E-10 0.41786   4.68906E-10  3.04276E-10 0.64891
           143   1.19000E+01   8.18900E-11  5.32069E-11 0.64974   3.67875E-10  3.49044E-10 0.94881
           144   1.15000E+01   6.22436E-10  2.85134E-10 0.45809   3.88208E-10  3.37278E-10 0.86881
           145   1.00000E+01   1.23548E-10  5.90979E-11 0.47834   2.40592E-10  1.59732E-10 0.66391
           146   9.10000E+00   2.62149E-10  1.21818E-10 0.46469   1.92775E-10  1.83154E-10 0.95009
           147   8.10000E+00   2.08226E-10  1.67388E-10 0.80388   1.35162E-10  1.13495E-10 0.83969
           148   7.15000E+00   1.16591E-11  8.29391E-12 0.71137   0.00000E+00  0.00000E+00 0.00000
           149   7.00000E+00   0.00000E+00  0.00000E+00 0.00000   0.00000E+00  0.00000E+00 0.00000
           150   6.87500E+00   2.62332E-10  2.62332E-10 1.00000   3.48108E-10  3.48108E-10 1.00000
           151   6.75000E+00   4.66405E-10  4.24197E-10 0.90950   5.03632E-10  4.60841E-10 0.91503
           152   6.50000E+00   6.99042E-10  5.64957E-10 0.80819   7.72450E-10  6.12583E-10 0.79304
           153   6.25000E+00   2.24544E-10  1.25909E-10 0.56073   5.11816E-10  3.75385E-10 0.73344
           154   6.00000E+00   3.55148E-10  1.49199E-10 0.42010   1.83473E-10  1.30432E-10 0.71091
           155   5.40000E+00   1.83808E-10  1.00667E-10 0.54767   2.64797E-11  2.64797E-11 1.00000
           156   5.00000E+00   4.81187E-11  3.07862E-11 0.63980   0.00000E+00  0.00000E+00 0.00000
           157   4.70000E+00   1.78060E-10  1.69670E-10 0.95288   3.55190E-10  3.55190E-10 1.00000
           158   4.10000E+00   6.72867E-11  5.69378E-11 0.84620   8.09342E-11  5.39892E-11 0.66708
           159   3.73000E+00   1.13707E-11  8.44269E-12 0.74250   2.56086E-11  2.56086E-11 1.00000
           160   3.50000E+00   4.34370E-11  4.08546E-11 0.94055   0.00000E+00  0.00000E+00 0.00000
           161   3.20000E+00   0.00000E+00  0.00000E+00 0.00000   0.00000E+00  0.00000E+00 0.00000
           162   3.10000E+00   2.49290E-11  2.49290E-11 1.00000   1.10161E-11  1.10161E-11 1.00000
           163   3.00000E+00   8.74854E-12  8.74854E-12 1.00000   7.09687E-11  7.09687E-11 1.00000
           164   2.97000E+00   1.23554E-10  1.16490E-10 0.94283   9.48011E-11  9.48011E-11 1.00000
           165   2.87000E+00   0.00000E+00  0.00000E+00 0.00000   0.00000E+00  0.00000E+00 0.00000
           166   2.77000E+00   4.21385E-11  2.50839E-11 0.59527   8.76241E-11  6.28524E-11 0.71730
           167   2.67000E+00   2.11428E-10  1.53690E-10 0.72691   2.73578E-10  1.96864E-10 0.71959
           168   2.57000E+00   5.56415E-11  3.46573E-11 0.62287   7.50297E-11  6.40623E-11 0.85383
           169   2.47000E+00   6.73806E-11  4.83687E-11 0.71784   8.70945E-11  8.43446E-11 0.96843
           170   2.38000E+00   3.28884E-11  2.35153E-11 0.71500   4.16636E-11  4.16636E-11 1.00000
           171   2.30000E+00   3.27206E-11  2.21885E-11 0.67812   3.13738E-11  2.29640E-11 0.73195
           172   2.21000E+00   6.30044E-13  6.30044E-13 1.00000   1.59417E-11  1.59417E-11 1.00000
           173   2.12000E+00   7.04815E-13  5.34502E-13 0.75836   2.33090E-12  1.68447E-12 0.72267
           174   2.00000E+00   2.05361E-11  2.05361E-11 1.00000   7.69877E-12  7.69877E-12 1.00000
           175   1.94000E+00   0.00000E+00  0.00000E+00 0.00000   0.00000E+00  0.00000E+00 0.00000
           176   1.86000E+00   0.00000E+00  0.00000E+00 0.00000   0.00000E+00  0.00000E+00 0.00000
           177   1.77000E+00   0.00000E+00  0.00000E+00 0.00000   0.00000E+00  0.00000E+00 0.00000
           178   1.68000E+00   1.44623E-13  1.44623E-13 1.00000   1.12143E-12  1.12143E-12 1.00000
           179   1.59000E+00   1.42962E-12  1.42962E-12 1.00000   5.87270E-13  5.87270E-13 1.00000
           180   1.50000E+00   0.00000E+00  0.00000E+00 0.00000   0.00000E+00  0.00000E+00 0.00000
           181   1.45000E+00   0.00000E+00  0.00000E+00 0.00000   0.00000E+00  0.00000E+00 0.00000
           182   1.40000E+00   0.00000E+00  0.00000E+00 0.00000   0.00000E+00  0.00000E+00 0.00000
           183   1.35000E+00   8.34924E-12  8.34924E-12 1.00000   5.71336E-12  5.71336E-12 1.00000
           184   1.30000E+00   0.00000E+00  0.00000E+00 0.00000   0.00000E+00  0.00000E+00 0.00000
           185   1.25000E+00   0.00000E+00  0.00000E+00 0.00000   0.00000E+00  0.00000E+00 0.00000
           186   1.22500E+00   0.00000E+00  0.00000E+00 0.00000   0.00000E+00  0.00000E+00 0.00000
           187   1.20000E+00   0.00000E+00  0.00000E+00 0.00000   0.00000E+00  0.00000E+00 0.00000
           188   1.17500E+00   0.00000E+00  0.00000E+00 0.00000   0.00000E+00  0.00000E+00 0.00000
           189   1.15000E+00   0.00000E+00  0.00000E+00 0.00000   0.00000E+00  0.00000E+00 0.00000
           190   1.14000E+00   0.00000E+00  0.00000E+00 0.00000   0.00000E+00  0.00000E+00 0.00000
           191   1.13000E+00   0.00000E+00  0.00000E+00 0.00000   0.00000E+00  0.00000E+00 0.00000
           192   1.12000E+00   0.00000E+00  0.00000E+00 0.00000   0.00000E+00  0.00000E+00 0.00000
           193   1.11000E+00   0.00000E+00  0.00000E+00 0.00000   0.00000E+00  0.00000E+00 0.00000
           194   1.10000E+00   0.00000E+00  0.00000E+00 0.00000   0.00000E+00  0.00000E+00 0.00000
           195   1.09000E+00   0.00000E+00  0.00000E+00 0.00000   0.00000E+00  0.00000E+00 0.00000
           196   1.08000E+00   0.00000E+00  0.00000E+00 0.00000   0.00000E+00  0.00000E+00 0.00000
           197   1.07000E+00   0.00000E+00  0.00000E+00 0.00000   0.00000E+00  0.00000E+00 0.00000
           198   1.06000E+00   0.00000E+00  0.00000E+00 0.00000   0.00000E+00  0.00000E+00 0.00000
           199   1.05000E+00   0.00000E+00  0.00000E+00 0.00000   0.00000E+00  0.00000E+00 0.00000
           200   1.04000E+00   0.00000E+00  0.00000E+00 0.00000   0.00000E+00  0.00000E+00 0.00000
           201   1.03000E+00   0.00000E+00  0.00000E+00 0.00000   0.00000E+00  0.00000E+00 0.00000
           202   1.02000E+00   0.00000E+00  0.00000E+00 0.00000   0.00000E+00  0.00000E+00 0.00000
           203   1.01000E+00   0.00000E+00  0.00000E+00 0.00000   0.00000E+00  0.00000E+00 0.00000
           204   1.00000E+00   0.00000E+00  0.00000E+00 0.00000   0.00000E+00  0.00000E+00 0.00000
           205   9.75000E-01   0.00000E+00  0.00000E+00 0.00000   0.00000E+00  0.00000E+00 0.00000
           206   9.50000E-01   0.00000E+00  0.00000E+00 0.00000   0.00000E+00  0.00000E+00 0.00000
           207   9.25000E-01   0.00000E+00  0.00000E+00 0.00000   0.00000E+00  0.00000E+00 0.00000
           208   9.00000E-01   0.00000E+00  0.00000E+00 0.00000   0.00000E+00  0.00000E+00 0.00000
           209   8.50000E-01   0.00000E+00  0.00000E+00 0.00000   0.00000E+00  0.00000E+00 0.00000
           210   8.00000E-01   7.10721E-11  7.10721E-11 1.00000   3.01693E-11  3.01693E-11 1.00000
           211   7.50000E-01   1.50173E-11  1.50173E-11 1.00000   0.00000E+00  0.00000E+00 0.00000
           212   7.00000E-01   6.21526E-11  4.82645E-11 0.77655   8.93786E-11  8.93786E-11 1.00000
           213   6.50000E-01   0.00000E+00  0.00000E+00 0.00000   0.00000E+00  0.00000E+00 0.00000
           214   6.25000E-01   0.00000E+00  0.00000E+00 0.00000   0.00000E+00  0.00000E+00 0.00000
           215   6.00000E-01   0.00000E+00  0.00000E+00 0.00000   0.00000E+00  0.00000E+00 0.00000
           216   5.50000E-01   0.00000E+00  0.00000E+00 0.00000   0.00000E+00  0.00000E+00 0.00000
           217   5.00000E-01   0.00000E+00  0.00000E+00 0.00000   0.00000E+00  0.00000E+00 0.00000
           218   4.50000E-01   0.00000E+00  0.00000E+00 0.00000   0.00000E+00  0.00000E+00 0.00000
           219   4.00000E-01   0.00000E+00  0.00000E+00 0.00000   0.00000E+00  0.00000E+00 0.00000
           220   3.75000E-01   0.00000E+00  0.00000E+00 0.00000   0.00000E+00  0.00000E+00 0.00000
           221   3.50000E-01   6.22557E-11  6.22557E-11 1.00000   8.28865E-11  8.28865E-11 1.00000
           222   3.25000E-01   0.00000E+00  0.00000E+00 0.00000   0.00000E+00  0.00000E+00 0.00000
           223   3.00000E-01   0.00000E+00  0.00000E+00 0.00000   0.00000E+00  0.00000E+00 0.00000
           224   2.75000E-01   0.00000E+00  0.00000E+00 0.00000   0.00000E+00  0.00000E+00 0.00000
           225   2.50000E-01   0.00000E+00  0.00000E+00 0.00000   0.00000E+00  0.00000E+00 0.00000
           226   2.25000E-01   0.00000E+00  0.00000E+00 0.00000   0.00000E+00  0.00000E+00 0.00000
           227   2.00000E-01   0.00000E+00  0.00000E+00 0.00000   0.00000E+00  0.00000E+00 0.00000
           228   1.75000E-01   0.00000E+00  0.00000E+00 0.00000   0.00000E+00  0.00000E+00 0.00000
           229   1.50000E-01   0.00000E+00  0.00000E+00 0.00000   0.00000E+00  0.00000E+00 0.00000
           230   1.25000E-01   0.00000E+00  0.00000E+00 0.00000   0.00000E+00  0.00000E+00 0.00000
           231   1.00000E-01   0.00000E+00  0.00000E+00 0.00000   0.00000E+00  0.00000E+00 0.00000
           232   9.00000E-02   0.00000E+00  0.00000E+00 0.00000   0.00000E+00  0.00000E+00 0.00000
           233   8.00000E-02   0.00000E+00  0.00000E+00 0.00000   0.00000E+00  0.00000E+00 0.00000
           234   7.00000E-02   0.00000E+00  0.00000E+00 0.00000   0.00000E+00  0.00000E+00 0.00000
           235   6.00000E-02   0.00000E+00  0.00000E+00 0.00000   0.00000E+00  0.00000E+00 0.00000
           236   5.00000E-02   0.00000E+00  0.00000E+00 0.00000   0.00000E+00  0.00000E+00 0.00000
           237   4.00000E-02   0.00000E+00  0.00000E+00 0.00000   0.00000E+00  0.00000E+00 0.00000
           238   3.00000E-02   0.00000E+00  0.00000E+00 0.00000   0.00000E+00  0.00000E+00 0.00000
           239   2.53000E-02   0.00000E+00  0.00000E+00 0.00000   0.00000E+00  0.00000E+00 0.00000
           240   1.00000E-02   0.00000E+00  0.00000E+00 0.00000   0.00000E+00  0.00000E+00 0.00000
           241   7.50000E-03   0.00000E+00  0.00000E+00 0.00000   0.00000E+00  0.00000E+00 0.00000
           242   5.00000E-03   0.00000E+00  0.00000E+00 0.00000   0.00000E+00  0.00000E+00 0.00000
           243   4.00000E-03   0.00000E+00  0.00000E+00 0.00000   0.00000E+00  0.00000E+00 0.00000
           244   3.00000E-03   0.00000E+00  0.00000E+00 0.00000   0.00000E+00  0.00000E+00 0.00000
           245   2.50000E-03   0.00000E+00  0.00000E+00 0.00000   0.00000E+00  0.00000E+00 0.00000
           246   2.00000E-03   0.00000E+00  0.00000E+00 0.00000   0.00000E+00  0.00000E+00 0.00000
           247   1.50000E-03   0.00000E+00  0.00000E+00 0.00000   0.00000E+00  0.00000E+00 0.00000
           248   1.20000E-03   0.00000E+00  0.00000E+00 0.00000   0.00000E+00  0.00000E+00 0.00000
           249   1.00000E-03   0.00000E+00  0.00000E+00 0.00000   0.00000E+00  0.00000E+00 0.00000
           250   7.50000E-04   0.00000E+00  0.00000E+00 0.00000   0.00000E+00  0.00000E+00 0.00000
           251   5.00000E-04   0.00000E+00  0.00000E+00 0.00000   0.00000E+00  0.00000E+00 0.00000
           252   1.00000E-04   0.00000E+00  0.00000E+00 0.00000   0.00000E+00  0.00000E+00 0.00000
         -----  ------------  ------------ ------------ -------  ------------ ------------ -------

         Total Neutron Fluxes - over all energy groups and time bins

                upper energy        track-length estimator          collision-density estimator   
         group      (eV)             value  uncertainty     rel         value  uncertainty     rel
         -----  ------------  ------------ ------------ -------  ------------ ------------ -------
                               1.32919E-04  2.11765E-07 0.00159   1.32757E-04  3.02510E-07 0.00228
         -----  ------------  ------------ ------------ -------  ------------ ------------ -------

         Response: 120 (using track-length fluxes)
              In(n,g)116InM1 Foil Macro

             for time bin 1 ( 0.0000000E+00 to  1.0000000E+06 sec)

                upper energy
         group      (eV)             value  uncertainty     rel
         -----  ------------  ------------ ------------ -------
             1   2.00000E+07   0.00000E+00  0.00000E+00 0.00000
             2   1.73300E+07   0.00000E+00  0.00000E+00 0.00000
             3   1.56800E+07   0.00000E+00  0.00000E+00 0.00000
             4   1.45500E+07   6.63615E-10  2.32336E-12 0.00350
             5   1.38400E+07   4.70056E-11  5.75157E-13 0.01224
             6   1.28400E+07   3.26100E-11  3.69314E-13 0.01133
             7   1.00000E+07   3.30769E-11  4.25431E-13 0.01286
             8   8.18700E+06   1.32488E-10  1.35550E-12 0.01023
             9   6.43400E+06   5.35456E-10  4.30954E-12 0.00805
            10   4.80000E+06   5.36530E-10  5.76862E-12 0.01075
            11   4.30400E+06   5.68105E-09  2.95340E-11 0.00520
            12   3.00000E+06   1.09325E-08  5.84396E-11 0.00535
            13   2.47900E+06   4.86365E-09  4.49252E-11 0.00924
            14   2.35400E+06   3.51350E-08  1.51023E-10 0.00430
            15   1.85000E+06   4.85662E-08  2.07815E-10 0.00428
            16   1.50000E+06   1.81921E-08  1.25926E-10 0.00692
            17   1.40000E+06   8.85295E-09  8.80773E-11 0.00995
            18   1.35600E+06   7.95567E-09  8.14253E-11 0.01023
            19   1.31700E+06   1.40303E-08  1.10832E-10 0.00790
            20   1.25000E+06   1.11366E-08  9.80637E-11 0.00881
            21   1.20000E+06   2.40644E-08  1.44323E-10 0.00600
            22   1.10000E+06   2.44704E-08  1.47303E-10 0.00602
            23   1.01000E+06   2.62298E-08  1.48512E-10 0.00566
            24   9.20000E+05   6.11590E-09  6.52525E-11 0.01067
            25   9.00000E+05   7.77241E-09  7.29017E-11 0.00938
            26   8.75000E+05   4.32182E-09  5.02187E-11 0.01162
            27   8.61100E+05   1.28919E-08  9.34264E-11 0.00725
            28   8.20000E+05   2.24711E-08  1.25591E-10 0.00559
            29   7.50000E+05   2.47198E-08  1.31278E-10 0.00531
            30   6.79000E+05   3.08486E-09  3.80942E-11 0.01235
            31   6.70000E+05   2.40717E-08  1.30487E-10 0.00542
            32   6.00000E+05   9.48556E-09  7.25877E-11 0.00765
            33   5.73000E+05   8.16331E-09  7.04789E-11 0.00863
            34   5.50000E+05   2.13106E-08  1.18253E-10 0.00555
            35   4.92000E+05   8.52390E-09  7.10475E-11 0.00834
            36   4.70000E+05   1.12490E-08  8.06953E-11 0.00717
            37   4.40000E+05   7.16920E-09  6.01246E-11 0.00839
            38   4.20000E+05   8.01348E-09  6.52365E-11 0.00814
            39   4.00000E+05   3.04098E-08  1.38389E-10 0.00455
            40   3.30000E+05   2.70068E-08  1.30755E-10 0.00484
            41   2.70000E+05   3.58077E-08  1.61020E-10 0.00450
            42   2.00000E+05   2.97824E-08  1.50986E-10 0.00507
            43   1.49000E+05   1.50174E-08  1.06623E-10 0.00710
            44   1.28300E+05   2.02728E-08  1.30665E-10 0.00645
            45   1.00000E+05   9.83397E-09  8.17116E-11 0.00831
            46   8.50000E+04   2.25933E-09  3.47502E-11 0.01538
            47   8.20000E+04   7.57805E-09  7.60016E-11 0.01003
            48   7.50000E+04   2.28896E-09  3.76914E-11 0.01647
            49   7.30000E+04   1.30579E-08  1.19416E-10 0.00915
            50   6.00000E+04   8.08385E-09  1.02714E-10 0.01271
            51   5.20000E+04   2.00282E-09  4.34237E-11 0.02168
            52   5.00000E+04   4.81929E-09  7.11051E-11 0.01475
            53   4.50000E+04   1.51455E-08  1.47286E-10 0.00972
            54   3.00000E+04   1.29725E-08  1.56783E-10 0.01209
            55   2.00000E+04   3.86424E-09  8.35129E-11 0.02161
            56   1.70000E+04   5.87904E-09  1.23723E-10 0.02104
            57   1.30000E+04   5.31936E-09  1.39695E-10 0.02626
            58   9.50000E+03   2.27500E-09  8.88940E-11 0.03907
            59   8.03000E+03   3.41259E-09  1.42748E-10 0.04183
            60   5.70000E+03   2.71310E-09  1.20862E-10 0.04455
            61   3.90000E+03   3.12543E-10  2.92209E-11 0.09349
            62   3.74000E+03   1.31013E-09  8.88537E-11 0.06782
            63   3.00000E+03   9.70624E-10  8.95329E-11 0.09224
            64   2.50000E+03   4.32757E-10  4.41499E-11 0.10202
            65   2.25000E+03   1.34567E-10  2.12980E-11 0.15827
            66   2.20000E+03   5.81319E-10  6.42166E-11 0.11047
            67   1.80000E+03   3.50482E-10  4.57952E-11 0.13066
            68   1.55000E+03   6.66732E-11  1.60726E-11 0.24107
            69   1.50000E+03   3.05023E-10  3.41393E-11 0.11192
            70   1.15000E+03   3.24702E-10  5.37794E-11 0.16563
            71   9.50000E+02   6.78220E-10  8.18430E-11 0.12067
            72   6.83000E+02   3.12509E-11  1.59874E-11 0.51158
            73   6.70000E+02   3.39816E-10  5.60043E-11 0.16481
            74   5.50000E+02   1.31984E-09  3.72806E-10 0.28246
            75   3.05000E+02   7.06542E-10  2.08289E-10 0.29480
            76   2.85000E+02   3.97523E-10  8.09447E-11 0.20362
            77   2.40000E+02   2.89907E-10  1.38108E-10 0.47639
            78   2.20000E+02   1.18009E-11  4.10372E-12 0.34775
            79   2.09500E+02   1.28997E-12  6.92743E-13 0.53702
            80   2.07400E+02   2.63704E-10  8.92569E-11 0.33847
            81   2.02000E+02   4.19800E-12  1.42785E-12 0.34013
            82   1.93000E+02   6.35101E-12  3.63088E-12 0.57170
            83   1.91500E+02   3.43209E-12  1.68625E-12 0.49132
            84   1.88500E+02   7.82837E-13  5.64252E-13 0.72078
            85   1.87700E+02   2.52391E-10  1.11727E-10 0.44267
            86   1.80000E+02   3.54885E-11  1.51788E-11 0.42771
            87   1.70000E+02   3.07570E-10  7.66614E-11 0.24925
            88   1.43000E+02   3.23657E-10  1.31833E-10 0.40732
            89   1.22000E+02   1.98757E-12  7.64096E-13 0.38444
            90   1.19000E+02   1.30742E-13  6.56607E-14 0.50222
            91   1.17500E+02   3.06190E-13  2.47863E-13 0.80951
            92   1.16000E+02   3.96179E-12  2.22881E-12 0.56258
            93   1.13000E+02   1.01482E-12  3.71353E-13 0.36593
            94   1.08000E+02   1.57708E-13  8.50089E-14 0.53903
            95   1.05000E+02   3.96500E-13  1.81235E-13 0.45709
            96   1.01200E+02   3.13456E-12  1.00169E-12 0.31956
            97   9.70000E+01   1.40698E-10  4.53874E-11 0.32259
            98   9.00000E+01   3.91833E-10  1.22804E-10 0.31341
            99   8.17000E+01   7.49517E-11  3.13670E-11 0.41850
           100   8.00000E+01   1.59293E-12  6.43689E-13 0.40409
           101   7.60000E+01   4.98157E-12  2.88382E-12 0.57890
           102   7.20000E+01   1.64867E-11  6.53054E-12 0.39611
           103   6.75000E+01   5.73478E-13  3.69895E-13 0.64500
           104   6.50000E+01   1.67023E-11  8.28401E-12 0.49598
           105   6.30000E+01   3.80894E-11  2.41778E-11 0.63476
           106   6.10000E+01   6.37887E-13  2.15500E-13 0.33783
           107   5.80000E+01   6.86780E-13  2.45774E-13 0.35786
           108   5.34000E+01   6.45808E-13  2.61074E-13 0.40426
           109   5.06000E+01   1.40518E-11  5.69111E-12 0.40501
           110   4.83000E+01   7.77179E-11  4.60407E-11 0.59241
           111   4.52000E+01   4.50807E-13  1.95164E-13 0.43292
           112   4.40000E+01   1.31164E-12  8.03935E-13 0.61292
           113   4.24000E+01   1.19679E-12  6.07807E-13 0.50786
           114   4.10000E+01   1.93335E-10  9.04032E-11 0.46760
           115   3.96000E+01   4.68422E-10  3.14025E-10 0.67039
           116   3.91000E+01   1.19709E-11  6.62017E-12 0.55302
           117   3.80000E+01   4.91425E-13  4.07156E-13 0.82852
           118   3.76300E+01   3.28528E-13  3.28528E-13 1.00000
           119   3.72700E+01   1.06296E-13  9.83700E-14 0.92544
           120   3.71300E+01   1.36881E-13  9.67893E-14 0.70711
           121   3.70000E+01   9.53186E-13  6.27497E-13 0.65832
           122   3.60000E+01   9.92614E-13  7.92168E-13 0.79806
           123   3.55000E+01   1.44309E-12  1.01978E-12 0.70666
           124   3.50000E+01   8.97550E-13  3.51908E-13 0.39208
           125   3.37500E+01   2.07506E-13  1.11087E-13 0.53534
           126   3.32500E+01   3.51358E-13  1.60612E-13 0.45712
           127   3.17500E+01   6.71335E-14  4.48340E-14 0.66783
           128   3.12500E+01   5.27566E-13  2.23820E-13 0.42425
           129   3.00000E+01   2.42429E-12  7.87642E-13 0.32490
           130   2.75000E+01   7.63500E-12  5.61895E-12 0.73595
           131   2.50000E+01   5.12822E-10  2.56792E-10 0.50074
           132   2.25000E+01   1.70775E-11  7.03235E-12 0.41179
           133   2.17500E+01   2.66066E-12  2.25256E-12 0.84662
           134   2.12000E+01   5.09589E-13  4.44140E-13 0.87157
           135   2.05000E+01   9.69439E-14  5.73917E-14 0.59201
           136   2.00000E+01   3.14653E-13  3.00402E-13 0.95471
           137   1.94000E+01   2.14665E-12  2.08224E-12 0.97000
           138   1.85000E+01   4.50572E-13  3.04314E-13 0.67539
           139   1.70000E+01   1.03432E-12  6.35050E-13 0.61398
           140   1.60000E+01   2.47312E-12  1.09413E-12 0.44241
           141   1.44000E+01   2.83892E-12  1.15027E-12 0.40518
           142   1.29000E+01   1.36817E-10  5.71702E-11 0.41786
           143   1.19000E+01   1.73686E-11  1.12850E-11 0.64974
           144   1.15000E+01   4.91284E-11  2.25054E-11 0.45809
           145   1.00000E+01   5.55512E-10  2.65722E-10 0.47834
           146   9.10000E+00   1.75734E-09  8.16620E-10 0.46469
           147   8.10000E+00   2.23035E-11  1.79293E-11 0.80388
           148   7.15000E+00   8.39522E-13  5.97211E-13 0.71137
           149   7.00000E+00   0.00000E+00  0.00000E+00 0.00000
           150   6.87500E+00   1.95921E-11  1.95921E-11 1.00000
           151   6.75000E+00   3.09117E-11  2.81143E-11 0.90950
           152   6.50000E+00   4.50790E-11  3.64323E-11 0.80819
           153   6.25000E+00   1.50318E-11  8.42875E-12 0.56073
           154   6.00000E+00   2.77877E-11  1.16737E-11 0.42010
           155   5.40000E+00   1.94980E-11  1.06786E-11 0.54767
           156   5.00000E+00   7.18375E-12  4.59614E-12 0.63980
           157   4.70000E+00   7.66317E-11  7.30210E-11 0.95288
           158   4.10000E+00   8.06918E-10  6.82812E-10 0.84620
           159   3.73000E+00   2.40762E-11  1.78765E-11 0.74250
           160   3.50000E+00   2.71016E-11  2.54904E-11 0.94055
           161   3.20000E+00   0.00000E+00  0.00000E+00 0.00000
           162   3.10000E+00   1.38118E-11  1.38118E-11 1.00000
           163   3.00000E+00   5.06251E-12  5.06251E-12 1.00000
           164   2.97000E+00   7.58904E-11  7.15519E-11 0.94283
           165   2.87000E+00   0.00000E+00  0.00000E+00 0.00000
           166   2.77000E+00   3.32084E-11  1.97681E-11 0.59527
           167   2.67000E+00   1.95303E-10  1.41968E-10 0.72691
           168   2.57000E+00   6.15837E-11  3.83584E-11 0.62287
           169   2.47000E+00   9.04538E-11  6.49317E-11 0.71784
           170   2.38000E+00   5.35205E-11  3.82673E-11 0.71500
           171   2.30000E+00   6.60231E-11  4.47716E-11 0.67812
           172   2.21000E+00   1.64073E-12  1.64073E-12 1.00000
           173   2.12000E+00   2.59880E-12  1.97082E-12 0.75836
           174   2.00000E+00   1.05941E-10  1.05941E-10 1.00000
           175   1.94000E+00   0.00000E+00  0.00000E+00 0.00000
           176   1.86000E+00   0.00000E+00  0.00000E+00 0.00000
           177   1.77000E+00   0.00000E+00  0.00000E+00 0.00000
           178   1.68000E+00   7.35122E-12  7.35122E-12 1.00000
           179   1.59000E+00   3.38845E-10  3.38845E-10 1.00000
           180   1.50000E+00   0.00000E+00  0.00000E+00 0.00000
           181   1.45000E+00   0.00000E+00  0.00000E+00 0.00000
           182   1.40000E+00   0.00000E+00  0.00000E+00 0.00000
           183   1.35000E+00   8.29812E-10  8.29812E-10 1.00000
           184   1.30000E+00   0.00000E+00  0.00000E+00 0.00000
           185   1.25000E+00   0.00000E+00  0.00000E+00 0.00000
           186   1.22500E+00   0.00000E+00  0.00000E+00 0.00000
           187   1.20000E+00   0.00000E+00  0.00000E+00 0.00000
           188   1.17500E+00   0.00000E+00  0.00000E+00 0.00000
           189   1.15000E+00   0.00000E+00  0.00000E+00 0.00000
           190   1.14000E+00   0.00000E+00  0.00000E+00 0.00000
           191   1.13000E+00   0.00000E+00  0.00000E+00 0.00000
           192   1.12000E+00   0.00000E+00  0.00000E+00 0.00000
           193   1.11000E+00   0.00000E+00  0.00000E+00 0.00000
           194   1.10000E+00   0.00000E+00  0.00000E+00 0.00000
           195   1.09000E+00   0.00000E+00  0.00000E+00 0.00000
           196   1.08000E+00   0.00000E+00  0.00000E+00 0.00000
           197   1.07000E+00   0.00000E+00  0.00000E+00 0.00000
           198   1.06000E+00   0.00000E+00  0.00000E+00 0.00000
           199   1.05000E+00   0.00000E+00  0.00000E+00 0.00000
           200   1.04000E+00   0.00000E+00  0.00000E+00 0.00000
           201   1.03000E+00   0.00000E+00  0.00000E+00 0.00000
           202   1.02000E+00   0.00000E+00  0.00000E+00 0.00000
           203   1.01000E+00   0.00000E+00  0.00000E+00 0.00000
           204   1.00000E+00   0.00000E+00  0.00000E+00 0.00000
           205   9.75000E-01   0.00000E+00  0.00000E+00 0.00000
           206   9.50000E-01   0.00000E+00  0.00000E+00 0.00000
           207   9.25000E-01   0.00000E+00  0.00000E+00 0.00000
           208   9.00000E-01   0.00000E+00  0.00000E+00 0.00000
           209   8.50000E-01   0.00000E+00  0.00000E+00 0.00000
           210   8.00000E-01   3.28365E-10  3.28365E-10 1.00000
           211   7.50000E-01   6.22951E-11  6.22951E-11 1.00000
           212   7.00000E-01   2.34241E-10  1.81899E-10 0.77655
           213   6.50000E-01   0.00000E+00  0.00000E+00 0.00000
           214   6.25000E-01   0.00000E+00  0.00000E+00 0.00000
           215   6.00000E-01   0.00000E+00  0.00000E+00 0.00000
           216   5.50000E-01   0.00000E+00  0.00000E+00 0.00000
           217   5.00000E-01   0.00000E+00  0.00000E+00 0.00000
           218   4.50000E-01   0.00000E+00  0.00000E+00 0.00000
           219   4.00000E-01   0.00000E+00  0.00000E+00 0.00000
           220   3.75000E-01   0.00000E+00  0.00000E+00 0.00000
           221   3.50000E-01   1.62603E-10  1.62603E-10 1.00000
           222   3.25000E-01   0.00000E+00  0.00000E+00 0.00000
           223   3.00000E-01   0.00000E+00  0.00000E+00 0.00000
           224   2.75000E-01   0.00000E+00  0.00000E+00 0.00000
           225   2.50000E-01   0.00000E+00  0.00000E+00 0.00000
           226   2.25000E-01   0.00000E+00  0.00000E+00 0.00000
           227   2.00000E-01   0.00000E+00  0.00000E+00 0.00000
           228   1.75000E-01   0.00000E+00  0.00000E+00 0.00000
           229   1.50000E-01   0.00000E+00  0.00000E+00 0.00000
           230   1.25000E-01   0.00000E+00  0.00000E+00 0.00000
           231   1.00000E-01   0.00000E+00  0.00000E+00 0.00000
           232   9.00000E-02   0.00000E+00  0.00000E+00 0.00000
           233   8.00000E-02   0.00000E+00  0.00000E+00 0.00000
           234   7.00000E-02   0.00000E+00  0.00000E+00 0.00000
           235   6.00000E-02   0.00000E+00  0.00000E+00 0.00000
           236   5.00000E-02   0.00000E+00  0.00000E+00 0.00000
           237   4.00000E-02   0.00000E+00  0.00000E+00 0.00000
           238   3.00000E-02   0.00000E+00  0.00000E+00 0.00000
           239   2.53000E-02   0.00000E+00  0.00000E+00 0.00000
           240   1.00000E-02   0.00000E+00  0.00000E+00 0.00000
           241   7.50000E-03   0.00000E+00  0.00000E+00 0.00000
           242   5.00000E-03   0.00000E+00  0.00000E+00 0.00000
           243   4.00000E-03   0.00000E+00  0.00000E+00 0.00000
           244   3.00000E-03   0.00000E+00  0.00000E+00 0.00000
           245   2.50000E-03   0.00000E+00  0.00000E+00 0.00000
           246   2.00000E-03   0.00000E+00  0.00000E+00 0.00000
           247   1.50000E-03   0.00000E+00  0.00000E+00 0.00000
           248   1.20000E-03   0.00000E+00  0.00000E+00 0.00000
           249   1.00000E-03   0.00000E+00  0.00000E+00 0.00000
           250   7.50000E-04   0.00000E+00  0.00000E+00 0.00000
           251   5.00000E-04   0.00000E+00  0.00000E+00 0.00000
           252   1.00000E-04   0.00000E+00  0.00000E+00 0.00000
         -----  ------------  ------------ ------------ -------

         Total Response - over all energy groups and time bins

                upper energy
         group      (eV)             value  uncertainty     rel
         -----  ------------  ------------ ------------ -------
         total                 6.99355E-07  2.26342E-09 0.00324
         -----  ------------  ------------ ------------ -------

         Response: 122 (using track-length fluxes)
              In(n,n')115InM1 Foil Macro

             for time bin 1 ( 0.0000000E+00 to  1.0000000E+06 sec)

                upper energy
         group      (eV)             value  uncertainty     rel
         -----  ------------  ------------ ------------ -------
             1   2.00000E+07   0.00000E+00  0.00000E+00 0.00000
             2   1.73300E+07   0.00000E+00  0.00000E+00 0.00000
             3   1.56800E+07   0.00000E+00  0.00000E+00 0.00000
             4   1.45500E+07   4.48380E-08  1.56981E-10 0.00350
             5   1.38400E+07   3.99425E-09  4.88734E-11 0.01224
             6   1.28400E+07   8.12255E-09  9.19894E-11 0.01133
             7   1.00000E+07   1.06605E-08  1.37114E-10 0.01286
             8   8.18700E+06   1.92663E-08  1.97116E-10 0.01023
             9   6.43400E+06   2.90478E-08  2.33787E-10 0.00805
            10   4.80000E+06   1.40584E-08  1.51152E-10 0.01075
            11   4.30400E+06   6.88488E-08  3.57923E-10 0.00520
            12   3.00000E+06   5.99140E-08  3.20269E-10 0.00535
            13   2.47900E+06   1.87741E-08  1.73415E-10 0.00924
            14   2.35400E+06   8.63412E-08  3.71127E-10 0.00430
            15   1.85000E+06   6.19857E-08  2.65237E-10 0.00428
            16   1.50000E+06   1.65414E-08  1.14501E-10 0.00692
            17   1.40000E+06   7.22295E-09  7.18606E-11 0.00995
            18   1.35600E+06   6.09204E-09  6.23513E-11 0.01023
            19   1.31700E+06   9.86456E-09  7.79251E-11 0.00790
            20   1.25000E+06   7.08000E-09  6.23430E-11 0.00881
            21   1.20000E+06   1.32705E-08  7.95878E-11 0.00600
            22   1.10000E+06   1.09146E-08  6.57021E-11 0.00602
            23   1.01000E+06   9.11711E-09  5.16207E-11 0.00566
            24   9.20000E+05   1.77028E-09  1.88877E-11 0.01067
            25   9.00000E+05   2.07348E-09  1.94483E-11 0.00938
            26   8.75000E+05   1.07040E-09  1.24378E-11 0.01162
            27   8.61100E+05   2.85551E-09  2.06936E-11 0.00725
            28   8.20000E+05   3.88729E-09  2.17260E-11 0.00559
            29   7.50000E+05   2.95936E-09  1.57161E-11 0.00531
            30   6.79000E+05   2.90422E-10  3.58636E-12 0.01235
            31   6.70000E+05   1.75264E-09  9.50062E-12 0.00542
            32   6.00000E+05   4.82517E-10  3.69244E-12 0.00765
            33   5.73000E+05   3.40418E-10  2.93903E-12 0.00863
            34   5.50000E+05   6.35010E-10  3.52368E-12 0.00555
            35   4.92000E+05   1.76587E-10  1.47187E-12 0.00834
            36   4.70000E+05   1.81616E-10  1.30283E-12 0.00717
            37   4.40000E+05   9.26686E-11  7.77167E-13 0.00839
            38   4.20000E+05   8.60977E-11  7.00907E-13 0.00814
            39   4.00000E+05   1.24611E-10  5.67080E-13 0.00455
            40   3.30000E+05   0.00000E+00  0.00000E+00 0.00000
            41   2.70000E+05   0.00000E+00  0.00000E+00 0.00000
            42   2.00000E+05   0.00000E+00  0.00000E+00 0.00000
            43   1.49000E+05   0.00000E+00  0.00000E+00 0.00000
            44   1.28300E+05   0.00000E+00  0.00000E+00 0.00000
            45   1.00000E+05   0.00000E+00  0.00000E+00 0.00000
            46   8.50000E+04   0.00000E+00  0.00000E+00 0.00000
            47   8.20000E+04   0.00000E+00  0.00000E+00 0.00000
            48   7.50000E+04   0.00000E+00  0.00000E+00 0.00000
            49   7.30000E+04   0.00000E+00  0.00000E+00 0.00000
            50   6.00000E+04   0.00000E+00  0.00000E+00 0.00000
            51   5.20000E+04   0.00000E+00  0.00000E+00 0.00000
            52   5.00000E+04   0.00000E+00  0.00000E+00 0.00000
            53   4.50000E+04   0.00000E+00  0.00000E+00 0.00000
            54   3.00000E+04   0.00000E+00  0.00000E+00 0.00000
            55   2.00000E+04   0.00000E+00  0.00000E+00 0.00000
            56   1.70000E+04   0.00000E+00  0.00000E+00 0.00000
            57   1.30000E+04   0.00000E+00  0.00000E+00 0.00000
            58   9.50000E+03   0.00000E+00  0.00000E+00 0.00000
            59   8.03000E+03   0.00000E+00  0.00000E+00 0.00000
            60   5.70000E+03   0.00000E+00  0.00000E+00 0.00000
            61   3.90000E+03   0.00000E+00  0.00000E+00 0.00000
            62   3.74000E+03   0.00000E+00  0.00000E+00 0.00000
            63   3.00000E+03   0.00000E+00  0.00000E+00 0.00000
            64   2.50000E+03   0.00000E+00  0.00000E+00 0.00000
            65   2.25000E+03   0.00000E+00  0.00000E+00 0.00000
            66   2.20000E+03   0.00000E+00  0.00000E+00 0.00000
            67   1.80000E+03   0.00000E+00  0.00000E+00 0.00000
            68   1.55000E+03   0.00000E+00  0.00000E+00 0.00000
            69   1.50000E+03   0.00000E+00  0.00000E+00 0.00000
            70   1.15000E+03   0.00000E+00  0.00000E+00 0.00000
            71   9.50000E+02   0.00000E+00  0.00000E+00 0.00000
            72   6.83000E+02   0.00000E+00  0.00000E+00 0.00000
            73   6.70000E+02   0.00000E+00  0.00000E+00 0.00000
            74   5.50000E+02   0.00000E+00  0.00000E+00 0.00000
            75   3.05000E+02   0.00000E+00  0.00000E+00 0.00000
            76   2.85000E+02   0.00000E+00  0.00000E+00 0.00000
            77   2.40000E+02   0.00000E+00  0.00000E+00 0.00000
            78   2.20000E+02   0.00000E+00  0.00000E+00 0.00000
            79   2.09500E+02   0.00000E+00  0.00000E+00 0.00000
            80   2.07400E+02   0.00000E+00  0.00000E+00 0.00000
            81   2.02000E+02   0.00000E+00  0.00000E+00 0.00000
            82   1.93000E+02   0.00000E+00  0.00000E+00 0.00000
            83   1.91500E+02   0.00000E+00  0.00000E+00 0.00000
            84   1.88500E+02   0.00000E+00  0.00000E+00 0.00000
            85   1.87700E+02   0.00000E+00  0.00000E+00 0.00000
            86   1.80000E+02   0.00000E+00  0.00000E+00 0.00000
            87   1.70000E+02   0.00000E+00  0.00000E+00 0.00000
            88   1.43000E+02   0.00000E+00  0.00000E+00 0.00000
            89   1.22000E+02   0.00000E+00  0.00000E+00 0.00000
            90   1.19000E+02   0.00000E+00  0.00000E+00 0.00000
            91   1.17500E+02   0.00000E+00  0.00000E+00 0.00000
            92   1.16000E+02   0.00000E+00  0.00000E+00 0.00000
            93   1.13000E+02   0.00000E+00  0.00000E+00 0.00000
            94   1.08000E+02   0.00000E+00  0.00000E+00 0.00000
            95   1.05000E+02   0.00000E+00  0.00000E+00 0.00000
            96   1.01200E+02   0.00000E+00  0.00000E+00 0.00000
            97   9.70000E+01   0.00000E+00  0.00000E+00 0.00000
            98   9.00000E+01   0.00000E+00  0.00000E+00 0.00000
            99   8.17000E+01   0.00000E+00  0.00000E+00 0.00000
           100   8.00000E+01   0.00000E+00  0.00000E+00 0.00000
           101   7.60000E+01   0.00000E+00  0.00000E+00 0.00000
           102   7.20000E+01   0.00000E+00  0.00000E+00 0.00000
           103   6.75000E+01   0.00000E+00  0.00000E+00 0.00000
           104   6.50000E+01   0.00000E+00  0.00000E+00 0.00000
           105   6.30000E+01   0.00000E+00  0.00000E+00 0.00000
           106   6.10000E+01   0.00000E+00  0.00000E+00 0.00000
           107   5.80000E+01   0.00000E+00  0.00000E+00 0.00000
           108   5.34000E+01   0.00000E+00  0.00000E+00 0.00000
           109   5.06000E+01   0.00000E+00  0.00000E+00 0.00000
           110   4.83000E+01   0.00000E+00  0.00000E+00 0.00000
           111   4.52000E+01   0.00000E+00  0.00000E+00 0.00000
           112   4.40000E+01   0.00000E+00  0.00000E+00 0.00000
           113   4.24000E+01   0.00000E+00  0.00000E+00 0.00000
           114   4.10000E+01   0.00000E+00  0.00000E+00 0.00000
           115   3.96000E+01   0.00000E+00  0.00000E+00 0.00000
           116   3.91000E+01   0.00000E+00  0.00000E+00 0.00000
           117   3.80000E+01   0.00000E+00  0.00000E+00 0.00000
           118   3.76300E+01   0.00000E+00  0.00000E+00 0.00000
           119   3.72700E+01   0.00000E+00  0.00000E+00 0.00000
           120   3.71300E+01   0.00000E+00  0.00000E+00 0.00000
           121   3.70000E+01   0.00000E+00  0.00000E+00 0.00000
           122   3.60000E+01   0.00000E+00  0.00000E+00 0.00000
           123   3.55000E+01   0.00000E+00  0.00000E+00 0.00000
           124   3.50000E+01   0.00000E+00  0.00000E+00 0.00000
           125   3.37500E+01   0.00000E+00  0.00000E+00 0.00000
           126   3.32500E+01   0.00000E+00  0.00000E+00 0.00000
           127   3.17500E+01   0.00000E+00  0.00000E+00 0.00000
           128   3.12500E+01   0.00000E+00  0.00000E+00 0.00000
           129   3.00000E+01   0.00000E+00  0.00000E+00 0.00000
           130   2.75000E+01   0.00000E+00  0.00000E+00 0.00000
           131   2.50000E+01   0.00000E+00  0.00000E+00 0.00000
           132   2.25000E+01   0.00000E+00  0.00000E+00 0.00000
           133   2.17500E+01   0.00000E+00  0.00000E+00 0.00000
           134   2.12000E+01   0.00000E+00  0.00000E+00 0.00000
           135   2.05000E+01   0.00000E+00  0.00000E+00 0.00000
           136   2.00000E+01   0.00000E+00  0.00000E+00 0.00000
           137   1.94000E+01   0.00000E+00  0.00000E+00 0.00000
           138   1.85000E+01   0.00000E+00  0.00000E+00 0.00000
           139   1.70000E+01   0.00000E+00  0.00000E+00 0.00000
           140   1.60000E+01   0.00000E+00  0.00000E+00 0.00000
           141   1.44000E+01   0.00000E+00  0.00000E+00 0.00000
           142   1.29000E+01   0.00000E+00  0.00000E+00 0.00000
           143   1.19000E+01   0.00000E+00  0.00000E+00 0.00000
           144   1.15000E+01   0.00000E+00  0.00000E+00 0.00000
           145   1.00000E+01   0.00000E+00  0.00000E+00 0.00000
           146   9.10000E+00   0.00000E+00  0.00000E+00 0.00000
           147   8.10000E+00   0.00000E+00  0.00000E+00 0.00000
           148   7.15000E+00   0.00000E+00  0.00000E+00 0.00000
           149   7.00000E+00   0.00000E+00  0.00000E+00 0.00000
           150   6.87500E+00   0.00000E+00  0.00000E+00 0.00000
           151   6.75000E+00   0.00000E+00  0.00000E+00 0.00000
           152   6.50000E+00   0.00000E+00  0.00000E+00 0.00000
           153   6.25000E+00   0.00000E+00  0.00000E+00 0.00000
           154   6.00000E+00   0.00000E+00  0.00000E+00 0.00000
           155   5.40000E+00   0.00000E+00  0.00000E+00 0.00000
           156   5.00000E+00   0.00000E+00  0.00000E+00 0.00000
           157   4.70000E+00   0.00000E+00  0.00000E+00 0.00000
           158   4.10000E+00   0.00000E+00  0.00000E+00 0.00000
           159   3.73000E+00   0.00000E+00  0.00000E+00 0.00000
           160   3.50000E+00   0.00000E+00  0.00000E+00 0.00000
           161   3.20000E+00   0.00000E+00  0.00000E+00 0.00000
           162   3.10000E+00   0.00000E+00  0.00000E+00 0.00000
           163   3.00000E+00   0.00000E+00  0.00000E+00 0.00000
           164   2.97000E+00   0.00000E+00  0.00000E+00 0.00000
           165   2.87000E+00   0.00000E+00  0.00000E+00 0.00000
           166   2.77000E+00   0.00000E+00  0.00000E+00 0.00000
           167   2.67000E+00   0.00000E+00  0.00000E+00 0.00000
           168   2.57000E+00   0.00000E+00  0.00000E+00 0.00000
           169   2.47000E+00   0.00000E+00  0.00000E+00 0.00000
           170   2.38000E+00   0.00000E+00  0.00000E+00 0.00000
           171   2.30000E+00   0.00000E+00  0.00000E+00 0.00000
           172   2.21000E+00   0.00000E+00  0.00000E+00 0.00000
           173   2.12000E+00   0.00000E+00  0.00000E+00 0.00000
           174   2.00000E+00   0.00000E+00  0.00000E+00 0.00000
           175   1.94000E+00   0.00000E+00  0.00000E+00 0.00000
           176   1.86000E+00   0.00000E+00  0.00000E+00 0.00000
           177   1.77000E+00   0.00000E+00  0.00000E+00 0.00000
           178   1.68000E+00   0.00000E+00  0.00000E+00 0.00000
           179   1.59000E+00   0.00000E+00  0.00000E+00 0.00000
           180   1.50000E+00   0.00000E+00  0.00000E+00 0.00000
           181   1.45000E+00   0.00000E+00  0.00000E+00 0.00000
           182   1.40000E+00   0.00000E+00  0.00000E+00 0.00000
           183   1.35000E+00   0.00000E+00  0.00000E+00 0.00000
           184   1.30000E+00   0.00000E+00  0.00000E+00 0.00000
           185   1.25000E+00   0.00000E+00  0.00000E+00 0.00000
           186   1.22500E+00   0.00000E+00  0.00000E+00 0.00000
           187   1.20000E+00   0.00000E+00  0.00000E+00 0.00000
           188   1.17500E+00   0.00000E+00  0.00000E+00 0.00000
           189   1.15000E+00   0.00000E+00  0.00000E+00 0.00000
           190   1.14000E+00   0.00000E+00  0.00000E+00 0.00000
           191   1.13000E+00   0.00000E+00  0.00000E+00 0.00000
           192   1.12000E+00   0.00000E+00  0.00000E+00 0.00000
           193   1.11000E+00   0.00000E+00  0.00000E+00 0.00000
           194   1.10000E+00   0.00000E+00  0.00000E+00 0.00000
           195   1.09000E+00   0.00000E+00  0.00000E+00 0.00000
           196   1.08000E+00   0.00000E+00  0.00000E+00 0.00000
           197   1.07000E+00   0.00000E+00  0.00000E+00 0.00000
           198   1.06000E+00   0.00000E+00  0.00000E+00 0.00000
           199   1.05000E+00   0.00000E+00  0.00000E+00 0.00000
           200   1.04000E+00   0.00000E+00  0.00000E+00 0.00000
           201   1.03000E+00   0.00000E+00  0.00000E+00 0.00000
           202   1.02000E+00   0.00000E+00  0.00000E+00 0.00000
           203   1.01000E+00   0.00000E+00  0.00000E+00 0.00000
           204   1.00000E+00   0.00000E+00  0.00000E+00 0.00000
           205   9.75000E-01   0.00000E+00  0.00000E+00 0.00000
           206   9.50000E-01   0.00000E+00  0.00000E+00 0.00000
           207   9.25000E-01   0.00000E+00  0.00000E+00 0.00000
           208   9.00000E-01   0.00000E+00  0.00000E+00 0.00000
           209   8.50000E-01   0.00000E+00  0.00000E+00 0.00000
           210   8.00000E-01   0.00000E+00  0.00000E+00 0.00000
           211   7.50000E-01   0.00000E+00  0.00000E+00 0.00000
           212   7.00000E-01   0.00000E+00  0.00000E+00 0.00000
           213   6.50000E-01   0.00000E+00  0.00000E+00 0.00000
           214   6.25000E-01   0.00000E+00  0.00000E+00 0.00000
           215   6.00000E-01   0.00000E+00  0.00000E+00 0.00000
           216   5.50000E-01   0.00000E+00  0.00000E+00 0.00000
           217   5.00000E-01   0.00000E+00  0.00000E+00 0.00000
           218   4.50000E-01   0.00000E+00  0.00000E+00 0.00000
           219   4.00000E-01   0.00000E+00  0.00000E+00 0.00000
           220   3.75000E-01   0.00000E+00  0.00000E+00 0.00000
           221   3.50000E-01   0.00000E+00  0.00000E+00 0.00000
           222   3.25000E-01   0.00000E+00  0.00000E+00 0.00000
           223   3.00000E-01   0.00000E+00  0.00000E+00 0.00000
           224   2.75000E-01   0.00000E+00  0.00000E+00 0.00000
           225   2.50000E-01   0.00000E+00  0.00000E+00 0.00000
           226   2.25000E-01   0.00000E+00  0.00000E+00 0.00000
           227   2.00000E-01   0.00000E+00  0.00000E+00 0.00000
           228   1.75000E-01   0.00000E+00  0.00000E+00 0.00000
           229   1.50000E-01   0.00000E+00  0.00000E+00 0.00000
           230   1.25000E-01   0.00000E+00  0.00000E+00 0.00000
           231   1.00000E-01   0.00000E+00  0.00000E+00 0.00000
           232   9.00000E-02   0.00000E+00  0.00000E+00 0.00000
           233   8.00000E-02   0.00000E+00  0.00000E+00 0.00000
           234   7.00000E-02   0.00000E+00  0.00000E+00 0.00000
           235   6.00000E-02   0.00000E+00  0.00000E+00 0.00000
           236   5.00000E-02   0.00000E+00  0.00000E+00 0.00000
           237   4.00000E-02   0.00000E+00  0.00000E+00 0.00000
           238   3.00000E-02   0.00000E+00  0.00000E+00 0.00000
           239   2.53000E-02   0.00000E+00  0.00000E+00 0.00000
           240   1.00000E-02   0.00000E+00  0.00000E+00 0.00000
           241   7.50000E-03   0.00000E+00  0.00000E+00 0.00000
           242   5.00000E-03   0.00000E+00  0.00000E+00 0.00000
           243   4.00000E-03   0.00000E+00  0.00000E+00 0.00000
           244   3.00000E-03   0.00000E+00  0.00000E+00 0.00000
           245   2.50000E-03   0.00000E+00  0.00000E+00 0.00000
           246   2.00000E-03   0.00000E+00  0.00000E+00 0.00000
           247   1.50000E-03   0.00000E+00  0.00000E+00 0.00000
           248   1.20000E-03   0.00000E+00  0.00000E+00 0.00000
           249   1.00000E-03   0.00000E+00  0.00000E+00 0.00000
           250   7.50000E-04   0.00000E+00  0.00000E+00 0.00000
           251   5.00000E-04   0.00000E+00  0.00000E+00 0.00000
           252   1.00000E-04   0.00000E+00  0.00000E+00 0.00000
         -----  ------------  ------------ ------------ -------

         Total Response - over all energy groups and time bins

                upper energy
         group      (eV)             value  uncertainty     rel
         -----  ------------  ------------ ------------ -------
         total                 5.24734E-07  1.05878E-09 0.00202
         -----  ------------  ------------ ------------ -------


