     Region Tally 110 (neutron)
         tally limited to unit: 1
         tally limited to region: 6
         tally limited to media: 6
         energyBounds:    1 with 252 groups
         timeBounds:      1 with 1 bins
         comment:          Total Ni-58(n,2n) per cc // Ni-58(n,p) per cc //Ni-58(n,np) per cc
         volume (cm**3)    1.9634954E+00
         using responses: 110 112 114
         multiplier:         1.0000000E+00

 Details for the final tally

         Neutron Fluxes - for time bin 1 ( 0.0000000E+00 to  1.0000000E+06 sec)

                upper energy        track-length estimator          collision-density estimator   
         group      (eV)             value  uncertainty     rel         value  uncertainty     rel
         -----  ------------  ------------ ------------ -------  ------------ ------------ -------
             1   2.00000E+07   0.00000E+00  0.00000E+00 0.00000   0.00000E+00  0.00000E+00 0.00000
             2   1.73300E+07   0.00000E+00  0.00000E+00 0.00000   0.00000E+00  0.00000E+00 0.00000
             3   1.56800E+07   0.00000E+00  0.00000E+00 0.00000   0.00000E+00  0.00000E+00 0.00000
             4   1.45500E+07   1.92234E-05  6.73353E-08 0.00350   1.92382E-05  1.12132E-07 0.00583
             5   1.38400E+07   1.34536E-06  1.58131E-08 0.01175   1.38389E-06  2.76401E-08 0.01997
             6   1.28400E+07   1.20305E-06  1.39357E-08 0.01158   1.22290E-06  2.62758E-08 0.02149
             7   1.00000E+07   1.05584E-06  1.41795E-08 0.01343   1.07140E-06  2.36027E-08 0.02203
             8   8.18700E+06   1.63179E-06  1.60323E-08 0.00982   1.61459E-06  2.67536E-08 0.01657
             9   6.43400E+06   2.39136E-06  1.90097E-08 0.00795   2.37366E-06  3.06858E-08 0.01293
            10   4.80000E+06   1.19710E-06  1.25307E-08 0.01047   1.20239E-06  2.13296E-08 0.01774
            11   4.30400E+06   5.77938E-06  2.94955E-08 0.00510   5.78251E-06  4.78126E-08 0.00827
            12   3.00000E+06   4.81910E-06  2.52485E-08 0.00524   4.74533E-06  4.14442E-08 0.00873
            13   2.47900E+06   1.54126E-06  1.37537E-08 0.00892   1.57375E-06  2.41823E-08 0.01537
            14   2.35400E+06   8.14022E-06  3.46130E-08 0.00425   8.03838E-06  5.62742E-08 0.00700
            15   1.85000E+06   8.29130E-06  3.55549E-08 0.00429   8.25243E-06  5.65800E-08 0.00686
            16   1.50000E+06   2.88988E-06  1.98957E-08 0.00688   2.90176E-06  3.16802E-08 0.01092
            17   1.40000E+06   1.37449E-06  1.28167E-08 0.00932   1.35495E-06  2.23003E-08 0.01646
            18   1.35600E+06   1.22354E-06  1.18450E-08 0.00968   1.23199E-06  1.93085E-08 0.01567
            19   1.31700E+06   2.16560E-06  1.67261E-08 0.00772   2.14121E-06  2.61922E-08 0.01223
            20   1.25000E+06   1.72976E-06  1.44600E-08 0.00836   1.74941E-06  2.45259E-08 0.01402
            21   1.20000E+06   3.78270E-06  2.26909E-08 0.00600   3.80659E-06  3.68948E-08 0.00969
            22   1.10000E+06   3.88080E-06  2.26253E-08 0.00583   3.85691E-06  3.99758E-08 0.01036
            23   1.01000E+06   4.23128E-06  2.29584E-08 0.00543   4.26493E-06  4.05334E-08 0.00950
            24   9.20000E+05   9.93465E-07  9.83204E-09 0.00990   1.01017E-06  1.72248E-08 0.01705
            25   9.00000E+05   1.27357E-06  1.13481E-08 0.00891   1.27174E-06  1.92220E-08 0.01511
            26   8.75000E+05   7.21808E-07  8.44500E-09 0.01170   7.24060E-07  1.66418E-08 0.02298
            27   8.61100E+05   2.16102E-06  1.58351E-08 0.00733   2.17741E-06  2.63243E-08 0.01209
            28   8.20000E+05   3.80420E-06  2.09914E-08 0.00552   3.80008E-06  3.61763E-08 0.00952
            29   7.50000E+05   4.21586E-06  2.24662E-08 0.00533   4.22610E-06  4.20204E-08 0.00994
            30   6.79000E+05   5.33412E-07  6.58148E-09 0.01234   5.36943E-07  1.15816E-08 0.02157
            31   6.70000E+05   4.15478E-06  2.19572E-08 0.00528   4.14228E-06  3.73206E-08 0.00901
            32   6.00000E+05   1.63389E-06  1.24561E-08 0.00762   1.67633E-06  2.62721E-08 0.01567
            33   5.73000E+05   1.39480E-06  1.14501E-08 0.00821   1.38705E-06  2.41686E-08 0.01742
            34   5.50000E+05   3.63483E-06  1.99486E-08 0.00549   3.63591E-06  3.45651E-08 0.00951
            35   4.92000E+05   1.43783E-06  1.10773E-08 0.00770   1.41391E-06  1.98145E-08 0.01401
            36   4.70000E+05   1.90951E-06  1.36202E-08 0.00713   1.93784E-06  2.21934E-08 0.01145
            37   4.40000E+05   1.20480E-06  9.99674E-09 0.00830   1.20649E-06  1.72626E-08 0.01431
            38   4.20000E+05   1.32929E-06  1.09314E-08 0.00822   1.31306E-06  2.52552E-08 0.01923
            39   4.00000E+05   4.86368E-06  2.17008E-08 0.00446   4.89351E-06  3.63785E-08 0.00743
            40   3.30000E+05   4.08503E-06  1.93449E-08 0.00474   4.10103E-06  3.17566E-08 0.00774
            41   2.70000E+05   4.90771E-06  2.16043E-08 0.00440   4.89706E-06  3.50174E-08 0.00715
            42   2.00000E+05   3.53056E-06  1.79496E-08 0.00508   3.55714E-06  3.18402E-08 0.00895
            43   1.49000E+05   1.56858E-06  1.09572E-08 0.00699   1.56277E-06  2.21473E-08 0.01417
            44   1.28300E+05   1.88721E-06  1.24404E-08 0.00659   1.85526E-06  2.13869E-08 0.01153
            45   1.00000E+05   8.06905E-07  6.62998E-09 0.00822   8.03625E-07  1.19642E-08 0.01489
            46   8.50000E+04   1.74061E-07  2.43003E-09 0.01396   1.73408E-07  4.46220E-09 0.02573
            47   8.20000E+04   5.50776E-07  5.33046E-09 0.00968   5.57163E-07  8.57519E-09 0.01539
            48   7.50000E+04   1.57177E-07  2.38514E-09 0.01517   1.60715E-07  3.96473E-09 0.02467
            49   7.30000E+04   8.81885E-07  7.74523E-09 0.00878   8.80384E-07  1.08338E-08 0.01231
            50   6.00000E+04   4.98099E-07  6.34519E-09 0.01274   4.96332E-07  1.34077E-08 0.02701
            51   5.20000E+04   1.14500E-07  2.44372E-09 0.02134   1.13560E-07  4.78400E-09 0.04213
            52   5.00000E+04   2.70635E-07  3.96960E-09 0.01467   2.73062E-07  6.52315E-09 0.02389
            53   4.50000E+04   7.38723E-07  7.02250E-09 0.00951   7.28434E-07  9.63902E-09 0.01323
            54   3.00000E+04   5.04370E-07  5.66780E-09 0.01124   4.99069E-07  7.48202E-09 0.01499
            55   2.00000E+04   1.29710E-07  2.44804E-09 0.01887   1.30553E-07  2.89560E-09 0.02218
            56   1.70000E+04   1.84923E-07  3.40166E-09 0.01839   1.82331E-07  3.77808E-09 0.02072
            57   1.30000E+04   1.49589E-07  3.46869E-09 0.02319   1.47773E-07  4.38879E-09 0.02970
            58   9.50000E+03   5.61554E-08  2.10026E-09 0.03740   5.68973E-08  3.08834E-09 0.05428
            59   8.03000E+03   7.29666E-08  2.42610E-09 0.03325   7.57285E-08  3.29725E-09 0.04354
            60   5.70000E+03   4.86122E-08  2.01743E-09 0.04150   5.12526E-08  2.44582E-09 0.04772
            61   3.90000E+03   4.87638E-09  4.23719E-10 0.08689   4.63816E-09  5.01721E-10 0.10817
            62   3.74000E+03   2.01503E-08  1.21659E-09 0.06038   2.06856E-08  1.62372E-09 0.07850
            63   3.00000E+03   1.34952E-08  1.25425E-09 0.09294   1.45515E-08  1.78939E-09 0.12297
            64   2.50000E+03   5.33236E-09  5.35495E-10 0.10042   5.86935E-09  7.65151E-10 0.13036
            65   2.25000E+03   1.65754E-09  2.57776E-10 0.15552   1.21372E-09  2.69490E-10 0.22204
            66   2.20000E+03   8.68287E-09  9.49765E-10 0.10938   8.79173E-09  1.25739E-09 0.14302
            67   1.80000E+03   5.30048E-09  6.75342E-10 0.12741   5.15066E-09  7.38043E-10 0.14329
            68   1.55000E+03   1.02110E-09  2.18455E-10 0.21394   8.86174E-10  2.97237E-10 0.33542
            69   1.50000E+03   6.32709E-09  6.64754E-10 0.10506   6.58044E-09  8.72110E-10 0.13253
            70   1.15000E+03   4.34027E-09  6.33468E-10 0.14595   4.31359E-09  7.29870E-10 0.16920
            71   9.50000E+02   8.87675E-09  1.08007E-09 0.12167   8.33763E-09  1.19294E-09 0.14308
            72   6.83000E+02   3.42274E-10  1.09133E-10 0.31885   3.98620E-10  1.75137E-10 0.43936
            73   6.70000E+02   4.49949E-09  1.05305E-09 0.23404   4.38997E-09  9.81177E-10 0.22350
            74   5.50000E+02   1.14082E-08  2.83080E-09 0.24814   1.19276E-08  3.59529E-09 0.30143
            75   3.05000E+02   1.40291E-09  3.86868E-10 0.27576   1.16034E-09  3.69709E-10 0.31862
            76   2.85000E+02   2.66397E-09  5.12719E-10 0.19246   2.57824E-09  6.17249E-10 0.23941
            77   2.40000E+02   1.13372E-09  5.82938E-10 0.51418   8.31946E-10  3.76923E-10 0.45306
            78   2.20000E+02   5.78849E-10  1.78435E-10 0.30826   5.63525E-10  2.53059E-10 0.44906
            79   2.09500E+02   6.94994E-11  3.99557E-11 0.57491   1.03469E-10  6.79935E-11 0.65714
            80   2.07400E+02   2.52974E-10  1.06454E-10 0.42081   3.24715E-10  1.26553E-10 0.38974
            81   2.02000E+02   5.12687E-10  1.84158E-10 0.35920   4.79788E-10  1.88221E-10 0.39230
            82   1.93000E+02   1.03638E-10  4.69865E-11 0.45337   1.96124E-10  8.44458E-11 0.43057
            83   1.91500E+02   2.17184E-10  1.12268E-10 0.51693   2.06512E-10  9.74874E-11 0.47207
            84   1.88500E+02   2.53141E-11  2.03980E-11 0.80580   3.61921E-11  3.14772E-11 0.86972
            85   1.87700E+02   2.95913E-10  8.45884E-11 0.28586   3.29355E-10  1.44692E-10 0.43932
            86   1.80000E+02   4.88254E-10  1.43704E-10 0.29432   3.51093E-10  1.23238E-10 0.35101
            87   1.70000E+02   1.31072E-09  3.12814E-10 0.23866   1.21739E-09  3.57088E-10 0.29332
            88   1.43000E+02   1.30370E-09  3.51018E-10 0.26925   1.30892E-09  3.75855E-10 0.28715
            89   1.22000E+02   2.45616E-10  1.05369E-10 0.42900   1.21079E-10  5.42482E-11 0.44804
            90   1.19000E+02   8.85778E-11  4.62234E-11 0.52184   9.44754E-11  5.73281E-11 0.60681
            91   1.17500E+02   6.27831E-11  4.68651E-11 0.74646   1.00802E-10  7.18979E-11 0.71326
            92   1.16000E+02   2.07761E-10  1.05023E-10 0.50550   2.15951E-10  1.49763E-10 0.69351
            93   1.13000E+02   2.90426E-10  1.12743E-10 0.38820   3.45919E-10  1.52900E-10 0.44201
            94   1.08000E+02   2.73832E-10  1.40776E-10 0.51410   2.35576E-10  1.15968E-10 0.49228
            95   1.05000E+02   3.03675E-10  1.52480E-10 0.50212   1.52008E-10  8.23644E-11 0.54184
            96   1.01200E+02   3.59840E-10  1.07328E-10 0.29827   2.60530E-10  1.20680E-10 0.46321
            97   9.70000E+01   6.58609E-10  2.13509E-10 0.32418   5.80452E-10  2.01357E-10 0.34690
            98   9.00000E+01   8.56896E-10  2.63928E-10 0.30800   1.04598E-09  3.51139E-10 0.33570
            99   8.17000E+01   1.13173E-10  4.12819E-11 0.36477   2.58119E-10  1.39364E-10 0.53992
           100   8.00000E+01   4.55514E-10  1.64276E-10 0.36064   4.85001E-10  2.09732E-10 0.43244
           101   7.60000E+01   8.68800E-10  4.66702E-10 0.53718   7.16138E-10  3.92002E-10 0.54738
           102   7.20000E+01   3.24116E-10  1.40154E-10 0.43242   3.17835E-10  1.41089E-10 0.44390
           103   6.75000E+01   2.31134E-10  1.62400E-10 0.70262   2.69160E-10  1.83228E-10 0.68074
           104   6.50000E+01   1.19453E-10  5.50722E-11 0.46104   1.77913E-10  7.94486E-11 0.44656
           105   6.30000E+01   3.46098E-10  1.79821E-10 0.51957   1.61667E-10  7.77876E-11 0.48116
           106   6.10000E+01   5.24458E-10  1.93774E-10 0.36947   3.85752E-10  1.78069E-10 0.46162
           107   5.80000E+01   5.42761E-10  1.81877E-10 0.33510   3.55682E-10  1.31584E-10 0.36995
           108   5.34000E+01   2.99869E-10  9.62312E-11 0.32091   3.33772E-10  1.15152E-10 0.34500
           109   5.06000E+01   2.07794E-10  8.60237E-11 0.41399   1.23717E-10  5.95894E-11 0.48166
           110   4.83000E+01   4.12009E-10  2.23260E-10 0.54188   4.00261E-10  2.51444E-10 0.62820
           111   4.52000E+01   1.38619E-10  6.06756E-11 0.43772   2.69228E-11  2.00554E-11 0.74492
           112   4.40000E+01   1.87940E-10  1.22526E-10 0.65194   2.08478E-10  2.08478E-10 1.00000
           113   4.24000E+01   9.15209E-11  3.98829E-11 0.43578   2.41926E-10  1.22185E-10 0.50505
           114   4.10000E+01   9.14902E-11  4.22264E-11 0.46154   1.16271E-10  8.68532E-11 0.74699
           115   3.96000E+01   8.74145E-11  7.05339E-11 0.80689   9.84077E-11  7.47134E-11 0.75922
           116   3.91000E+01   1.13919E-10  6.19090E-11 0.54345   5.69446E-11  3.66616E-11 0.64381
           117   3.80000E+01   1.87170E-11  1.23896E-11 0.66194   5.90724E-12  5.90724E-12 1.00000
           118   3.76300E+01   3.15306E-11  2.96947E-11 0.94177   2.87490E-11  2.37691E-11 0.82678
           119   3.72700E+01   6.63960E-12  6.63960E-12 1.00000   0.00000E+00  0.00000E+00 0.00000
           120   3.71300E+01   5.12996E-12  5.12996E-12 1.00000   0.00000E+00  0.00000E+00 0.00000
           121   3.70000E+01   1.21029E-10  7.25855E-11 0.59974   8.07342E-11  5.99480E-11 0.74254
           122   3.60000E+01   1.05054E-10  6.10291E-11 0.58093   2.59040E-10  1.68887E-10 0.65197
           123   3.55000E+01   1.93956E-10  1.08466E-10 0.55923   8.70328E-11  5.40266E-11 0.62076
           124   3.50000E+01   2.18827E-10  9.09760E-11 0.41574   2.61150E-10  1.74827E-10 0.66945
           125   3.37500E+01   1.16352E-10  5.56935E-11 0.47866   1.83559E-10  9.85628E-11 0.53695
           126   3.32500E+01   1.87304E-10  7.55533E-11 0.40337   7.35637E-11  4.06540E-11 0.55264
           127   3.17500E+01   5.08858E-11  3.59259E-11 0.70601   2.87327E-11  2.87327E-11 1.00000
           128   3.12500E+01   2.16019E-10  8.78130E-11 0.40651   2.04618E-10  1.43892E-10 0.70322
           129   3.00000E+01   6.16872E-10  1.95181E-10 0.31640   7.36109E-10  2.78657E-10 0.37855
           130   2.75000E+01   8.65078E-10  4.43299E-10 0.51244   8.07897E-10  4.25226E-10 0.52634
           131   2.50000E+01   6.37107E-10  3.54340E-10 0.55617   5.09092E-10  2.45061E-10 0.48137
           132   2.25000E+01   1.47787E-10  7.90037E-11 0.53458   1.05427E-10  8.00053E-11 0.75887
           133   2.17500E+01   9.44106E-11  8.00250E-11 0.84763   4.87828E-11  4.64389E-11 0.95195
           134   2.12000E+01   1.39490E-11  8.11660E-12 0.58188   3.85439E-11  3.47881E-11 0.90256
           135   2.05000E+01   1.20178E-11  7.55553E-12 0.62869   1.97545E-11  1.47703E-11 0.74769
           136   2.00000E+01   7.98494E-12  5.32856E-12 0.66733   6.42499E-12  6.42499E-12 1.00000
           137   1.94000E+01   2.57656E-10  2.56483E-10 0.99545   4.06522E-10  4.06522E-10 1.00000
           138   1.85000E+01   6.68339E-11  4.20592E-11 0.62931   4.93767E-11  3.32581E-11 0.67356
           139   1.70000E+01   1.48493E-10  7.84770E-11 0.52849   2.17051E-10  1.40010E-10 0.64506
           140   1.60000E+01   3.21221E-10  1.34343E-10 0.41823   2.97606E-10  1.73571E-10 0.58322
           141   1.44000E+01   1.68879E-10  7.45296E-11 0.44132   8.59379E-11  6.61800E-11 0.77009
           142   1.29000E+01   3.62030E-10  1.47156E-10 0.40647   3.49715E-10  1.65812E-10 0.47413
           143   1.19000E+01   5.90410E-11  2.94915E-11 0.49951   8.79074E-11  6.86728E-11 0.78119
           144   1.15000E+01   6.32870E-10  2.97550E-10 0.47016   5.19660E-10  3.15319E-10 0.60678
           145   1.00000E+01   1.10676E-10  5.26488E-11 0.47570   1.08709E-10  6.27023E-11 0.57679
           146   9.10000E+00   4.19318E-10  1.86204E-10 0.44406   4.58171E-10  2.51953E-10 0.54991
           147   8.10000E+00   2.95261E-10  2.05547E-10 0.69615   1.58933E-10  1.35428E-10 0.85211
           148   7.15000E+00   1.32233E-11  9.56442E-12 0.72330   6.02626E-12  6.02626E-12 1.00000
           149   7.00000E+00   9.15657E-13  9.15657E-13 1.00000   0.00000E+00  0.00000E+00 0.00000
           150   6.87500E+00   9.88018E-11  9.88018E-11 1.00000   0.00000E+00  0.00000E+00 0.00000
           151   6.75000E+00   5.71030E-10  5.27579E-10 0.92391   5.92582E-10  5.76604E-10 0.97304
           152   6.50000E+00   2.35142E-10  1.34883E-10 0.57362   2.24142E-10  1.47461E-10 0.65789
           153   6.25000E+00   2.94815E-10  1.68383E-10 0.57115   4.98002E-10  2.83700E-10 0.56968
           154   6.00000E+00   4.41770E-10  2.03115E-10 0.45977   3.20006E-10  1.93225E-10 0.60382
           155   5.40000E+00   1.31718E-10  7.42476E-11 0.56369   1.64624E-10  1.31134E-10 0.79656
           156   5.00000E+00   5.73432E-11  3.71853E-11 0.64847   9.89543E-11  9.89543E-11 1.00000
           157   4.70000E+00   3.86305E-11  2.48840E-11 0.64415   0.00000E+00  0.00000E+00 0.00000
           158   4.10000E+00   8.46028E-11  6.70858E-11 0.79295   0.00000E+00  0.00000E+00 0.00000
           159   3.73000E+00   6.43963E-12  6.43963E-12 1.00000   1.64662E-11  1.64662E-11 1.00000
           160   3.50000E+00   7.75491E-11  5.55901E-11 0.71684   4.95292E-11  3.50226E-11 0.70711
           161   3.20000E+00   3.35958E-11  3.35958E-11 1.00000   0.00000E+00  0.00000E+00 0.00000
           162   3.10000E+00   2.74319E-11  2.63129E-11 0.95921   5.74616E-11  5.10174E-11 0.88785
           163   3.00000E+00   2.00627E-11  1.97994E-11 0.98688   6.76021E-12  6.76021E-12 1.00000
           164   2.97000E+00   1.33103E-10  1.30289E-10 0.97886   1.99647E-10  1.99647E-10 1.00000
           165   2.87000E+00   0.00000E+00  0.00000E+00 0.00000   0.00000E+00  0.00000E+00 0.00000
           166   2.77000E+00   4.56476E-11  2.85153E-11 0.62468   4.32082E-11  4.32082E-11 1.00000
           167   2.67000E+00   1.90625E-10  1.17529E-10 0.61655   1.51189E-10  1.21322E-10 0.80245
           168   2.57000E+00   1.46376E-10  9.32469E-11 0.63704   1.44139E-10  9.03626E-11 0.62691
           169   2.47000E+00   7.82738E-11  5.22868E-11 0.66800   5.00630E-11  5.00630E-11 1.00000
           170   2.38000E+00   8.11550E-11  4.96263E-11 0.61150   5.46528E-11  4.78711E-11 0.87591
           171   2.30000E+00   2.56894E-11  2.01122E-11 0.78290   2.21004E-11  2.21004E-11 1.00000
           172   2.21000E+00   3.14503E-12  3.14503E-12 1.00000   3.16518E-12  3.16518E-12 1.00000
           173   2.12000E+00   7.45465E-12  7.00365E-12 0.93950   4.60332E-11  4.60332E-11 1.00000
           174   2.00000E+00   2.59234E-11  2.36771E-11 0.91335   0.00000E+00  0.00000E+00 0.00000
           175   1.94000E+00   0.00000E+00  0.00000E+00 0.00000   0.00000E+00  0.00000E+00 0.00000
           176   1.86000E+00   0.00000E+00  0.00000E+00 0.00000   0.00000E+00  0.00000E+00 0.00000
           177   1.77000E+00   0.00000E+00  0.00000E+00 0.00000   0.00000E+00  0.00000E+00 0.00000
           178   1.68000E+00   0.00000E+00  0.00000E+00 0.00000   0.00000E+00  0.00000E+00 0.00000
           179   1.59000E+00   0.00000E+00  0.00000E+00 0.00000   0.00000E+00  0.00000E+00 0.00000
           180   1.50000E+00   0.00000E+00  0.00000E+00 0.00000   0.00000E+00  0.00000E+00 0.00000
           181   1.45000E+00   0.00000E+00  0.00000E+00 0.00000   0.00000E+00  0.00000E+00 0.00000
           182   1.40000E+00   0.00000E+00  0.00000E+00 0.00000   0.00000E+00  0.00000E+00 0.00000
           183   1.35000E+00   1.73677E-10  1.73677E-10 1.00000   0.00000E+00  0.00000E+00 0.00000
           184   1.30000E+00   0.00000E+00  0.00000E+00 0.00000   0.00000E+00  0.00000E+00 0.00000
           185   1.25000E+00   0.00000E+00  0.00000E+00 0.00000   0.00000E+00  0.00000E+00 0.00000
           186   1.22500E+00   0.00000E+00  0.00000E+00 0.00000   0.00000E+00  0.00000E+00 0.00000
           187   1.20000E+00   0.00000E+00  0.00000E+00 0.00000   0.00000E+00  0.00000E+00 0.00000
           188   1.17500E+00   0.00000E+00  0.00000E+00 0.00000   0.00000E+00  0.00000E+00 0.00000
           189   1.15000E+00   0.00000E+00  0.00000E+00 0.00000   0.00000E+00  0.00000E+00 0.00000
           190   1.14000E+00   0.00000E+00  0.00000E+00 0.00000   0.00000E+00  0.00000E+00 0.00000
           191   1.13000E+00   0.00000E+00  0.00000E+00 0.00000   0.00000E+00  0.00000E+00 0.00000
           192   1.12000E+00   0.00000E+00  0.00000E+00 0.00000   0.00000E+00  0.00000E+00 0.00000
           193   1.11000E+00   0.00000E+00  0.00000E+00 0.00000   0.00000E+00  0.00000E+00 0.00000
           194   1.10000E+00   0.00000E+00  0.00000E+00 0.00000   0.00000E+00  0.00000E+00 0.00000
           195   1.09000E+00   0.00000E+00  0.00000E+00 0.00000   0.00000E+00  0.00000E+00 0.00000
           196   1.08000E+00   0.00000E+00  0.00000E+00 0.00000   0.00000E+00  0.00000E+00 0.00000
           197   1.07000E+00   0.00000E+00  0.00000E+00 0.00000   0.00000E+00  0.00000E+00 0.00000
           198   1.06000E+00   0.00000E+00  0.00000E+00 0.00000   0.00000E+00  0.00000E+00 0.00000
           199   1.05000E+00   0.00000E+00  0.00000E+00 0.00000   0.00000E+00  0.00000E+00 0.00000
           200   1.04000E+00   0.00000E+00  0.00000E+00 0.00000   0.00000E+00  0.00000E+00 0.00000
           201   1.03000E+00   0.00000E+00  0.00000E+00 0.00000   0.00000E+00  0.00000E+00 0.00000
           202   1.02000E+00   0.00000E+00  0.00000E+00 0.00000   0.00000E+00  0.00000E+00 0.00000
           203   1.01000E+00   0.00000E+00  0.00000E+00 0.00000   0.00000E+00  0.00000E+00 0.00000
           204   1.00000E+00   0.00000E+00  0.00000E+00 0.00000   0.00000E+00  0.00000E+00 0.00000
           205   9.75000E-01   0.00000E+00  0.00000E+00 0.00000   0.00000E+00  0.00000E+00 0.00000
           206   9.50000E-01   0.00000E+00  0.00000E+00 0.00000   0.00000E+00  0.00000E+00 0.00000
           207   9.25000E-01   0.00000E+00  0.00000E+00 0.00000   0.00000E+00  0.00000E+00 0.00000
           208   9.00000E-01   0.00000E+00  0.00000E+00 0.00000   0.00000E+00  0.00000E+00 0.00000
           209   8.50000E-01   0.00000E+00  0.00000E+00 0.00000   0.00000E+00  0.00000E+00 0.00000
           210   8.00000E-01   8.86775E-11  8.86775E-11 1.00000   0.00000E+00  0.00000E+00 0.00000
           211   7.50000E-01   7.09646E-11  7.09646E-11 1.00000   6.35648E-11  6.35648E-11 1.00000
           212   7.00000E-01   6.44351E-11  5.04076E-11 0.78230   0.00000E+00  0.00000E+00 0.00000
           213   6.50000E-01   0.00000E+00  0.00000E+00 0.00000   0.00000E+00  0.00000E+00 0.00000
           214   6.25000E-01   0.00000E+00  0.00000E+00 0.00000   0.00000E+00  0.00000E+00 0.00000
           215   6.00000E-01   0.00000E+00  0.00000E+00 0.00000   0.00000E+00  0.00000E+00 0.00000
           216   5.50000E-01   0.00000E+00  0.00000E+00 0.00000   0.00000E+00  0.00000E+00 0.00000
           217   5.00000E-01   0.00000E+00  0.00000E+00 0.00000   0.00000E+00  0.00000E+00 0.00000
           218   4.50000E-01   0.00000E+00  0.00000E+00 0.00000   0.00000E+00  0.00000E+00 0.00000
           219   4.00000E-01   0.00000E+00  0.00000E+00 0.00000   0.00000E+00  0.00000E+00 0.00000
           220   3.75000E-01   0.00000E+00  0.00000E+00 0.00000   0.00000E+00  0.00000E+00 0.00000
           221   3.50000E-01   6.10487E-11  6.10487E-11 1.00000   0.00000E+00  0.00000E+00 0.00000
           222   3.25000E-01   0.00000E+00  0.00000E+00 0.00000   0.00000E+00  0.00000E+00 0.00000
           223   3.00000E-01   0.00000E+00  0.00000E+00 0.00000   0.00000E+00  0.00000E+00 0.00000
           224   2.75000E-01   0.00000E+00  0.00000E+00 0.00000   0.00000E+00  0.00000E+00 0.00000
           225   2.50000E-01   0.00000E+00  0.00000E+00 0.00000   0.00000E+00  0.00000E+00 0.00000
           226   2.25000E-01   0.00000E+00  0.00000E+00 0.00000   0.00000E+00  0.00000E+00 0.00000
           227   2.00000E-01   0.00000E+00  0.00000E+00 0.00000   0.00000E+00  0.00000E+00 0.00000
           228   1.75000E-01   0.00000E+00  0.00000E+00 0.00000   0.00000E+00  0.00000E+00 0.00000
           229   1.50000E-01   0.00000E+00  0.00000E+00 0.00000   0.00000E+00  0.00000E+00 0.00000
           230   1.25000E-01   0.00000E+00  0.00000E+00 0.00000   0.00000E+00  0.00000E+00 0.00000
           231   1.00000E-01   0.00000E+00  0.00000E+00 0.00000   0.00000E+00  0.00000E+00 0.00000
           232   9.00000E-02   0.00000E+00  0.00000E+00 0.00000   0.00000E+00  0.00000E+00 0.00000
           233   8.00000E-02   0.00000E+00  0.00000E+00 0.00000   0.00000E+00  0.00000E+00 0.00000
           234   7.00000E-02   0.00000E+00  0.00000E+00 0.00000   0.00000E+00  0.00000E+00 0.00000
           235   6.00000E-02   0.00000E+00  0.00000E+00 0.00000   0.00000E+00  0.00000E+00 0.00000
           236   5.00000E-02   0.00000E+00  0.00000E+00 0.00000   0.00000E+00  0.00000E+00 0.00000
           237   4.00000E-02   0.00000E+00  0.00000E+00 0.00000   0.00000E+00  0.00000E+00 0.00000
           238   3.00000E-02   0.00000E+00  0.00000E+00 0.00000   0.00000E+00  0.00000E+00 0.00000
           239   2.53000E-02   0.00000E+00  0.00000E+00 0.00000   0.00000E+00  0.00000E+00 0.00000
           240   1.00000E-02   0.00000E+00  0.00000E+00 0.00000   0.00000E+00  0.00000E+00 0.00000
           241   7.50000E-03   0.00000E+00  0.00000E+00 0.00000   0.00000E+00  0.00000E+00 0.00000
           242   5.00000E-03   0.00000E+00  0.00000E+00 0.00000   0.00000E+00  0.00000E+00 0.00000
           243   4.00000E-03   0.00000E+00  0.00000E+00 0.00000   0.00000E+00  0.00000E+00 0.00000
           244   3.00000E-03   0.00000E+00  0.00000E+00 0.00000   0.00000E+00  0.00000E+00 0.00000
           245   2.50000E-03   0.00000E+00  0.00000E+00 0.00000   0.00000E+00  0.00000E+00 0.00000
           246   2.00000E-03   0.00000E+00  0.00000E+00 0.00000   0.00000E+00  0.00000E+00 0.00000
           247   1.50000E-03   0.00000E+00  0.00000E+00 0.00000   0.00000E+00  0.00000E+00 0.00000
           248   1.20000E-03   0.00000E+00  0.00000E+00 0.00000   0.00000E+00  0.00000E+00 0.00000
           249   1.00000E-03   0.00000E+00  0.00000E+00 0.00000   0.00000E+00  0.00000E+00 0.00000
           250   7.50000E-04   0.00000E+00  0.00000E+00 0.00000   0.00000E+00  0.00000E+00 0.00000
           251   5.00000E-04   0.00000E+00  0.00000E+00 0.00000   0.00000E+00  0.00000E+00 0.00000
           252   1.00000E-04   0.00000E+00  0.00000E+00 0.00000   0.00000E+00  0.00000E+00 0.00000
         -----  ------------  ------------ ------------ -------  ------------ ------------ -------

         Total Neutron Fluxes - over all energy groups and time bins

                upper energy        track-length estimator          collision-density estimator   
         group      (eV)             value  uncertainty     rel         value  uncertainty     rel
         -----  ------------  ------------ ------------ -------  ------------ ------------ -------
                               1.34607E-04  2.13890E-07 0.00159   1.34588E-04  2.85163E-07 0.00212
         -----  ------------  ------------ ------------ -------  ------------ ------------ -------

         Response: 110 (using track-length fluxes)
              Ni-58(n,2n)57-Ni Foil Macro

             for time bin 1 ( 0.0000000E+00 to  1.0000000E+06 sec)

                upper energy
         group      (eV)             value  uncertainty     rel
         -----  ------------  ------------ ------------ -------
             1   2.00000E+07   0.00000E+00  0.00000E+00 0.00000
             2   1.73300E+07   0.00000E+00  0.00000E+00 0.00000
             3   1.56800E+07   0.00000E+00  0.00000E+00 0.00000
             4   1.45500E+07   3.09858E-08  1.08536E-10 0.00350
             5   1.38400E+07   8.05050E-10  9.46240E-12 0.01175
             6   1.28400E+07   1.20244E-11  1.39287E-13 0.01158
             7   1.00000E+07   0.00000E+00  0.00000E+00 0.00000
             8   8.18700E+06   0.00000E+00  0.00000E+00 0.00000
             9   6.43400E+06   0.00000E+00  0.00000E+00 0.00000
            10   4.80000E+06   0.00000E+00  0.00000E+00 0.00000
            11   4.30400E+06   0.00000E+00  0.00000E+00 0.00000
            12   3.00000E+06   0.00000E+00  0.00000E+00 0.00000
            13   2.47900E+06   0.00000E+00  0.00000E+00 0.00000
            14   2.35400E+06   0.00000E+00  0.00000E+00 0.00000
            15   1.85000E+06   0.00000E+00  0.00000E+00 0.00000
            16   1.50000E+06   0.00000E+00  0.00000E+00 0.00000
            17   1.40000E+06   0.00000E+00  0.00000E+00 0.00000
            18   1.35600E+06   0.00000E+00  0.00000E+00 0.00000
            19   1.31700E+06   0.00000E+00  0.00000E+00 0.00000
            20   1.25000E+06   0.00000E+00  0.00000E+00 0.00000
            21   1.20000E+06   0.00000E+00  0.00000E+00 0.00000
            22   1.10000E+06   0.00000E+00  0.00000E+00 0.00000
            23   1.01000E+06   0.00000E+00  0.00000E+00 0.00000
            24   9.20000E+05   0.00000E+00  0.00000E+00 0.00000
            25   9.00000E+05   0.00000E+00  0.00000E+00 0.00000
            26   8.75000E+05   0.00000E+00  0.00000E+00 0.00000
            27   8.61100E+05   0.00000E+00  0.00000E+00 0.00000
            28   8.20000E+05   0.00000E+00  0.00000E+00 0.00000
            29   7.50000E+05   0.00000E+00  0.00000E+00 0.00000
            30   6.79000E+05   0.00000E+00  0.00000E+00 0.00000
            31   6.70000E+05   0.00000E+00  0.00000E+00 0.00000
            32   6.00000E+05   0.00000E+00  0.00000E+00 0.00000
            33   5.73000E+05   0.00000E+00  0.00000E+00 0.00000
            34   5.50000E+05   0.00000E+00  0.00000E+00 0.00000
            35   4.92000E+05   0.00000E+00  0.00000E+00 0.00000
            36   4.70000E+05   0.00000E+00  0.00000E+00 0.00000
            37   4.40000E+05   0.00000E+00  0.00000E+00 0.00000
            38   4.20000E+05   0.00000E+00  0.00000E+00 0.00000
            39   4.00000E+05   0.00000E+00  0.00000E+00 0.00000
            40   3.30000E+05   0.00000E+00  0.00000E+00 0.00000
            41   2.70000E+05   0.00000E+00  0.00000E+00 0.00000
            42   2.00000E+05   0.00000E+00  0.00000E+00 0.00000
            43   1.49000E+05   0.00000E+00  0.00000E+00 0.00000
            44   1.28300E+05   0.00000E+00  0.00000E+00 0.00000
            45   1.00000E+05   0.00000E+00  0.00000E+00 0.00000
            46   8.50000E+04   0.00000E+00  0.00000E+00 0.00000
            47   8.20000E+04   0.00000E+00  0.00000E+00 0.00000
            48   7.50000E+04   0.00000E+00  0.00000E+00 0.00000
            49   7.30000E+04   0.00000E+00  0.00000E+00 0.00000
            50   6.00000E+04   0.00000E+00  0.00000E+00 0.00000
            51   5.20000E+04   0.00000E+00  0.00000E+00 0.00000
            52   5.00000E+04   0.00000E+00  0.00000E+00 0.00000
            53   4.50000E+04   0.00000E+00  0.00000E+00 0.00000
            54   3.00000E+04   0.00000E+00  0.00000E+00 0.00000
            55   2.00000E+04   0.00000E+00  0.00000E+00 0.00000
            56   1.70000E+04   0.00000E+00  0.00000E+00 0.00000
            57   1.30000E+04   0.00000E+00  0.00000E+00 0.00000
            58   9.50000E+03   0.00000E+00  0.00000E+00 0.00000
            59   8.03000E+03   0.00000E+00  0.00000E+00 0.00000
            60   5.70000E+03   0.00000E+00  0.00000E+00 0.00000
            61   3.90000E+03   0.00000E+00  0.00000E+00 0.00000
            62   3.74000E+03   0.00000E+00  0.00000E+00 0.00000
            63   3.00000E+03   0.00000E+00  0.00000E+00 0.00000
            64   2.50000E+03   0.00000E+00  0.00000E+00 0.00000
            65   2.25000E+03   0.00000E+00  0.00000E+00 0.00000
            66   2.20000E+03   0.00000E+00  0.00000E+00 0.00000
            67   1.80000E+03   0.00000E+00  0.00000E+00 0.00000
            68   1.55000E+03   0.00000E+00  0.00000E+00 0.00000
            69   1.50000E+03   0.00000E+00  0.00000E+00 0.00000
            70   1.15000E+03   0.00000E+00  0.00000E+00 0.00000
            71   9.50000E+02   0.00000E+00  0.00000E+00 0.00000
            72   6.83000E+02   0.00000E+00  0.00000E+00 0.00000
            73   6.70000E+02   0.00000E+00  0.00000E+00 0.00000
            74   5.50000E+02   0.00000E+00  0.00000E+00 0.00000
            75   3.05000E+02   0.00000E+00  0.00000E+00 0.00000
            76   2.85000E+02   0.00000E+00  0.00000E+00 0.00000
            77   2.40000E+02   0.00000E+00  0.00000E+00 0.00000
            78   2.20000E+02   0.00000E+00  0.00000E+00 0.00000
            79   2.09500E+02   0.00000E+00  0.00000E+00 0.00000
            80   2.07400E+02   0.00000E+00  0.00000E+00 0.00000
            81   2.02000E+02   0.00000E+00  0.00000E+00 0.00000
            82   1.93000E+02   0.00000E+00  0.00000E+00 0.00000
            83   1.91500E+02   0.00000E+00  0.00000E+00 0.00000
            84   1.88500E+02   0.00000E+00  0.00000E+00 0.00000
            85   1.87700E+02   0.00000E+00  0.00000E+00 0.00000
            86   1.80000E+02   0.00000E+00  0.00000E+00 0.00000
            87   1.70000E+02   0.00000E+00  0.00000E+00 0.00000
            88   1.43000E+02   0.00000E+00  0.00000E+00 0.00000
            89   1.22000E+02   0.00000E+00  0.00000E+00 0.00000
            90   1.19000E+02   0.00000E+00  0.00000E+00 0.00000
            91   1.17500E+02   0.00000E+00  0.00000E+00 0.00000
            92   1.16000E+02   0.00000E+00  0.00000E+00 0.00000
            93   1.13000E+02   0.00000E+00  0.00000E+00 0.00000
            94   1.08000E+02   0.00000E+00  0.00000E+00 0.00000
            95   1.05000E+02   0.00000E+00  0.00000E+00 0.00000
            96   1.01200E+02   0.00000E+00  0.00000E+00 0.00000
            97   9.70000E+01   0.00000E+00  0.00000E+00 0.00000
            98   9.00000E+01   0.00000E+00  0.00000E+00 0.00000
            99   8.17000E+01   0.00000E+00  0.00000E+00 0.00000
           100   8.00000E+01   0.00000E+00  0.00000E+00 0.00000
           101   7.60000E+01   0.00000E+00  0.00000E+00 0.00000
           102   7.20000E+01   0.00000E+00  0.00000E+00 0.00000
           103   6.75000E+01   0.00000E+00  0.00000E+00 0.00000
           104   6.50000E+01   0.00000E+00  0.00000E+00 0.00000
           105   6.30000E+01   0.00000E+00  0.00000E+00 0.00000
           106   6.10000E+01   0.00000E+00  0.00000E+00 0.00000
           107   5.80000E+01   0.00000E+00  0.00000E+00 0.00000
           108   5.34000E+01   0.00000E+00  0.00000E+00 0.00000
           109   5.06000E+01   0.00000E+00  0.00000E+00 0.00000
           110   4.83000E+01   0.00000E+00  0.00000E+00 0.00000
           111   4.52000E+01   0.00000E+00  0.00000E+00 0.00000
           112   4.40000E+01   0.00000E+00  0.00000E+00 0.00000
           113   4.24000E+01   0.00000E+00  0.00000E+00 0.00000
           114   4.10000E+01   0.00000E+00  0.00000E+00 0.00000
           115   3.96000E+01   0.00000E+00  0.00000E+00 0.00000
           116   3.91000E+01   0.00000E+00  0.00000E+00 0.00000
           117   3.80000E+01   0.00000E+00  0.00000E+00 0.00000
           118   3.76300E+01   0.00000E+00  0.00000E+00 0.00000
           119   3.72700E+01   0.00000E+00  0.00000E+00 0.00000
           120   3.71300E+01   0.00000E+00  0.00000E+00 0.00000
           121   3.70000E+01   0.00000E+00  0.00000E+00 0.00000
           122   3.60000E+01   0.00000E+00  0.00000E+00 0.00000
           123   3.55000E+01   0.00000E+00  0.00000E+00 0.00000
           124   3.50000E+01   0.00000E+00  0.00000E+00 0.00000
           125   3.37500E+01   0.00000E+00  0.00000E+00 0.00000
           126   3.32500E+01   0.00000E+00  0.00000E+00 0.00000
           127   3.17500E+01   0.00000E+00  0.00000E+00 0.00000
           128   3.12500E+01   0.00000E+00  0.00000E+00 0.00000
           129   3.00000E+01   0.00000E+00  0.00000E+00 0.00000
           130   2.75000E+01   0.00000E+00  0.00000E+00 0.00000
           131   2.50000E+01   0.00000E+00  0.00000E+00 0.00000
           132   2.25000E+01   0.00000E+00  0.00000E+00 0.00000
           133   2.17500E+01   0.00000E+00  0.00000E+00 0.00000
           134   2.12000E+01   0.00000E+00  0.00000E+00 0.00000
           135   2.05000E+01   0.00000E+00  0.00000E+00 0.00000
           136   2.00000E+01   0.00000E+00  0.00000E+00 0.00000
           137   1.94000E+01   0.00000E+00  0.00000E+00 0.00000
           138   1.85000E+01   0.00000E+00  0.00000E+00 0.00000
           139   1.70000E+01   0.00000E+00  0.00000E+00 0.00000
           140   1.60000E+01   0.00000E+00  0.00000E+00 0.00000
           141   1.44000E+01   0.00000E+00  0.00000E+00 0.00000
           142   1.29000E+01   0.00000E+00  0.00000E+00 0.00000
           143   1.19000E+01   0.00000E+00  0.00000E+00 0.00000
           144   1.15000E+01   0.00000E+00  0.00000E+00 0.00000
           145   1.00000E+01   0.00000E+00  0.00000E+00 0.00000
           146   9.10000E+00   0.00000E+00  0.00000E+00 0.00000
           147   8.10000E+00   0.00000E+00  0.00000E+00 0.00000
           148   7.15000E+00   0.00000E+00  0.00000E+00 0.00000
           149   7.00000E+00   0.00000E+00  0.00000E+00 0.00000
           150   6.87500E+00   0.00000E+00  0.00000E+00 0.00000
           151   6.75000E+00   0.00000E+00  0.00000E+00 0.00000
           152   6.50000E+00   0.00000E+00  0.00000E+00 0.00000
           153   6.25000E+00   0.00000E+00  0.00000E+00 0.00000
           154   6.00000E+00   0.00000E+00  0.00000E+00 0.00000
           155   5.40000E+00   0.00000E+00  0.00000E+00 0.00000
           156   5.00000E+00   0.00000E+00  0.00000E+00 0.00000
           157   4.70000E+00   0.00000E+00  0.00000E+00 0.00000
           158   4.10000E+00   0.00000E+00  0.00000E+00 0.00000
           159   3.73000E+00   0.00000E+00  0.00000E+00 0.00000
           160   3.50000E+00   0.00000E+00  0.00000E+00 0.00000
           161   3.20000E+00   0.00000E+00  0.00000E+00 0.00000
           162   3.10000E+00   0.00000E+00  0.00000E+00 0.00000
           163   3.00000E+00   0.00000E+00  0.00000E+00 0.00000
           164   2.97000E+00   0.00000E+00  0.00000E+00 0.00000
           165   2.87000E+00   0.00000E+00  0.00000E+00 0.00000
           166   2.77000E+00   0.00000E+00  0.00000E+00 0.00000
           167   2.67000E+00   0.00000E+00  0.00000E+00 0.00000
           168   2.57000E+00   0.00000E+00  0.00000E+00 0.00000
           169   2.47000E+00   0.00000E+00  0.00000E+00 0.00000
           170   2.38000E+00   0.00000E+00  0.00000E+00 0.00000
           171   2.30000E+00   0.00000E+00  0.00000E+00 0.00000
           172   2.21000E+00   0.00000E+00  0.00000E+00 0.00000
           173   2.12000E+00   0.00000E+00  0.00000E+00 0.00000
           174   2.00000E+00   0.00000E+00  0.00000E+00 0.00000
           175   1.94000E+00   0.00000E+00  0.00000E+00 0.00000
           176   1.86000E+00   0.00000E+00  0.00000E+00 0.00000
           177   1.77000E+00   0.00000E+00  0.00000E+00 0.00000
           178   1.68000E+00   0.00000E+00  0.00000E+00 0.00000
           179   1.59000E+00   0.00000E+00  0.00000E+00 0.00000
           180   1.50000E+00   0.00000E+00  0.00000E+00 0.00000
           181   1.45000E+00   0.00000E+00  0.00000E+00 0.00000
           182   1.40000E+00   0.00000E+00  0.00000E+00 0.00000
           183   1.35000E+00   0.00000E+00  0.00000E+00 0.00000
           184   1.30000E+00   0.00000E+00  0.00000E+00 0.00000
           185   1.25000E+00   0.00000E+00  0.00000E+00 0.00000
           186   1.22500E+00   0.00000E+00  0.00000E+00 0.00000
           187   1.20000E+00   0.00000E+00  0.00000E+00 0.00000
           188   1.17500E+00   0.00000E+00  0.00000E+00 0.00000
           189   1.15000E+00   0.00000E+00  0.00000E+00 0.00000
           190   1.14000E+00   0.00000E+00  0.00000E+00 0.00000
           191   1.13000E+00   0.00000E+00  0.00000E+00 0.00000
           192   1.12000E+00   0.00000E+00  0.00000E+00 0.00000
           193   1.11000E+00   0.00000E+00  0.00000E+00 0.00000
           194   1.10000E+00   0.00000E+00  0.00000E+00 0.00000
           195   1.09000E+00   0.00000E+00  0.00000E+00 0.00000
           196   1.08000E+00   0.00000E+00  0.00000E+00 0.00000
           197   1.07000E+00   0.00000E+00  0.00000E+00 0.00000
           198   1.06000E+00   0.00000E+00  0.00000E+00 0.00000
           199   1.05000E+00   0.00000E+00  0.00000E+00 0.00000
           200   1.04000E+00   0.00000E+00  0.00000E+00 0.00000
           201   1.03000E+00   0.00000E+00  0.00000E+00 0.00000
           202   1.02000E+00   0.00000E+00  0.00000E+00 0.00000
           203   1.01000E+00   0.00000E+00  0.00000E+00 0.00000
           204   1.00000E+00   0.00000E+00  0.00000E+00 0.00000
           205   9.75000E-01   0.00000E+00  0.00000E+00 0.00000
           206   9.50000E-01   0.00000E+00  0.00000E+00 0.00000
           207   9.25000E-01   0.00000E+00  0.00000E+00 0.00000
           208   9.00000E-01   0.00000E+00  0.00000E+00 0.00000
           209   8.50000E-01   0.00000E+00  0.00000E+00 0.00000
           210   8.00000E-01   0.00000E+00  0.00000E+00 0.00000
           211   7.50000E-01   0.00000E+00  0.00000E+00 0.00000
           212   7.00000E-01   0.00000E+00  0.00000E+00 0.00000
           213   6.50000E-01   0.00000E+00  0.00000E+00 0.00000
           214   6.25000E-01   0.00000E+00  0.00000E+00 0.00000
           215   6.00000E-01   0.00000E+00  0.00000E+00 0.00000
           216   5.50000E-01   0.00000E+00  0.00000E+00 0.00000
           217   5.00000E-01   0.00000E+00  0.00000E+00 0.00000
           218   4.50000E-01   0.00000E+00  0.00000E+00 0.00000
           219   4.00000E-01   0.00000E+00  0.00000E+00 0.00000
           220   3.75000E-01   0.00000E+00  0.00000E+00 0.00000
           221   3.50000E-01   0.00000E+00  0.00000E+00 0.00000
           222   3.25000E-01   0.00000E+00  0.00000E+00 0.00000
           223   3.00000E-01   0.00000E+00  0.00000E+00 0.00000
           224   2.75000E-01   0.00000E+00  0.00000E+00 0.00000
           225   2.50000E-01   0.00000E+00  0.00000E+00 0.00000
           226   2.25000E-01   0.00000E+00  0.00000E+00 0.00000
           227   2.00000E-01   0.00000E+00  0.00000E+00 0.00000
           228   1.75000E-01   0.00000E+00  0.00000E+00 0.00000
           229   1.50000E-01   0.00000E+00  0.00000E+00 0.00000
           230   1.25000E-01   0.00000E+00  0.00000E+00 0.00000
           231   1.00000E-01   0.00000E+00  0.00000E+00 0.00000
           232   9.00000E-02   0.00000E+00  0.00000E+00 0.00000
           233   8.00000E-02   0.00000E+00  0.00000E+00 0.00000
           234   7.00000E-02   0.00000E+00  0.00000E+00 0.00000
           235   6.00000E-02   0.00000E+00  0.00000E+00 0.00000
           236   5.00000E-02   0.00000E+00  0.00000E+00 0.00000
           237   4.00000E-02   0.00000E+00  0.00000E+00 0.00000
           238   3.00000E-02   0.00000E+00  0.00000E+00 0.00000
           239   2.53000E-02   0.00000E+00  0.00000E+00 0.00000
           240   1.00000E-02   0.00000E+00  0.00000E+00 0.00000
           241   7.50000E-03   0.00000E+00  0.00000E+00 0.00000
           242   5.00000E-03   0.00000E+00  0.00000E+00 0.00000
           243   4.00000E-03   0.00000E+00  0.00000E+00 0.00000
           244   3.00000E-03   0.00000E+00  0.00000E+00 0.00000
           245   2.50000E-03   0.00000E+00  0.00000E+00 0.00000
           246   2.00000E-03   0.00000E+00  0.00000E+00 0.00000
           247   1.50000E-03   0.00000E+00  0.00000E+00 0.00000
           248   1.20000E-03   0.00000E+00  0.00000E+00 0.00000
           249   1.00000E-03   0.00000E+00  0.00000E+00 0.00000
           250   7.50000E-04   0.00000E+00  0.00000E+00 0.00000
           251   5.00000E-04   0.00000E+00  0.00000E+00 0.00000
           252   1.00000E-04   0.00000E+00  0.00000E+00 0.00000
         -----  ------------  ------------ ------------ -------

         Total Response - over all energy groups and time bins

                upper energy
         group      (eV)             value  uncertainty     rel
         -----  ------------  ------------ ------------ -------
         total                 3.18029E-08  1.09825E-10 0.00345
         -----  ------------  ------------ ------------ -------

         Response: 112 (using track-length fluxes)
              Ni-58(n,p)58-Co Foil Macro

             for time bin 1 ( 0.0000000E+00 to  1.0000000E+06 sec)

                upper energy
         group      (eV)             value  uncertainty     rel
         -----  ------------  ------------ ------------ -------
             1   2.00000E+07   0.00000E+00  0.00000E+00 0.00000
             2   1.73300E+07   0.00000E+00  0.00000E+00 0.00000
             3   1.56800E+07   0.00000E+00  0.00000E+00 0.00000
             4   1.45500E+07   4.16589E-07  1.45922E-09 0.00350
             5   1.38400E+07   3.69388E-08  4.34172E-10 0.01175
             6   1.28400E+07   4.41790E-08  5.11753E-10 0.01158
             7   1.00000E+07   4.26011E-08  5.72113E-10 0.01343
             8   8.18700E+06   6.54759E-08  6.43299E-10 0.00982
             9   6.43400E+06   8.31888E-08  6.61293E-10 0.00795
            10   4.80000E+06   3.30912E-08  3.46382E-10 0.01047
            11   4.30400E+06   1.10140E-07  5.62109E-10 0.00510
            12   3.00000E+06   4.43754E-08  2.32495E-10 0.00524
            13   2.47900E+06   9.09652E-09  8.11744E-11 0.00892
            14   2.35400E+06   2.79687E-08  1.18926E-10 0.00425
            15   1.85000E+06   1.01828E-08  4.36660E-11 0.00429
            16   1.50000E+06   1.74912E-09  1.20420E-11 0.00688
            17   1.40000E+06   6.55658E-10  6.11382E-12 0.00932
            18   1.35600E+06   5.11491E-10  4.95169E-12 0.00968
            19   1.31700E+06   7.61757E-10  5.88348E-12 0.00772
            20   1.25000E+06   5.11833E-10  4.27868E-12 0.00836
            21   1.20000E+06   7.89307E-10  4.73474E-12 0.00600
            22   1.10000E+06   3.97092E-10  2.31507E-12 0.00583
            23   1.01000E+06   1.79260E-10  9.72640E-13 0.00543
            24   9.20000E+05   2.86312E-11  2.83355E-13 0.00990
            25   9.00000E+05   3.12284E-11  2.78260E-13 0.00891
            26   8.75000E+05   1.55566E-11  1.82009E-13 0.01170
            27   8.61100E+05   3.75061E-11  2.74830E-13 0.00733
            28   8.20000E+05   3.84419E-11  2.12120E-13 0.00552
            29   7.50000E+05   1.76362E-11  9.39826E-14 0.00533
            30   6.79000E+05   1.17501E-12  1.44978E-14 0.01234
            31   6.70000E+05   5.46615E-12  2.88875E-14 0.00528
            32   6.00000E+05   6.65917E-13  5.07668E-15 0.00762
            33   5.73000E+05   2.53486E-13  2.08089E-15 0.00821
            34   5.50000E+05   2.23112E-13  1.22448E-15 0.00549
            35   4.92000E+05   5.75112E-14  4.43075E-16 0.00770
            36   4.70000E+05   5.18613E-14  3.69916E-16 0.00713
            37   4.40000E+05   1.78482E-14  1.48094E-16 0.00830
            38   4.20000E+05   6.56414E-15  5.39803E-17 0.00822
            39   4.00000E+05   0.00000E+00  0.00000E+00 0.00000
            40   3.30000E+05   0.00000E+00  0.00000E+00 0.00000
            41   2.70000E+05   0.00000E+00  0.00000E+00 0.00000
            42   2.00000E+05   0.00000E+00  0.00000E+00 0.00000
            43   1.49000E+05   0.00000E+00  0.00000E+00 0.00000
            44   1.28300E+05   0.00000E+00  0.00000E+00 0.00000
            45   1.00000E+05   0.00000E+00  0.00000E+00 0.00000
            46   8.50000E+04   0.00000E+00  0.00000E+00 0.00000
            47   8.20000E+04   0.00000E+00  0.00000E+00 0.00000
            48   7.50000E+04   0.00000E+00  0.00000E+00 0.00000
            49   7.30000E+04   0.00000E+00  0.00000E+00 0.00000
            50   6.00000E+04   0.00000E+00  0.00000E+00 0.00000
            51   5.20000E+04   0.00000E+00  0.00000E+00 0.00000
            52   5.00000E+04   0.00000E+00  0.00000E+00 0.00000
            53   4.50000E+04   0.00000E+00  0.00000E+00 0.00000
            54   3.00000E+04   0.00000E+00  0.00000E+00 0.00000
            55   2.00000E+04   0.00000E+00  0.00000E+00 0.00000
            56   1.70000E+04   0.00000E+00  0.00000E+00 0.00000
            57   1.30000E+04   0.00000E+00  0.00000E+00 0.00000
            58   9.50000E+03   0.00000E+00  0.00000E+00 0.00000
            59   8.03000E+03   0.00000E+00  0.00000E+00 0.00000
            60   5.70000E+03   0.00000E+00  0.00000E+00 0.00000
            61   3.90000E+03   0.00000E+00  0.00000E+00 0.00000
            62   3.74000E+03   0.00000E+00  0.00000E+00 0.00000
            63   3.00000E+03   0.00000E+00  0.00000E+00 0.00000
            64   2.50000E+03   0.00000E+00  0.00000E+00 0.00000
            65   2.25000E+03   0.00000E+00  0.00000E+00 0.00000
            66   2.20000E+03   0.00000E+00  0.00000E+00 0.00000
            67   1.80000E+03   0.00000E+00  0.00000E+00 0.00000
            68   1.55000E+03   0.00000E+00  0.00000E+00 0.00000
            69   1.50000E+03   0.00000E+00  0.00000E+00 0.00000
            70   1.15000E+03   0.00000E+00  0.00000E+00 0.00000
            71   9.50000E+02   0.00000E+00  0.00000E+00 0.00000
            72   6.83000E+02   0.00000E+00  0.00000E+00 0.00000
            73   6.70000E+02   0.00000E+00  0.00000E+00 0.00000
            74   5.50000E+02   0.00000E+00  0.00000E+00 0.00000
            75   3.05000E+02   0.00000E+00  0.00000E+00 0.00000
            76   2.85000E+02   0.00000E+00  0.00000E+00 0.00000
            77   2.40000E+02   0.00000E+00  0.00000E+00 0.00000
            78   2.20000E+02   0.00000E+00  0.00000E+00 0.00000
            79   2.09500E+02   0.00000E+00  0.00000E+00 0.00000
            80   2.07400E+02   0.00000E+00  0.00000E+00 0.00000
            81   2.02000E+02   0.00000E+00  0.00000E+00 0.00000
            82   1.93000E+02   0.00000E+00  0.00000E+00 0.00000
            83   1.91500E+02   0.00000E+00  0.00000E+00 0.00000
            84   1.88500E+02   0.00000E+00  0.00000E+00 0.00000
            85   1.87700E+02   0.00000E+00  0.00000E+00 0.00000
            86   1.80000E+02   0.00000E+00  0.00000E+00 0.00000
            87   1.70000E+02   0.00000E+00  0.00000E+00 0.00000
            88   1.43000E+02   0.00000E+00  0.00000E+00 0.00000
            89   1.22000E+02   0.00000E+00  0.00000E+00 0.00000
            90   1.19000E+02   0.00000E+00  0.00000E+00 0.00000
            91   1.17500E+02   0.00000E+00  0.00000E+00 0.00000
            92   1.16000E+02   0.00000E+00  0.00000E+00 0.00000
            93   1.13000E+02   0.00000E+00  0.00000E+00 0.00000
            94   1.08000E+02   0.00000E+00  0.00000E+00 0.00000
            95   1.05000E+02   0.00000E+00  0.00000E+00 0.00000
            96   1.01200E+02   0.00000E+00  0.00000E+00 0.00000
            97   9.70000E+01   0.00000E+00  0.00000E+00 0.00000
            98   9.00000E+01   0.00000E+00  0.00000E+00 0.00000
            99   8.17000E+01   0.00000E+00  0.00000E+00 0.00000
           100   8.00000E+01   0.00000E+00  0.00000E+00 0.00000
           101   7.60000E+01   0.00000E+00  0.00000E+00 0.00000
           102   7.20000E+01   0.00000E+00  0.00000E+00 0.00000
           103   6.75000E+01   0.00000E+00  0.00000E+00 0.00000
           104   6.50000E+01   0.00000E+00  0.00000E+00 0.00000
           105   6.30000E+01   0.00000E+00  0.00000E+00 0.00000
           106   6.10000E+01   0.00000E+00  0.00000E+00 0.00000
           107   5.80000E+01   0.00000E+00  0.00000E+00 0.00000
           108   5.34000E+01   0.00000E+00  0.00000E+00 0.00000
           109   5.06000E+01   0.00000E+00  0.00000E+00 0.00000
           110   4.83000E+01   0.00000E+00  0.00000E+00 0.00000
           111   4.52000E+01   0.00000E+00  0.00000E+00 0.00000
           112   4.40000E+01   0.00000E+00  0.00000E+00 0.00000
           113   4.24000E+01   0.00000E+00  0.00000E+00 0.00000
           114   4.10000E+01   0.00000E+00  0.00000E+00 0.00000
           115   3.96000E+01   0.00000E+00  0.00000E+00 0.00000
           116   3.91000E+01   0.00000E+00  0.00000E+00 0.00000
           117   3.80000E+01   0.00000E+00  0.00000E+00 0.00000
           118   3.76300E+01   0.00000E+00  0.00000E+00 0.00000
           119   3.72700E+01   0.00000E+00  0.00000E+00 0.00000
           120   3.71300E+01   0.00000E+00  0.00000E+00 0.00000
           121   3.70000E+01   0.00000E+00  0.00000E+00 0.00000
           122   3.60000E+01   0.00000E+00  0.00000E+00 0.00000
           123   3.55000E+01   0.00000E+00  0.00000E+00 0.00000
           124   3.50000E+01   0.00000E+00  0.00000E+00 0.00000
           125   3.37500E+01   0.00000E+00  0.00000E+00 0.00000
           126   3.32500E+01   0.00000E+00  0.00000E+00 0.00000
           127   3.17500E+01   0.00000E+00  0.00000E+00 0.00000
           128   3.12500E+01   0.00000E+00  0.00000E+00 0.00000
           129   3.00000E+01   0.00000E+00  0.00000E+00 0.00000
           130   2.75000E+01   0.00000E+00  0.00000E+00 0.00000
           131   2.50000E+01   0.00000E+00  0.00000E+00 0.00000
           132   2.25000E+01   0.00000E+00  0.00000E+00 0.00000
           133   2.17500E+01   0.00000E+00  0.00000E+00 0.00000
           134   2.12000E+01   0.00000E+00  0.00000E+00 0.00000
           135   2.05000E+01   0.00000E+00  0.00000E+00 0.00000
           136   2.00000E+01   0.00000E+00  0.00000E+00 0.00000
           137   1.94000E+01   0.00000E+00  0.00000E+00 0.00000
           138   1.85000E+01   0.00000E+00  0.00000E+00 0.00000
           139   1.70000E+01   0.00000E+00  0.00000E+00 0.00000
           140   1.60000E+01   0.00000E+00  0.00000E+00 0.00000
           141   1.44000E+01   0.00000E+00  0.00000E+00 0.00000
           142   1.29000E+01   0.00000E+00  0.00000E+00 0.00000
           143   1.19000E+01   0.00000E+00  0.00000E+00 0.00000
           144   1.15000E+01   0.00000E+00  0.00000E+00 0.00000
           145   1.00000E+01   0.00000E+00  0.00000E+00 0.00000
           146   9.10000E+00   0.00000E+00  0.00000E+00 0.00000
           147   8.10000E+00   0.00000E+00  0.00000E+00 0.00000
           148   7.15000E+00   0.00000E+00  0.00000E+00 0.00000
           149   7.00000E+00   0.00000E+00  0.00000E+00 0.00000
           150   6.87500E+00   0.00000E+00  0.00000E+00 0.00000
           151   6.75000E+00   0.00000E+00  0.00000E+00 0.00000
           152   6.50000E+00   0.00000E+00  0.00000E+00 0.00000
           153   6.25000E+00   0.00000E+00  0.00000E+00 0.00000
           154   6.00000E+00   0.00000E+00  0.00000E+00 0.00000
           155   5.40000E+00   0.00000E+00  0.00000E+00 0.00000
           156   5.00000E+00   0.00000E+00  0.00000E+00 0.00000
           157   4.70000E+00   0.00000E+00  0.00000E+00 0.00000
           158   4.10000E+00   0.00000E+00  0.00000E+00 0.00000
           159   3.73000E+00   0.00000E+00  0.00000E+00 0.00000
           160   3.50000E+00   0.00000E+00  0.00000E+00 0.00000
           161   3.20000E+00   0.00000E+00  0.00000E+00 0.00000
           162   3.10000E+00   0.00000E+00  0.00000E+00 0.00000
           163   3.00000E+00   0.00000E+00  0.00000E+00 0.00000
           164   2.97000E+00   0.00000E+00  0.00000E+00 0.00000
           165   2.87000E+00   0.00000E+00  0.00000E+00 0.00000
           166   2.77000E+00   0.00000E+00  0.00000E+00 0.00000
           167   2.67000E+00   0.00000E+00  0.00000E+00 0.00000
           168   2.57000E+00   0.00000E+00  0.00000E+00 0.00000
           169   2.47000E+00   0.00000E+00  0.00000E+00 0.00000
           170   2.38000E+00   0.00000E+00  0.00000E+00 0.00000
           171   2.30000E+00   0.00000E+00  0.00000E+00 0.00000
           172   2.21000E+00   0.00000E+00  0.00000E+00 0.00000
           173   2.12000E+00   0.00000E+00  0.00000E+00 0.00000
           174   2.00000E+00   0.00000E+00  0.00000E+00 0.00000
           175   1.94000E+00   0.00000E+00  0.00000E+00 0.00000
           176   1.86000E+00   0.00000E+00  0.00000E+00 0.00000
           177   1.77000E+00   0.00000E+00  0.00000E+00 0.00000
           178   1.68000E+00   0.00000E+00  0.00000E+00 0.00000
           179   1.59000E+00   0.00000E+00  0.00000E+00 0.00000
           180   1.50000E+00   0.00000E+00  0.00000E+00 0.00000
           181   1.45000E+00   0.00000E+00  0.00000E+00 0.00000
           182   1.40000E+00   0.00000E+00  0.00000E+00 0.00000
           183   1.35000E+00   0.00000E+00  0.00000E+00 0.00000
           184   1.30000E+00   0.00000E+00  0.00000E+00 0.00000
           185   1.25000E+00   0.00000E+00  0.00000E+00 0.00000
           186   1.22500E+00   0.00000E+00  0.00000E+00 0.00000
           187   1.20000E+00   0.00000E+00  0.00000E+00 0.00000
           188   1.17500E+00   0.00000E+00  0.00000E+00 0.00000
           189   1.15000E+00   0.00000E+00  0.00000E+00 0.00000
           190   1.14000E+00   0.00000E+00  0.00000E+00 0.00000
           191   1.13000E+00   0.00000E+00  0.00000E+00 0.00000
           192   1.12000E+00   0.00000E+00  0.00000E+00 0.00000
           193   1.11000E+00   0.00000E+00  0.00000E+00 0.00000
           194   1.10000E+00   0.00000E+00  0.00000E+00 0.00000
           195   1.09000E+00   0.00000E+00  0.00000E+00 0.00000
           196   1.08000E+00   0.00000E+00  0.00000E+00 0.00000
           197   1.07000E+00   0.00000E+00  0.00000E+00 0.00000
           198   1.06000E+00   0.00000E+00  0.00000E+00 0.00000
           199   1.05000E+00   0.00000E+00  0.00000E+00 0.00000
           200   1.04000E+00   0.00000E+00  0.00000E+00 0.00000
           201   1.03000E+00   0.00000E+00  0.00000E+00 0.00000
           202   1.02000E+00   0.00000E+00  0.00000E+00 0.00000
           203   1.01000E+00   0.00000E+00  0.00000E+00 0.00000
           204   1.00000E+00   0.00000E+00  0.00000E+00 0.00000
           205   9.75000E-01   0.00000E+00  0.00000E+00 0.00000
           206   9.50000E-01   0.00000E+00  0.00000E+00 0.00000
           207   9.25000E-01   0.00000E+00  0.00000E+00 0.00000
           208   9.00000E-01   0.00000E+00  0.00000E+00 0.00000
           209   8.50000E-01   0.00000E+00  0.00000E+00 0.00000
           210   8.00000E-01   0.00000E+00  0.00000E+00 0.00000
           211   7.50000E-01   0.00000E+00  0.00000E+00 0.00000
           212   7.00000E-01   0.00000E+00  0.00000E+00 0.00000
           213   6.50000E-01   0.00000E+00  0.00000E+00 0.00000
           214   6.25000E-01   0.00000E+00  0.00000E+00 0.00000
           215   6.00000E-01   0.00000E+00  0.00000E+00 0.00000
           216   5.50000E-01   0.00000E+00  0.00000E+00 0.00000
           217   5.00000E-01   0.00000E+00  0.00000E+00 0.00000
           218   4.50000E-01   0.00000E+00  0.00000E+00 0.00000
           219   4.00000E-01   0.00000E+00  0.00000E+00 0.00000
           220   3.75000E-01   0.00000E+00  0.00000E+00 0.00000
           221   3.50000E-01   0.00000E+00  0.00000E+00 0.00000
           222   3.25000E-01   0.00000E+00  0.00000E+00 0.00000
           223   3.00000E-01   0.00000E+00  0.00000E+00 0.00000
           224   2.75000E-01   0.00000E+00  0.00000E+00 0.00000
           225   2.50000E-01   0.00000E+00  0.00000E+00 0.00000
           226   2.25000E-01   0.00000E+00  0.00000E+00 0.00000
           227   2.00000E-01   0.00000E+00  0.00000E+00 0.00000
           228   1.75000E-01   0.00000E+00  0.00000E+00 0.00000
           229   1.50000E-01   0.00000E+00  0.00000E+00 0.00000
           230   1.25000E-01   0.00000E+00  0.00000E+00 0.00000
           231   1.00000E-01   0.00000E+00  0.00000E+00 0.00000
           232   9.00000E-02   0.00000E+00  0.00000E+00 0.00000
           233   8.00000E-02   0.00000E+00  0.00000E+00 0.00000
           234   7.00000E-02   0.00000E+00  0.00000E+00 0.00000
           235   6.00000E-02   0.00000E+00  0.00000E+00 0.00000
           236   5.00000E-02   0.00000E+00  0.00000E+00 0.00000
           237   4.00000E-02   0.00000E+00  0.00000E+00 0.00000
           238   3.00000E-02   0.00000E+00  0.00000E+00 0.00000
           239   2.53000E-02   0.00000E+00  0.00000E+00 0.00000
           240   1.00000E-02   0.00000E+00  0.00000E+00 0.00000
           241   7.50000E-03   0.00000E+00  0.00000E+00 0.00000
           242   5.00000E-03   0.00000E+00  0.00000E+00 0.00000
           243   4.00000E-03   0.00000E+00  0.00000E+00 0.00000
           244   3.00000E-03   0.00000E+00  0.00000E+00 0.00000
           245   2.50000E-03   0.00000E+00  0.00000E+00 0.00000
           246   2.00000E-03   0.00000E+00  0.00000E+00 0.00000
           247   1.50000E-03   0.00000E+00  0.00000E+00 0.00000
           248   1.20000E-03   0.00000E+00  0.00000E+00 0.00000
           249   1.00000E-03   0.00000E+00  0.00000E+00 0.00000
           250   7.50000E-04   0.00000E+00  0.00000E+00 0.00000
           251   5.00000E-04   0.00000E+00  0.00000E+00 0.00000
           252   1.00000E-04   0.00000E+00  0.00000E+00 0.00000
         -----  ------------  ------------ ------------ -------

         Total Response - over all energy groups and time bins

                upper energy
         group      (eV)             value  uncertainty     rel
         -----  ------------  ------------ ------------ -------
         total                 9.29560E-07  2.44522E-09 0.00263
         -----  ------------  ------------ ------------ -------

         Response: 114 (using track-length fluxes)
              Ni-58(n,np)58-Co Foil Macro

             for time bin 1 ( 0.0000000E+00 to  1.0000000E+06 sec)

                upper energy
         group      (eV)             value  uncertainty     rel
         -----  ------------  ------------ ------------ -------
             1   2.00000E+07   0.00000E+00  0.00000E+00 0.00000
             2   1.73300E+07   0.00000E+00  0.00000E+00 0.00000
             3   1.56800E+07   0.00000E+00  0.00000E+00 0.00000
             4   1.45500E+07   7.29509E-07  2.55531E-09 0.00350
             5   1.38400E+07   4.06021E-08  4.77230E-10 0.01175
             6   1.28400E+07   1.22390E-08  1.41771E-10 0.01158
             7   1.00000E+07   3.21508E-11  4.31771E-13 0.01343
             8   8.18700E+06   0.00000E+00  0.00000E+00 0.00000
             9   6.43400E+06   0.00000E+00  0.00000E+00 0.00000
            10   4.80000E+06   0.00000E+00  0.00000E+00 0.00000
            11   4.30400E+06   0.00000E+00  0.00000E+00 0.00000
            12   3.00000E+06   0.00000E+00  0.00000E+00 0.00000
            13   2.47900E+06   0.00000E+00  0.00000E+00 0.00000
            14   2.35400E+06   0.00000E+00  0.00000E+00 0.00000
            15   1.85000E+06   0.00000E+00  0.00000E+00 0.00000
            16   1.50000E+06   0.00000E+00  0.00000E+00 0.00000
            17   1.40000E+06   0.00000E+00  0.00000E+00 0.00000
            18   1.35600E+06   0.00000E+00  0.00000E+00 0.00000
            19   1.31700E+06   0.00000E+00  0.00000E+00 0.00000
            20   1.25000E+06   0.00000E+00  0.00000E+00 0.00000
            21   1.20000E+06   0.00000E+00  0.00000E+00 0.00000
            22   1.10000E+06   0.00000E+00  0.00000E+00 0.00000
            23   1.01000E+06   0.00000E+00  0.00000E+00 0.00000
            24   9.20000E+05   0.00000E+00  0.00000E+00 0.00000
            25   9.00000E+05   0.00000E+00  0.00000E+00 0.00000
            26   8.75000E+05   0.00000E+00  0.00000E+00 0.00000
            27   8.61100E+05   0.00000E+00  0.00000E+00 0.00000
            28   8.20000E+05   0.00000E+00  0.00000E+00 0.00000
            29   7.50000E+05   0.00000E+00  0.00000E+00 0.00000
            30   6.79000E+05   0.00000E+00  0.00000E+00 0.00000
            31   6.70000E+05   0.00000E+00  0.00000E+00 0.00000
            32   6.00000E+05   0.00000E+00  0.00000E+00 0.00000
            33   5.73000E+05   0.00000E+00  0.00000E+00 0.00000
            34   5.50000E+05   0.00000E+00  0.00000E+00 0.00000
            35   4.92000E+05   0.00000E+00  0.00000E+00 0.00000
            36   4.70000E+05   0.00000E+00  0.00000E+00 0.00000
            37   4.40000E+05   0.00000E+00  0.00000E+00 0.00000
            38   4.20000E+05   0.00000E+00  0.00000E+00 0.00000
            39   4.00000E+05   0.00000E+00  0.00000E+00 0.00000
            40   3.30000E+05   0.00000E+00  0.00000E+00 0.00000
            41   2.70000E+05   0.00000E+00  0.00000E+00 0.00000
            42   2.00000E+05   0.00000E+00  0.00000E+00 0.00000
            43   1.49000E+05   0.00000E+00  0.00000E+00 0.00000
            44   1.28300E+05   0.00000E+00  0.00000E+00 0.00000
            45   1.00000E+05   0.00000E+00  0.00000E+00 0.00000
            46   8.50000E+04   0.00000E+00  0.00000E+00 0.00000
            47   8.20000E+04   0.00000E+00  0.00000E+00 0.00000
            48   7.50000E+04   0.00000E+00  0.00000E+00 0.00000
            49   7.30000E+04   0.00000E+00  0.00000E+00 0.00000
            50   6.00000E+04   0.00000E+00  0.00000E+00 0.00000
            51   5.20000E+04   0.00000E+00  0.00000E+00 0.00000
            52   5.00000E+04   0.00000E+00  0.00000E+00 0.00000
            53   4.50000E+04   0.00000E+00  0.00000E+00 0.00000
            54   3.00000E+04   0.00000E+00  0.00000E+00 0.00000
            55   2.00000E+04   0.00000E+00  0.00000E+00 0.00000
            56   1.70000E+04   0.00000E+00  0.00000E+00 0.00000
            57   1.30000E+04   0.00000E+00  0.00000E+00 0.00000
            58   9.50000E+03   0.00000E+00  0.00000E+00 0.00000
            59   8.03000E+03   0.00000E+00  0.00000E+00 0.00000
            60   5.70000E+03   0.00000E+00  0.00000E+00 0.00000
            61   3.90000E+03   0.00000E+00  0.00000E+00 0.00000
            62   3.74000E+03   0.00000E+00  0.00000E+00 0.00000
            63   3.00000E+03   0.00000E+00  0.00000E+00 0.00000
            64   2.50000E+03   0.00000E+00  0.00000E+00 0.00000
            65   2.25000E+03   0.00000E+00  0.00000E+00 0.00000
            66   2.20000E+03   0.00000E+00  0.00000E+00 0.00000
            67   1.80000E+03   0.00000E+00  0.00000E+00 0.00000
            68   1.55000E+03   0.00000E+00  0.00000E+00 0.00000
            69   1.50000E+03   0.00000E+00  0.00000E+00 0.00000
            70   1.15000E+03   0.00000E+00  0.00000E+00 0.00000
            71   9.50000E+02   0.00000E+00  0.00000E+00 0.00000
            72   6.83000E+02   0.00000E+00  0.00000E+00 0.00000
            73   6.70000E+02   0.00000E+00  0.00000E+00 0.00000
            74   5.50000E+02   0.00000E+00  0.00000E+00 0.00000
            75   3.05000E+02   0.00000E+00  0.00000E+00 0.00000
            76   2.85000E+02   0.00000E+00  0.00000E+00 0.00000
            77   2.40000E+02   0.00000E+00  0.00000E+00 0.00000
            78   2.20000E+02   0.00000E+00  0.00000E+00 0.00000
            79   2.09500E+02   0.00000E+00  0.00000E+00 0.00000
            80   2.07400E+02   0.00000E+00  0.00000E+00 0.00000
            81   2.02000E+02   0.00000E+00  0.00000E+00 0.00000
            82   1.93000E+02   0.00000E+00  0.00000E+00 0.00000
            83   1.91500E+02   0.00000E+00  0.00000E+00 0.00000
            84   1.88500E+02   0.00000E+00  0.00000E+00 0.00000
            85   1.87700E+02   0.00000E+00  0.00000E+00 0.00000
            86   1.80000E+02   0.00000E+00  0.00000E+00 0.00000
            87   1.70000E+02   0.00000E+00  0.00000E+00 0.00000
            88   1.43000E+02   0.00000E+00  0.00000E+00 0.00000
            89   1.22000E+02   0.00000E+00  0.00000E+00 0.00000
            90   1.19000E+02   0.00000E+00  0.00000E+00 0.00000
            91   1.17500E+02   0.00000E+00  0.00000E+00 0.00000
            92   1.16000E+02   0.00000E+00  0.00000E+00 0.00000
            93   1.13000E+02   0.00000E+00  0.00000E+00 0.00000
            94   1.08000E+02   0.00000E+00  0.00000E+00 0.00000
            95   1.05000E+02   0.00000E+00  0.00000E+00 0.00000
            96   1.01200E+02   0.00000E+00  0.00000E+00 0.00000
            97   9.70000E+01   0.00000E+00  0.00000E+00 0.00000
            98   9.00000E+01   0.00000E+00  0.00000E+00 0.00000
            99   8.17000E+01   0.00000E+00  0.00000E+00 0.00000
           100   8.00000E+01   0.00000E+00  0.00000E+00 0.00000
           101   7.60000E+01   0.00000E+00  0.00000E+00 0.00000
           102   7.20000E+01   0.00000E+00  0.00000E+00 0.00000
           103   6.75000E+01   0.00000E+00  0.00000E+00 0.00000
           104   6.50000E+01   0.00000E+00  0.00000E+00 0.00000
           105   6.30000E+01   0.00000E+00  0.00000E+00 0.00000
           106   6.10000E+01   0.00000E+00  0.00000E+00 0.00000
           107   5.80000E+01   0.00000E+00  0.00000E+00 0.00000
           108   5.34000E+01   0.00000E+00  0.00000E+00 0.00000
           109   5.06000E+01   0.00000E+00  0.00000E+00 0.00000
           110   4.83000E+01   0.00000E+00  0.00000E+00 0.00000
           111   4.52000E+01   0.00000E+00  0.00000E+00 0.00000
           112   4.40000E+01   0.00000E+00  0.00000E+00 0.00000
           113   4.24000E+01   0.00000E+00  0.00000E+00 0.00000
           114   4.10000E+01   0.00000E+00  0.00000E+00 0.00000
           115   3.96000E+01   0.00000E+00  0.00000E+00 0.00000
           116   3.91000E+01   0.00000E+00  0.00000E+00 0.00000
           117   3.80000E+01   0.00000E+00  0.00000E+00 0.00000
           118   3.76300E+01   0.00000E+00  0.00000E+00 0.00000
           119   3.72700E+01   0.00000E+00  0.00000E+00 0.00000
           120   3.71300E+01   0.00000E+00  0.00000E+00 0.00000
           121   3.70000E+01   0.00000E+00  0.00000E+00 0.00000
           122   3.60000E+01   0.00000E+00  0.00000E+00 0.00000
           123   3.55000E+01   0.00000E+00  0.00000E+00 0.00000
           124   3.50000E+01   0.00000E+00  0.00000E+00 0.00000
           125   3.37500E+01   0.00000E+00  0.00000E+00 0.00000
           126   3.32500E+01   0.00000E+00  0.00000E+00 0.00000
           127   3.17500E+01   0.00000E+00  0.00000E+00 0.00000
           128   3.12500E+01   0.00000E+00  0.00000E+00 0.00000
           129   3.00000E+01   0.00000E+00  0.00000E+00 0.00000
           130   2.75000E+01   0.00000E+00  0.00000E+00 0.00000
           131   2.50000E+01   0.00000E+00  0.00000E+00 0.00000
           132   2.25000E+01   0.00000E+00  0.00000E+00 0.00000
           133   2.17500E+01   0.00000E+00  0.00000E+00 0.00000
           134   2.12000E+01   0.00000E+00  0.00000E+00 0.00000
           135   2.05000E+01   0.00000E+00  0.00000E+00 0.00000
           136   2.00000E+01   0.00000E+00  0.00000E+00 0.00000
           137   1.94000E+01   0.00000E+00  0.00000E+00 0.00000
           138   1.85000E+01   0.00000E+00  0.00000E+00 0.00000
           139   1.70000E+01   0.00000E+00  0.00000E+00 0.00000
           140   1.60000E+01   0.00000E+00  0.00000E+00 0.00000
           141   1.44000E+01   0.00000E+00  0.00000E+00 0.00000
           142   1.29000E+01   0.00000E+00  0.00000E+00 0.00000
           143   1.19000E+01   0.00000E+00  0.00000E+00 0.00000
           144   1.15000E+01   0.00000E+00  0.00000E+00 0.00000
           145   1.00000E+01   0.00000E+00  0.00000E+00 0.00000
           146   9.10000E+00   0.00000E+00  0.00000E+00 0.00000
           147   8.10000E+00   0.00000E+00  0.00000E+00 0.00000
           148   7.15000E+00   0.00000E+00  0.00000E+00 0.00000
           149   7.00000E+00   0.00000E+00  0.00000E+00 0.00000
           150   6.87500E+00   0.00000E+00  0.00000E+00 0.00000
           151   6.75000E+00   0.00000E+00  0.00000E+00 0.00000
           152   6.50000E+00   0.00000E+00  0.00000E+00 0.00000
           153   6.25000E+00   0.00000E+00  0.00000E+00 0.00000
           154   6.00000E+00   0.00000E+00  0.00000E+00 0.00000
           155   5.40000E+00   0.00000E+00  0.00000E+00 0.00000
           156   5.00000E+00   0.00000E+00  0.00000E+00 0.00000
           157   4.70000E+00   0.00000E+00  0.00000E+00 0.00000
           158   4.10000E+00   0.00000E+00  0.00000E+00 0.00000
           159   3.73000E+00   0.00000E+00  0.00000E+00 0.00000
           160   3.50000E+00   0.00000E+00  0.00000E+00 0.00000
           161   3.20000E+00   0.00000E+00  0.00000E+00 0.00000
           162   3.10000E+00   0.00000E+00  0.00000E+00 0.00000
           163   3.00000E+00   0.00000E+00  0.00000E+00 0.00000
           164   2.97000E+00   0.00000E+00  0.00000E+00 0.00000
           165   2.87000E+00   0.00000E+00  0.00000E+00 0.00000
           166   2.77000E+00   0.00000E+00  0.00000E+00 0.00000
           167   2.67000E+00   0.00000E+00  0.00000E+00 0.00000
           168   2.57000E+00   0.00000E+00  0.00000E+00 0.00000
           169   2.47000E+00   0.00000E+00  0.00000E+00 0.00000
           170   2.38000E+00   0.00000E+00  0.00000E+00 0.00000
           171   2.30000E+00   0.00000E+00  0.00000E+00 0.00000
           172   2.21000E+00   0.00000E+00  0.00000E+00 0.00000
           173   2.12000E+00   0.00000E+00  0.00000E+00 0.00000
           174   2.00000E+00   0.00000E+00  0.00000E+00 0.00000
           175   1.94000E+00   0.00000E+00  0.00000E+00 0.00000
           176   1.86000E+00   0.00000E+00  0.00000E+00 0.00000
           177   1.77000E+00   0.00000E+00  0.00000E+00 0.00000
           178   1.68000E+00   0.00000E+00  0.00000E+00 0.00000
           179   1.59000E+00   0.00000E+00  0.00000E+00 0.00000
           180   1.50000E+00   0.00000E+00  0.00000E+00 0.00000
           181   1.45000E+00   0.00000E+00  0.00000E+00 0.00000
           182   1.40000E+00   0.00000E+00  0.00000E+00 0.00000
           183   1.35000E+00   0.00000E+00  0.00000E+00 0.00000
           184   1.30000E+00   0.00000E+00  0.00000E+00 0.00000
           185   1.25000E+00   0.00000E+00  0.00000E+00 0.00000
           186   1.22500E+00   0.00000E+00  0.00000E+00 0.00000
           187   1.20000E+00   0.00000E+00  0.00000E+00 0.00000
           188   1.17500E+00   0.00000E+00  0.00000E+00 0.00000
           189   1.15000E+00   0.00000E+00  0.00000E+00 0.00000
           190   1.14000E+00   0.00000E+00  0.00000E+00 0.00000
           191   1.13000E+00   0.00000E+00  0.00000E+00 0.00000
           192   1.12000E+00   0.00000E+00  0.00000E+00 0.00000
           193   1.11000E+00   0.00000E+00  0.00000E+00 0.00000
           194   1.10000E+00   0.00000E+00  0.00000E+00 0.00000
           195   1.09000E+00   0.00000E+00  0.00000E+00 0.00000
           196   1.08000E+00   0.00000E+00  0.00000E+00 0.00000
           197   1.07000E+00   0.00000E+00  0.00000E+00 0.00000
           198   1.06000E+00   0.00000E+00  0.00000E+00 0.00000
           199   1.05000E+00   0.00000E+00  0.00000E+00 0.00000
           200   1.04000E+00   0.00000E+00  0.00000E+00 0.00000
           201   1.03000E+00   0.00000E+00  0.00000E+00 0.00000
           202   1.02000E+00   0.00000E+00  0.00000E+00 0.00000
           203   1.01000E+00   0.00000E+00  0.00000E+00 0.00000
           204   1.00000E+00   0.00000E+00  0.00000E+00 0.00000
           205   9.75000E-01   0.00000E+00  0.00000E+00 0.00000
           206   9.50000E-01   0.00000E+00  0.00000E+00 0.00000
           207   9.25000E-01   0.00000E+00  0.00000E+00 0.00000
           208   9.00000E-01   0.00000E+00  0.00000E+00 0.00000
           209   8.50000E-01   0.00000E+00  0.00000E+00 0.00000
           210   8.00000E-01   0.00000E+00  0.00000E+00 0.00000
           211   7.50000E-01   0.00000E+00  0.00000E+00 0.00000
           212   7.00000E-01   0.00000E+00  0.00000E+00 0.00000
           213   6.50000E-01   0.00000E+00  0.00000E+00 0.00000
           214   6.25000E-01   0.00000E+00  0.00000E+00 0.00000
           215   6.00000E-01   0.00000E+00  0.00000E+00 0.00000
           216   5.50000E-01   0.00000E+00  0.00000E+00 0.00000
           217   5.00000E-01   0.00000E+00  0.00000E+00 0.00000
           218   4.50000E-01   0.00000E+00  0.00000E+00 0.00000
           219   4.00000E-01   0.00000E+00  0.00000E+00 0.00000
           220   3.75000E-01   0.00000E+00  0.00000E+00 0.00000
           221   3.50000E-01   0.00000E+00  0.00000E+00 0.00000
           222   3.25000E-01   0.00000E+00  0.00000E+00 0.00000
           223   3.00000E-01   0.00000E+00  0.00000E+00 0.00000
           224   2.75000E-01   0.00000E+00  0.00000E+00 0.00000
           225   2.50000E-01   0.00000E+00  0.00000E+00 0.00000
           226   2.25000E-01   0.00000E+00  0.00000E+00 0.00000
           227   2.00000E-01   0.00000E+00  0.00000E+00 0.00000
           228   1.75000E-01   0.00000E+00  0.00000E+00 0.00000
           229   1.50000E-01   0.00000E+00  0.00000E+00 0.00000
           230   1.25000E-01   0.00000E+00  0.00000E+00 0.00000
           231   1.00000E-01   0.00000E+00  0.00000E+00 0.00000
           232   9.00000E-02   0.00000E+00  0.00000E+00 0.00000
           233   8.00000E-02   0.00000E+00  0.00000E+00 0.00000
           234   7.00000E-02   0.00000E+00  0.00000E+00 0.00000
           235   6.00000E-02   0.00000E+00  0.00000E+00 0.00000
           236   5.00000E-02   0.00000E+00  0.00000E+00 0.00000
           237   4.00000E-02   0.00000E+00  0.00000E+00 0.00000
           238   3.00000E-02   0.00000E+00  0.00000E+00 0.00000
           239   2.53000E-02   0.00000E+00  0.00000E+00 0.00000
           240   1.00000E-02   0.00000E+00  0.00000E+00 0.00000
           241   7.50000E-03   0.00000E+00  0.00000E+00 0.00000
           242   5.00000E-03   0.00000E+00  0.00000E+00 0.00000
           243   4.00000E-03   0.00000E+00  0.00000E+00 0.00000
           244   3.00000E-03   0.00000E+00  0.00000E+00 0.00000
           245   2.50000E-03   0.00000E+00  0.00000E+00 0.00000
           246   2.00000E-03   0.00000E+00  0.00000E+00 0.00000
           247   1.50000E-03   0.00000E+00  0.00000E+00 0.00000
           248   1.20000E-03   0.00000E+00  0.00000E+00 0.00000
           249   1.00000E-03   0.00000E+00  0.00000E+00 0.00000
           250   7.50000E-04   0.00000E+00  0.00000E+00 0.00000
           251   5.00000E-04   0.00000E+00  0.00000E+00 0.00000
           252   1.00000E-04   0.00000E+00  0.00000E+00 0.00000
         -----  ------------  ------------ ------------ -------

         Total Response - over all energy groups and time bins

                upper energy
         group      (eV)             value  uncertainty     rel
         -----  ------------  ------------ ------------ -------
         total                 7.82382E-07  2.65741E-09 0.00340
         -----  ------------  ------------ ------------ -------


