     Region Tally 130 (neutron)
         tally limited to unit: 1
         tally limited to region: 9
         tally limited to media: 9
         energyBounds:    1 with 252 groups
         timeBounds:      1 with 1 bins
         comment:          Total Au-197 (n,2n) per cc // Au-197 (n,gamma)  per cc
         volume (cm**3)    3.2046383E-01
         using responses: 130 132
         multiplier:         1.0000000E+00

 Details for the final tally

         Neutron Fluxes - for time bin 1 ( 0.0000000E+00 to  1.0000000E+06 sec)

                upper energy        track-length estimator          collision-density estimator   
         group      (eV)             value  uncertainty     rel         value  uncertainty     rel
         -----  ------------  ------------ ------------ -------  ------------ ------------ -------
             1   2.00000E+07   0.00000E+00  0.00000E+00 0.00000   0.00000E+00  0.00000E+00 0.00000
             2   1.73300E+07   0.00000E+00  0.00000E+00 0.00000   0.00000E+00  0.00000E+00 0.00000
             3   1.56800E+07   0.00000E+00  0.00000E+00 0.00000   0.00000E+00  0.00000E+00 0.00000
             4   1.45500E+07   1.85435E-05  7.49551E-08 0.00404   1.86020E-05  1.89712E-07 0.01020
             5   1.38400E+07   1.30464E-06  1.97874E-08 0.01517   1.28299E-06  4.82209E-08 0.03758
             6   1.28400E+07   1.21364E-06  1.67925E-08 0.01384   1.14514E-06  5.16024E-08 0.04506
             7   1.00000E+07   1.03647E-06  1.84059E-08 0.01776   1.02882E-06  4.74333E-08 0.04610
             8   8.18700E+06   1.59376E-06  1.97889E-08 0.01242   1.53296E-06  5.14568E-08 0.03357
             9   6.43400E+06   2.31338E-06  2.33410E-08 0.01009   2.29090E-06  5.67279E-08 0.02476
            10   4.80000E+06   1.19795E-06  1.77862E-08 0.01485   1.11189E-06  3.57164E-08 0.03212
            11   4.30400E+06   5.61592E-06  3.51299E-08 0.00626   5.55063E-06  7.95649E-08 0.01433
            12   3.00000E+06   4.68852E-06  3.12580E-08 0.00667   4.72274E-06  6.79410E-08 0.01439
            13   2.47900E+06   1.49985E-06  1.76926E-08 0.01180   1.52496E-06  4.03045E-08 0.02643
            14   2.35400E+06   7.94707E-06  4.30128E-08 0.00541   8.04202E-06  9.19997E-08 0.01144
            15   1.85000E+06   8.05155E-06  4.36842E-08 0.00543   7.99765E-06  9.34450E-08 0.01168
            16   1.50000E+06   2.80499E-06  2.46704E-08 0.00880   2.70726E-06  5.30183E-08 0.01958
            17   1.40000E+06   1.31864E-06  1.60031E-08 0.01214   1.27871E-06  3.65870E-08 0.02861
            18   1.35600E+06   1.20507E-06  1.57330E-08 0.01306   1.21161E-06  3.83318E-08 0.03164
            19   1.31700E+06   2.11666E-06  2.06372E-08 0.00975   2.05295E-06  4.74096E-08 0.02309
            20   1.25000E+06   1.66536E-06  1.73316E-08 0.01041   1.70051E-06  4.25857E-08 0.02504
            21   1.20000E+06   3.71725E-06  2.84677E-08 0.00766   3.77595E-06  6.35594E-08 0.01683
            22   1.10000E+06   3.78042E-06  2.68082E-08 0.00709   3.75430E-06  6.41820E-08 0.01710
            23   1.01000E+06   4.19258E-06  3.15038E-08 0.00751   4.21545E-06  7.03898E-08 0.01670
            24   9.20000E+05   1.00444E-06  1.47845E-08 0.01472   1.02755E-06  3.53462E-08 0.03440
            25   9.00000E+05   1.25281E-06  1.41937E-08 0.01133   1.30833E-06  3.62967E-08 0.02774
            26   8.75000E+05   7.06484E-07  1.16935E-08 0.01655   6.98197E-07  2.73136E-08 0.03912
            27   8.61100E+05   2.08623E-06  1.80046E-08 0.00863   2.06921E-06  4.43727E-08 0.02144
            28   8.20000E+05   3.74894E-06  2.59400E-08 0.00692   3.61403E-06  5.85483E-08 0.01620
            29   7.50000E+05   4.19678E-06  2.99286E-08 0.00713   4.21304E-06  6.68641E-08 0.01587
            30   6.79000E+05   5.22229E-07  8.17685E-09 0.01566   5.55915E-07  2.26664E-08 0.04077
            31   6.70000E+05   4.06342E-06  2.71768E-08 0.00669   4.03243E-06  6.22949E-08 0.01545
            32   6.00000E+05   1.61322E-06  1.79759E-08 0.01114   1.62764E-06  4.06481E-08 0.02497
            33   5.73000E+05   1.39558E-06  1.43855E-08 0.01031   1.45925E-06  3.52186E-08 0.02413
            34   5.50000E+05   3.55203E-06  2.36384E-08 0.00665   3.53820E-06  5.45736E-08 0.01542
            35   4.92000E+05   1.43000E-06  1.38283E-08 0.00967   1.40848E-06  3.45704E-08 0.02454
            36   4.70000E+05   1.82902E-06  1.49084E-08 0.00815   1.85871E-06  3.80756E-08 0.02048
            37   4.40000E+05   1.17987E-06  1.26544E-08 0.01073   1.13081E-06  2.92104E-08 0.02583
            38   4.20000E+05   1.29581E-06  1.29909E-08 0.01003   1.29205E-06  3.18376E-08 0.02464
            39   4.00000E+05   4.82163E-06  2.61710E-08 0.00543   4.88065E-06  6.23989E-08 0.01278
            40   3.30000E+05   4.02479E-06  2.41873E-08 0.00601   3.97122E-06  5.23217E-08 0.01318
            41   2.70000E+05   4.85899E-06  2.59920E-08 0.00535   4.84883E-06  5.82685E-08 0.01202
            42   2.00000E+05   3.52305E-06  2.08924E-08 0.00593   3.62292E-06  4.63205E-08 0.01279
            43   1.49000E+05   1.59792E-06  1.32669E-08 0.00830   1.62267E-06  2.99430E-08 0.01845
            44   1.28300E+05   1.90420E-06  1.60333E-08 0.00842   1.90556E-06  3.24924E-08 0.01705
            45   1.00000E+05   7.92388E-07  7.38483E-09 0.00932   7.68482E-07  1.85054E-08 0.02408
            46   8.50000E+04   1.76271E-07  3.05750E-09 0.01735   1.75306E-07  8.06918E-09 0.04603
            47   8.20000E+04   5.84782E-07  6.67414E-09 0.01141   6.07865E-07  1.62573E-08 0.02674
            48   7.50000E+04   1.68617E-07  3.23328E-09 0.01918   1.65475E-07  9.00089E-09 0.05439
            49   7.30000E+04   9.02867E-07  1.03617E-08 0.01148   8.66239E-07  2.26016E-08 0.02609
            50   6.00000E+04   5.00713E-07  7.87470E-09 0.01573   5.14874E-07  1.77951E-08 0.03456
            51   5.20000E+04   1.15275E-07  3.02686E-09 0.02626   1.23848E-07  8.50231E-09 0.06865
            52   5.00000E+04   2.73969E-07  6.10383E-09 0.02228   2.73564E-07  1.19463E-08 0.04367
            53   4.50000E+04   7.39202E-07  7.99364E-09 0.01081   7.34230E-07  1.73493E-08 0.02363
            54   3.00000E+04   5.19144E-07  7.60531E-09 0.01465   5.41726E-07  1.75569E-08 0.03241
            55   2.00000E+04   1.34761E-07  3.76183E-09 0.02791   1.43798E-07  8.51740E-09 0.05923
            56   1.70000E+04   1.82667E-07  4.90446E-09 0.02685   1.73429E-07  9.47014E-09 0.05461
            57   1.30000E+04   1.45334E-07  4.32338E-09 0.02975   1.42706E-07  8.78292E-09 0.06155
            58   9.50000E+03   5.62920E-08  2.49421E-09 0.04431   5.41239E-08  5.09438E-09 0.09412
            59   8.03000E+03   6.82725E-08  2.41118E-09 0.03532   6.97899E-08  5.50853E-09 0.07893
            60   5.70000E+03   4.88447E-08  2.47629E-09 0.05070   4.82771E-08  5.46487E-09 0.11320
            61   3.90000E+03   5.87241E-09  1.05797E-09 0.18016   8.22125E-09  2.37344E-09 0.28870
            62   3.74000E+03   1.99177E-08  1.77869E-09 0.08930   1.62392E-08  2.98794E-09 0.18400
            63   3.00000E+03   1.25900E-08  1.24164E-09 0.09862   1.23663E-08  2.60945E-09 0.21101
            64   2.50000E+03   5.73414E-09  7.33800E-10 0.12797   6.16232E-09  1.59330E-09 0.25855
            65   2.25000E+03   1.47391E-09  2.61869E-10 0.17767   6.10427E-10  2.47224E-10 0.40500
            66   2.20000E+03   9.48467E-09  1.23677E-09 0.13040   8.26678E-09  1.96425E-09 0.23761
            67   1.80000E+03   5.07609E-09  7.41317E-10 0.14604   5.09311E-09  1.63358E-09 0.32074
            68   1.55000E+03   6.69172E-10  1.64165E-10 0.24533   1.35819E-10  9.60418E-11 0.70713
            69   1.50000E+03   6.67225E-09  8.18235E-10 0.12263   7.62838E-09  2.09020E-09 0.27400
            70   1.15000E+03   5.65762E-09  1.13473E-09 0.20057   4.63498E-09  1.16873E-09 0.25215
            71   9.50000E+02   7.30367E-09  1.03261E-09 0.14138   5.91451E-09  1.74000E-09 0.29419
            72   6.83000E+02   1.31208E-10  4.71428E-11 0.35930   0.00000E+00  0.00000E+00 0.00000
            73   6.70000E+02   2.95265E-09  6.30701E-10 0.21361   4.26065E-09  2.12148E-09 0.49793
            74   5.50000E+02   1.16978E-08  3.96435E-09 0.33890   1.45978E-08  5.47164E-09 0.37483
            75   3.05000E+02   1.38949E-09  4.82419E-10 0.34719   2.54437E-09  1.36082E-09 0.53483
            76   2.85000E+02   2.92404E-09  7.89150E-10 0.26988   4.03323E-09  2.29168E-09 0.56820
            77   2.40000E+02   7.57726E-10  3.47300E-10 0.45835   1.59184E-09  8.29847E-10 0.52131
            78   2.20000E+02   6.76104E-10  2.31860E-10 0.34294   0.00000E+00  0.00000E+00 0.00000
            79   2.09500E+02   1.14550E-10  7.67122E-11 0.66968   3.19565E-10  2.51284E-10 0.78633
            80   2.07400E+02   2.10508E-10  8.10166E-11 0.38486   0.00000E+00  0.00000E+00 0.00000
            81   2.02000E+02   6.04876E-10  2.41451E-10 0.39917   9.30099E-10  6.81040E-10 0.73222
            82   1.93000E+02   7.90567E-11  6.68839E-11 0.84602   0.00000E+00  0.00000E+00 0.00000
            83   1.91500E+02   1.05715E-10  7.05757E-11 0.66761   0.00000E+00  0.00000E+00 0.00000
            84   1.88500E+02   1.40399E-11  1.40399E-11 1.00000   0.00000E+00  0.00000E+00 0.00000
            85   1.87700E+02   3.91960E-10  1.85289E-10 0.47272   1.47171E-09  9.07855E-10 0.61687
            86   1.80000E+02   4.18372E-10  1.63404E-10 0.39057   1.07853E-10  1.07853E-10 1.00000
            87   1.70000E+02   1.53212E-09  5.36505E-10 0.35017   1.58176E-09  6.98917E-10 0.44186
            88   1.43000E+02   8.77143E-10  2.80058E-10 0.31928   5.68155E-10  3.90146E-10 0.68669
            89   1.22000E+02   2.10556E-10  7.88020E-11 0.37426   0.00000E+00  0.00000E+00 0.00000
            90   1.19000E+02   4.27679E-11  2.67163E-11 0.62468   0.00000E+00  0.00000E+00 0.00000
            91   1.17500E+02   4.05039E-10  3.46419E-10 0.85527   0.00000E+00  0.00000E+00 0.00000
            92   1.16000E+02   1.73813E-10  1.20937E-10 0.69579   7.43869E-11  7.43869E-11 1.00000
            93   1.13000E+02   2.08967E-10  9.48073E-11 0.45370   0.00000E+00  0.00000E+00 0.00000
            94   1.08000E+02   2.56714E-10  1.77835E-10 0.69274   0.00000E+00  0.00000E+00 0.00000
            95   1.05000E+02   2.69340E-10  1.25388E-10 0.46554   8.76348E-11  8.76348E-11 1.00000
            96   1.01200E+02   2.69470E-10  1.01989E-10 0.37848   8.14301E-10  8.14301E-10 1.00000
            97   9.70000E+01   5.90631E-10  1.95781E-10 0.33148   1.60763E-09  1.07828E-09 0.67073
            98   9.00000E+01   7.21602E-10  2.33767E-10 0.32396   8.95188E-10  5.33241E-10 0.59568
            99   8.17000E+01   1.31061E-10  4.98749E-11 0.38055   0.00000E+00  0.00000E+00 0.00000
           100   8.00000E+01   2.16877E-10  8.58902E-11 0.39603   0.00000E+00  0.00000E+00 0.00000
           101   7.60000E+01   4.12066E-10  1.94825E-10 0.47280   1.66920E-09  1.25629E-09 0.75263
           102   7.20000E+01   2.48546E-10  9.04545E-11 0.36393   3.21273E-10  1.91954E-10 0.59748
           103   6.75000E+01   2.69296E-10  1.98400E-10 0.73673   2.76556E-10  2.76556E-10 1.00000
           104   6.50000E+01   9.19266E-11  6.29577E-11 0.68487   0.00000E+00  0.00000E+00 0.00000
           105   6.30000E+01   2.75446E-10  1.78039E-10 0.64637   2.99879E-10  2.03113E-10 0.67732
           106   6.10000E+01   1.74249E-10  7.31085E-11 0.41956   3.89702E-11  3.13886E-11 0.80545
           107   5.80000E+01   1.15702E-09  5.99951E-10 0.51853   6.64195E-10  5.01079E-10 0.75441
           108   5.34000E+01   5.91600E-10  2.67119E-10 0.45152   1.62799E-09  1.21046E-09 0.74353
           109   5.06000E+01   1.69237E-10  6.86441E-11 0.40561   0.00000E+00  0.00000E+00 0.00000
           110   4.83000E+01   3.61746E-10  2.57903E-10 0.71294   3.73019E-10  3.00273E-10 0.80498
           111   4.52000E+01   9.48024E-11  4.53059E-11 0.47790   0.00000E+00  0.00000E+00 0.00000
           112   4.40000E+01   1.56224E-10  1.35858E-10 0.86963   2.79072E-10  2.79072E-10 1.00000
           113   4.24000E+01   7.44014E-11  4.23155E-11 0.56875   0.00000E+00  0.00000E+00 0.00000
           114   4.10000E+01   1.26742E-10  5.97476E-11 0.47141   0.00000E+00  0.00000E+00 0.00000
           115   3.96000E+01   7.11751E-11  6.25778E-11 0.87921   0.00000E+00  0.00000E+00 0.00000
           116   3.91000E+01   9.88223E-11  6.24975E-11 0.63242   2.87449E-10  2.87449E-10 1.00000
           117   3.80000E+01   2.77332E-11  2.41947E-11 0.87241   0.00000E+00  0.00000E+00 0.00000
           118   3.76300E+01   1.76391E-11  1.76391E-11 1.00000   9.25876E-11  9.25876E-11 1.00000
           119   3.72700E+01   1.41151E-12  1.41151E-12 1.00000   0.00000E+00  0.00000E+00 0.00000
           120   3.71300E+01   2.16689E-11  1.58438E-11 0.73118   0.00000E+00  0.00000E+00 0.00000
           121   3.70000E+01   2.11459E-10  1.18436E-10 0.56009   1.47666E-09  1.38851E-09 0.94031
           122   3.60000E+01   1.44632E-10  9.97557E-11 0.68972   4.47512E-10  4.47512E-10 1.00000
           123   3.55000E+01   3.57603E-10  2.83336E-10 0.79232   5.33144E-10  4.45821E-10 0.83621
           124   3.50000E+01   2.70127E-10  1.27205E-10 0.47091   4.09242E-10  3.32841E-10 0.81331
           125   3.37500E+01   1.45403E-10  8.37313E-11 0.57586   9.12275E-11  9.12275E-11 1.00000
           126   3.32500E+01   1.53651E-10  8.67855E-11 0.56482   0.00000E+00  0.00000E+00 0.00000
           127   3.17500E+01   4.03033E-11  2.69158E-11 0.66783   0.00000E+00  0.00000E+00 0.00000
           128   3.12500E+01   1.78746E-10  7.65874E-11 0.42847   9.35827E-11  9.35827E-11 1.00000
           129   3.00000E+01   6.02783E-10  2.26947E-10 0.37650   1.56572E-10  1.11311E-10 0.71093
           130   2.75000E+01   3.59304E-10  1.37655E-10 0.38312   8.95863E-11  8.95863E-11 1.00000
           131   2.50000E+01   3.23572E-10  1.49320E-10 0.46147   4.97675E-10  4.97675E-10 1.00000
           132   2.25000E+01   1.01761E-10  4.34246E-11 0.42673   2.47568E-10  1.43170E-10 0.57831
           133   2.17500E+01   1.43261E-10  1.29092E-10 0.90110   5.44586E-11  5.44586E-11 1.00000
           134   2.12000E+01   8.09126E-12  7.06004E-12 0.87255   0.00000E+00  0.00000E+00 0.00000
           135   2.05000E+01   9.45966E-12  6.66296E-12 0.70435   0.00000E+00  0.00000E+00 0.00000
           136   2.00000E+01   6.90915E-11  6.59624E-11 0.95471   0.00000E+00  0.00000E+00 0.00000
           137   1.94000E+01   2.07585E-11  1.89568E-11 0.91321   0.00000E+00  0.00000E+00 0.00000
           138   1.85000E+01   4.23156E-11  2.41717E-11 0.57122   0.00000E+00  0.00000E+00 0.00000
           139   1.70000E+01   1.42454E-10  6.67360E-11 0.46847   2.32994E-10  2.32994E-10 1.00000
           140   1.60000E+01   2.87642E-10  1.46750E-10 0.51018   1.03505E-09  7.39258E-10 0.71422
           141   1.44000E+01   4.30247E-10  2.85229E-10 0.66294   0.00000E+00  0.00000E+00 0.00000
           142   1.29000E+01   2.70156E-10  1.35981E-10 0.50334   0.00000E+00  0.00000E+00 0.00000
           143   1.19000E+01   1.36424E-10  1.06815E-10 0.78297   0.00000E+00  0.00000E+00 0.00000
           144   1.15000E+01   6.60630E-10  3.12694E-10 0.47333   2.77277E-10  2.77277E-10 1.00000
           145   1.00000E+01   1.43543E-10  7.98403E-11 0.55621   0.00000E+00  0.00000E+00 0.00000
           146   9.10000E+00   2.03874E-10  1.41295E-10 0.69305   5.52239E-10  5.52239E-10 1.00000
           147   8.10000E+00   2.45030E-10  1.84007E-10 0.75096   4.86375E-10  4.86375E-10 1.00000
           148   7.15000E+00   1.94200E-11  1.37415E-11 0.70759   6.62727E-11  6.62727E-11 1.00000
           149   7.00000E+00   0.00000E+00  0.00000E+00 0.00000   0.00000E+00  0.00000E+00 0.00000
           150   6.87500E+00   3.00781E-10  2.99426E-10 0.99549   3.13923E-10  3.02165E-10 0.96254
           151   6.75000E+00   6.19937E-10  5.56442E-10 0.89758   6.44206E-10  5.59436E-10 0.86841
           152   6.50000E+00   2.46204E-10  1.49736E-10 0.60818   1.45909E-10  1.12530E-10 0.77123
           153   6.25000E+00   3.00568E-10  2.10486E-10 0.70029   2.31546E-10  1.51718E-10 0.65524
           154   6.00000E+00   4.38318E-10  2.16732E-10 0.49446   3.63362E-10  1.99355E-10 0.54864
           155   5.40000E+00   3.10896E-11  1.64735E-11 0.52987   2.93844E-11  1.50810E-11 0.51323
           156   5.00000E+00   3.49135E-12  3.27634E-12 0.93842   1.67541E-12  1.32929E-12 0.79341
           157   4.70000E+00   3.95293E-12  3.95293E-12 1.00000   6.51334E-12  6.51334E-12 1.00000
           158   4.10000E+00   0.00000E+00  0.00000E+00 0.00000   0.00000E+00  0.00000E+00 0.00000
           159   3.73000E+00   1.16820E-11  1.16820E-11 1.00000   0.00000E+00  0.00000E+00 0.00000
           160   3.50000E+00   6.75997E-11  6.35808E-11 0.94055   0.00000E+00  0.00000E+00 0.00000
           161   3.20000E+00   0.00000E+00  0.00000E+00 0.00000   0.00000E+00  0.00000E+00 0.00000
           162   3.10000E+00   3.73161E-11  3.73161E-11 1.00000   1.80291E-11  1.80291E-11 1.00000
           163   3.00000E+00   6.33380E-12  6.33380E-12 1.00000   0.00000E+00  0.00000E+00 0.00000
           164   2.97000E+00   5.80644E-11  4.80749E-11 0.82796   6.41472E-11  6.41472E-11 1.00000
           165   2.87000E+00   0.00000E+00  0.00000E+00 0.00000   0.00000E+00  0.00000E+00 0.00000
           166   2.77000E+00   3.71647E-11  2.90524E-11 0.78172   0.00000E+00  0.00000E+00 0.00000
           167   2.67000E+00   4.22118E-10  3.50775E-10 0.83099   4.89753E-10  4.65676E-10 0.95084
           168   2.57000E+00   5.83974E-11  3.70261E-11 0.63404   0.00000E+00  0.00000E+00 0.00000
           169   2.47000E+00   8.42453E-11  7.24279E-11 0.85973   8.75353E-11  8.75353E-11 1.00000
           170   2.38000E+00   2.01395E-11  2.01395E-11 1.00000   0.00000E+00  0.00000E+00 0.00000
           171   2.30000E+00   3.85781E-11  2.42824E-11 0.62944   0.00000E+00  0.00000E+00 0.00000
           172   2.21000E+00   1.19536E-11  1.19536E-11 1.00000   0.00000E+00  0.00000E+00 0.00000
           173   2.12000E+00   1.74662E-12  1.74662E-12 1.00000   0.00000E+00  0.00000E+00 0.00000
           174   2.00000E+00   1.61459E-11  1.61459E-11 1.00000   1.70056E-10  1.70056E-10 1.00000
           175   1.94000E+00   0.00000E+00  0.00000E+00 0.00000   0.00000E+00  0.00000E+00 0.00000
           176   1.86000E+00   0.00000E+00  0.00000E+00 0.00000   0.00000E+00  0.00000E+00 0.00000
           177   1.77000E+00   0.00000E+00  0.00000E+00 0.00000   0.00000E+00  0.00000E+00 0.00000
           178   1.68000E+00   1.29562E-11  1.29562E-11 1.00000   0.00000E+00  0.00000E+00 0.00000
           179   1.59000E+00   4.93078E-11  4.93078E-11 1.00000   0.00000E+00  0.00000E+00 0.00000
           180   1.50000E+00   0.00000E+00  0.00000E+00 0.00000   0.00000E+00  0.00000E+00 0.00000
           181   1.45000E+00   0.00000E+00  0.00000E+00 0.00000   0.00000E+00  0.00000E+00 0.00000
           182   1.40000E+00   0.00000E+00  0.00000E+00 0.00000   0.00000E+00  0.00000E+00 0.00000
           183   1.35000E+00   0.00000E+00  0.00000E+00 0.00000   0.00000E+00  0.00000E+00 0.00000
           184   1.30000E+00   0.00000E+00  0.00000E+00 0.00000   0.00000E+00  0.00000E+00 0.00000
           185   1.25000E+00   0.00000E+00  0.00000E+00 0.00000   0.00000E+00  0.00000E+00 0.00000
           186   1.22500E+00   0.00000E+00  0.00000E+00 0.00000   0.00000E+00  0.00000E+00 0.00000
           187   1.20000E+00   0.00000E+00  0.00000E+00 0.00000   0.00000E+00  0.00000E+00 0.00000
           188   1.17500E+00   0.00000E+00  0.00000E+00 0.00000   0.00000E+00  0.00000E+00 0.00000
           189   1.15000E+00   0.00000E+00  0.00000E+00 0.00000   0.00000E+00  0.00000E+00 0.00000
           190   1.14000E+00   0.00000E+00  0.00000E+00 0.00000   0.00000E+00  0.00000E+00 0.00000
           191   1.13000E+00   0.00000E+00  0.00000E+00 0.00000   0.00000E+00  0.00000E+00 0.00000
           192   1.12000E+00   0.00000E+00  0.00000E+00 0.00000   0.00000E+00  0.00000E+00 0.00000
           193   1.11000E+00   0.00000E+00  0.00000E+00 0.00000   0.00000E+00  0.00000E+00 0.00000
           194   1.10000E+00   0.00000E+00  0.00000E+00 0.00000   0.00000E+00  0.00000E+00 0.00000
           195   1.09000E+00   0.00000E+00  0.00000E+00 0.00000   0.00000E+00  0.00000E+00 0.00000
           196   1.08000E+00   0.00000E+00  0.00000E+00 0.00000   0.00000E+00  0.00000E+00 0.00000
           197   1.07000E+00   0.00000E+00  0.00000E+00 0.00000   0.00000E+00  0.00000E+00 0.00000
           198   1.06000E+00   0.00000E+00  0.00000E+00 0.00000   0.00000E+00  0.00000E+00 0.00000
           199   1.05000E+00   0.00000E+00  0.00000E+00 0.00000   0.00000E+00  0.00000E+00 0.00000
           200   1.04000E+00   0.00000E+00  0.00000E+00 0.00000   0.00000E+00  0.00000E+00 0.00000
           201   1.03000E+00   0.00000E+00  0.00000E+00 0.00000   0.00000E+00  0.00000E+00 0.00000
           202   1.02000E+00   0.00000E+00  0.00000E+00 0.00000   0.00000E+00  0.00000E+00 0.00000
           203   1.01000E+00   0.00000E+00  0.00000E+00 0.00000   0.00000E+00  0.00000E+00 0.00000
           204   1.00000E+00   0.00000E+00  0.00000E+00 0.00000   0.00000E+00  0.00000E+00 0.00000
           205   9.75000E-01   0.00000E+00  0.00000E+00 0.00000   0.00000E+00  0.00000E+00 0.00000
           206   9.50000E-01   0.00000E+00  0.00000E+00 0.00000   0.00000E+00  0.00000E+00 0.00000
           207   9.25000E-01   0.00000E+00  0.00000E+00 0.00000   0.00000E+00  0.00000E+00 0.00000
           208   9.00000E-01   0.00000E+00  0.00000E+00 0.00000   0.00000E+00  0.00000E+00 0.00000
           209   8.50000E-01   0.00000E+00  0.00000E+00 0.00000   0.00000E+00  0.00000E+00 0.00000
           210   8.00000E-01   0.00000E+00  0.00000E+00 0.00000   0.00000E+00  0.00000E+00 0.00000
           211   7.50000E-01   0.00000E+00  0.00000E+00 0.00000   0.00000E+00  0.00000E+00 0.00000
           212   7.00000E-01   2.64096E-11  2.64096E-11 1.00000   0.00000E+00  0.00000E+00 0.00000
           213   6.50000E-01   0.00000E+00  0.00000E+00 0.00000   0.00000E+00  0.00000E+00 0.00000
           214   6.25000E-01   0.00000E+00  0.00000E+00 0.00000   0.00000E+00  0.00000E+00 0.00000
           215   6.00000E-01   0.00000E+00  0.00000E+00 0.00000   0.00000E+00  0.00000E+00 0.00000
           216   5.50000E-01   0.00000E+00  0.00000E+00 0.00000   0.00000E+00  0.00000E+00 0.00000
           217   5.00000E-01   0.00000E+00  0.00000E+00 0.00000   0.00000E+00  0.00000E+00 0.00000
           218   4.50000E-01   0.00000E+00  0.00000E+00 0.00000   0.00000E+00  0.00000E+00 0.00000
           219   4.00000E-01   0.00000E+00  0.00000E+00 0.00000   0.00000E+00  0.00000E+00 0.00000
           220   3.75000E-01   0.00000E+00  0.00000E+00 0.00000   0.00000E+00  0.00000E+00 0.00000
           221   3.50000E-01   8.95357E-11  8.95357E-11 1.00000   0.00000E+00  0.00000E+00 0.00000
           222   3.25000E-01   0.00000E+00  0.00000E+00 0.00000   0.00000E+00  0.00000E+00 0.00000
           223   3.00000E-01   0.00000E+00  0.00000E+00 0.00000   0.00000E+00  0.00000E+00 0.00000
           224   2.75000E-01   0.00000E+00  0.00000E+00 0.00000   0.00000E+00  0.00000E+00 0.00000
           225   2.50000E-01   0.00000E+00  0.00000E+00 0.00000   0.00000E+00  0.00000E+00 0.00000
           226   2.25000E-01   0.00000E+00  0.00000E+00 0.00000   0.00000E+00  0.00000E+00 0.00000
           227   2.00000E-01   0.00000E+00  0.00000E+00 0.00000   0.00000E+00  0.00000E+00 0.00000
           228   1.75000E-01   0.00000E+00  0.00000E+00 0.00000   0.00000E+00  0.00000E+00 0.00000
           229   1.50000E-01   0.00000E+00  0.00000E+00 0.00000   0.00000E+00  0.00000E+00 0.00000
           230   1.25000E-01   0.00000E+00  0.00000E+00 0.00000   0.00000E+00  0.00000E+00 0.00000
           231   1.00000E-01   0.00000E+00  0.00000E+00 0.00000   0.00000E+00  0.00000E+00 0.00000
           232   9.00000E-02   0.00000E+00  0.00000E+00 0.00000   0.00000E+00  0.00000E+00 0.00000
           233   8.00000E-02   0.00000E+00  0.00000E+00 0.00000   0.00000E+00  0.00000E+00 0.00000
           234   7.00000E-02   0.00000E+00  0.00000E+00 0.00000   0.00000E+00  0.00000E+00 0.00000
           235   6.00000E-02   0.00000E+00  0.00000E+00 0.00000   0.00000E+00  0.00000E+00 0.00000
           236   5.00000E-02   0.00000E+00  0.00000E+00 0.00000   0.00000E+00  0.00000E+00 0.00000
           237   4.00000E-02   0.00000E+00  0.00000E+00 0.00000   0.00000E+00  0.00000E+00 0.00000
           238   3.00000E-02   0.00000E+00  0.00000E+00 0.00000   0.00000E+00  0.00000E+00 0.00000
           239   2.53000E-02   0.00000E+00  0.00000E+00 0.00000   0.00000E+00  0.00000E+00 0.00000
           240   1.00000E-02   0.00000E+00  0.00000E+00 0.00000   0.00000E+00  0.00000E+00 0.00000
           241   7.50000E-03   0.00000E+00  0.00000E+00 0.00000   0.00000E+00  0.00000E+00 0.00000
           242   5.00000E-03   0.00000E+00  0.00000E+00 0.00000   0.00000E+00  0.00000E+00 0.00000
           243   4.00000E-03   0.00000E+00  0.00000E+00 0.00000   0.00000E+00  0.00000E+00 0.00000
           244   3.00000E-03   0.00000E+00  0.00000E+00 0.00000   0.00000E+00  0.00000E+00 0.00000
           245   2.50000E-03   0.00000E+00  0.00000E+00 0.00000   0.00000E+00  0.00000E+00 0.00000
           246   2.00000E-03   0.00000E+00  0.00000E+00 0.00000   0.00000E+00  0.00000E+00 0.00000
           247   1.50000E-03   0.00000E+00  0.00000E+00 0.00000   0.00000E+00  0.00000E+00 0.00000
           248   1.20000E-03   0.00000E+00  0.00000E+00 0.00000   0.00000E+00  0.00000E+00 0.00000
           249   1.00000E-03   0.00000E+00  0.00000E+00 0.00000   0.00000E+00  0.00000E+00 0.00000
           250   7.50000E-04   0.00000E+00  0.00000E+00 0.00000   0.00000E+00  0.00000E+00 0.00000
           251   5.00000E-04   0.00000E+00  0.00000E+00 0.00000   0.00000E+00  0.00000E+00 0.00000
           252   1.00000E-04   0.00000E+00  0.00000E+00 0.00000   0.00000E+00  0.00000E+00 0.00000
         -----  ------------  ------------ ------------ -------  ------------ ------------ -------

         Total Neutron Fluxes - over all energy groups and time bins

                upper energy        track-length estimator          collision-density estimator   
         group      (eV)             value  uncertainty     rel         value  uncertainty     rel
         -----  ------------  ------------ ------------ -------  ------------ ------------ -------
                               1.31946E-04  2.33954E-07 0.00177   1.31745E-04  4.22496E-07 0.00321
         -----  ------------  ------------ ------------ -------  ------------ ------------ -------

         Response: 130 (using track-length fluxes)
              Au-197 (n,2n) 196-Au Foil Macro

             for time bin 1 ( 0.0000000E+00 to  1.0000000E+06 sec)

                upper energy
         group      (eV)             value  uncertainty     rel
         -----  ------------  ------------ ------------ -------
             1   2.00000E+07   0.00000E+00  0.00000E+00 0.00000
             2   1.73300E+07   0.00000E+00  0.00000E+00 0.00000
             3   1.56800E+07   0.00000E+00  0.00000E+00 0.00000
             4   1.45500E+07   2.34511E-06  9.47922E-09 0.00404
             5   1.38400E+07   1.56418E-07  2.37239E-09 0.01517
             6   1.28400E+07   1.10966E-07  1.53538E-09 0.01384
             7   1.00000E+07   2.72383E-08  4.83705E-10 0.01776
             8   8.18700E+06   3.07855E-11  3.82249E-13 0.01242
             9   6.43400E+06   0.00000E+00  0.00000E+00 0.00000
            10   4.80000E+06   0.00000E+00  0.00000E+00 0.00000
            11   4.30400E+06   0.00000E+00  0.00000E+00 0.00000
            12   3.00000E+06   0.00000E+00  0.00000E+00 0.00000
            13   2.47900E+06   0.00000E+00  0.00000E+00 0.00000
            14   2.35400E+06   0.00000E+00  0.00000E+00 0.00000
            15   1.85000E+06   0.00000E+00  0.00000E+00 0.00000
            16   1.50000E+06   0.00000E+00  0.00000E+00 0.00000
            17   1.40000E+06   0.00000E+00  0.00000E+00 0.00000
            18   1.35600E+06   0.00000E+00  0.00000E+00 0.00000
            19   1.31700E+06   0.00000E+00  0.00000E+00 0.00000
            20   1.25000E+06   0.00000E+00  0.00000E+00 0.00000
            21   1.20000E+06   0.00000E+00  0.00000E+00 0.00000
            22   1.10000E+06   0.00000E+00  0.00000E+00 0.00000
            23   1.01000E+06   0.00000E+00  0.00000E+00 0.00000
            24   9.20000E+05   0.00000E+00  0.00000E+00 0.00000
            25   9.00000E+05   0.00000E+00  0.00000E+00 0.00000
            26   8.75000E+05   0.00000E+00  0.00000E+00 0.00000
            27   8.61100E+05   0.00000E+00  0.00000E+00 0.00000
            28   8.20000E+05   0.00000E+00  0.00000E+00 0.00000
            29   7.50000E+05   0.00000E+00  0.00000E+00 0.00000
            30   6.79000E+05   0.00000E+00  0.00000E+00 0.00000
            31   6.70000E+05   0.00000E+00  0.00000E+00 0.00000
            32   6.00000E+05   0.00000E+00  0.00000E+00 0.00000
            33   5.73000E+05   0.00000E+00  0.00000E+00 0.00000
            34   5.50000E+05   0.00000E+00  0.00000E+00 0.00000
            35   4.92000E+05   0.00000E+00  0.00000E+00 0.00000
            36   4.70000E+05   0.00000E+00  0.00000E+00 0.00000
            37   4.40000E+05   0.00000E+00  0.00000E+00 0.00000
            38   4.20000E+05   0.00000E+00  0.00000E+00 0.00000
            39   4.00000E+05   0.00000E+00  0.00000E+00 0.00000
            40   3.30000E+05   0.00000E+00  0.00000E+00 0.00000
            41   2.70000E+05   0.00000E+00  0.00000E+00 0.00000
            42   2.00000E+05   0.00000E+00  0.00000E+00 0.00000
            43   1.49000E+05   0.00000E+00  0.00000E+00 0.00000
            44   1.28300E+05   0.00000E+00  0.00000E+00 0.00000
            45   1.00000E+05   0.00000E+00  0.00000E+00 0.00000
            46   8.50000E+04   0.00000E+00  0.00000E+00 0.00000
            47   8.20000E+04   0.00000E+00  0.00000E+00 0.00000
            48   7.50000E+04   0.00000E+00  0.00000E+00 0.00000
            49   7.30000E+04   0.00000E+00  0.00000E+00 0.00000
            50   6.00000E+04   0.00000E+00  0.00000E+00 0.00000
            51   5.20000E+04   0.00000E+00  0.00000E+00 0.00000
            52   5.00000E+04   0.00000E+00  0.00000E+00 0.00000
            53   4.50000E+04   0.00000E+00  0.00000E+00 0.00000
            54   3.00000E+04   0.00000E+00  0.00000E+00 0.00000
            55   2.00000E+04   0.00000E+00  0.00000E+00 0.00000
            56   1.70000E+04   0.00000E+00  0.00000E+00 0.00000
            57   1.30000E+04   0.00000E+00  0.00000E+00 0.00000
            58   9.50000E+03   0.00000E+00  0.00000E+00 0.00000
            59   8.03000E+03   0.00000E+00  0.00000E+00 0.00000
            60   5.70000E+03   0.00000E+00  0.00000E+00 0.00000
            61   3.90000E+03   0.00000E+00  0.00000E+00 0.00000
            62   3.74000E+03   0.00000E+00  0.00000E+00 0.00000
            63   3.00000E+03   0.00000E+00  0.00000E+00 0.00000
            64   2.50000E+03   0.00000E+00  0.00000E+00 0.00000
            65   2.25000E+03   0.00000E+00  0.00000E+00 0.00000
            66   2.20000E+03   0.00000E+00  0.00000E+00 0.00000
            67   1.80000E+03   0.00000E+00  0.00000E+00 0.00000
            68   1.55000E+03   0.00000E+00  0.00000E+00 0.00000
            69   1.50000E+03   0.00000E+00  0.00000E+00 0.00000
            70   1.15000E+03   0.00000E+00  0.00000E+00 0.00000
            71   9.50000E+02   0.00000E+00  0.00000E+00 0.00000
            72   6.83000E+02   0.00000E+00  0.00000E+00 0.00000
            73   6.70000E+02   0.00000E+00  0.00000E+00 0.00000
            74   5.50000E+02   0.00000E+00  0.00000E+00 0.00000
            75   3.05000E+02   0.00000E+00  0.00000E+00 0.00000
            76   2.85000E+02   0.00000E+00  0.00000E+00 0.00000
            77   2.40000E+02   0.00000E+00  0.00000E+00 0.00000
            78   2.20000E+02   0.00000E+00  0.00000E+00 0.00000
            79   2.09500E+02   0.00000E+00  0.00000E+00 0.00000
            80   2.07400E+02   0.00000E+00  0.00000E+00 0.00000
            81   2.02000E+02   0.00000E+00  0.00000E+00 0.00000
            82   1.93000E+02   0.00000E+00  0.00000E+00 0.00000
            83   1.91500E+02   0.00000E+00  0.00000E+00 0.00000
            84   1.88500E+02   0.00000E+00  0.00000E+00 0.00000
            85   1.87700E+02   0.00000E+00  0.00000E+00 0.00000
            86   1.80000E+02   0.00000E+00  0.00000E+00 0.00000
            87   1.70000E+02   0.00000E+00  0.00000E+00 0.00000
            88   1.43000E+02   0.00000E+00  0.00000E+00 0.00000
            89   1.22000E+02   0.00000E+00  0.00000E+00 0.00000
            90   1.19000E+02   0.00000E+00  0.00000E+00 0.00000
            91   1.17500E+02   0.00000E+00  0.00000E+00 0.00000
            92   1.16000E+02   0.00000E+00  0.00000E+00 0.00000
            93   1.13000E+02   0.00000E+00  0.00000E+00 0.00000
            94   1.08000E+02   0.00000E+00  0.00000E+00 0.00000
            95   1.05000E+02   0.00000E+00  0.00000E+00 0.00000
            96   1.01200E+02   0.00000E+00  0.00000E+00 0.00000
            97   9.70000E+01   0.00000E+00  0.00000E+00 0.00000
            98   9.00000E+01   0.00000E+00  0.00000E+00 0.00000
            99   8.17000E+01   0.00000E+00  0.00000E+00 0.00000
           100   8.00000E+01   0.00000E+00  0.00000E+00 0.00000
           101   7.60000E+01   0.00000E+00  0.00000E+00 0.00000
           102   7.20000E+01   0.00000E+00  0.00000E+00 0.00000
           103   6.75000E+01   0.00000E+00  0.00000E+00 0.00000
           104   6.50000E+01   0.00000E+00  0.00000E+00 0.00000
           105   6.30000E+01   0.00000E+00  0.00000E+00 0.00000
           106   6.10000E+01   0.00000E+00  0.00000E+00 0.00000
           107   5.80000E+01   0.00000E+00  0.00000E+00 0.00000
           108   5.34000E+01   0.00000E+00  0.00000E+00 0.00000
           109   5.06000E+01   0.00000E+00  0.00000E+00 0.00000
           110   4.83000E+01   0.00000E+00  0.00000E+00 0.00000
           111   4.52000E+01   0.00000E+00  0.00000E+00 0.00000
           112   4.40000E+01   0.00000E+00  0.00000E+00 0.00000
           113   4.24000E+01   0.00000E+00  0.00000E+00 0.00000
           114   4.10000E+01   0.00000E+00  0.00000E+00 0.00000
           115   3.96000E+01   0.00000E+00  0.00000E+00 0.00000
           116   3.91000E+01   0.00000E+00  0.00000E+00 0.00000
           117   3.80000E+01   0.00000E+00  0.00000E+00 0.00000
           118   3.76300E+01   0.00000E+00  0.00000E+00 0.00000
           119   3.72700E+01   0.00000E+00  0.00000E+00 0.00000
           120   3.71300E+01   0.00000E+00  0.00000E+00 0.00000
           121   3.70000E+01   0.00000E+00  0.00000E+00 0.00000
           122   3.60000E+01   0.00000E+00  0.00000E+00 0.00000
           123   3.55000E+01   0.00000E+00  0.00000E+00 0.00000
           124   3.50000E+01   0.00000E+00  0.00000E+00 0.00000
           125   3.37500E+01   0.00000E+00  0.00000E+00 0.00000
           126   3.32500E+01   0.00000E+00  0.00000E+00 0.00000
           127   3.17500E+01   0.00000E+00  0.00000E+00 0.00000
           128   3.12500E+01   0.00000E+00  0.00000E+00 0.00000
           129   3.00000E+01   0.00000E+00  0.00000E+00 0.00000
           130   2.75000E+01   0.00000E+00  0.00000E+00 0.00000
           131   2.50000E+01   0.00000E+00  0.00000E+00 0.00000
           132   2.25000E+01   0.00000E+00  0.00000E+00 0.00000
           133   2.17500E+01   0.00000E+00  0.00000E+00 0.00000
           134   2.12000E+01   0.00000E+00  0.00000E+00 0.00000
           135   2.05000E+01   0.00000E+00  0.00000E+00 0.00000
           136   2.00000E+01   0.00000E+00  0.00000E+00 0.00000
           137   1.94000E+01   0.00000E+00  0.00000E+00 0.00000
           138   1.85000E+01   0.00000E+00  0.00000E+00 0.00000
           139   1.70000E+01   0.00000E+00  0.00000E+00 0.00000
           140   1.60000E+01   0.00000E+00  0.00000E+00 0.00000
           141   1.44000E+01   0.00000E+00  0.00000E+00 0.00000
           142   1.29000E+01   0.00000E+00  0.00000E+00 0.00000
           143   1.19000E+01   0.00000E+00  0.00000E+00 0.00000
           144   1.15000E+01   0.00000E+00  0.00000E+00 0.00000
           145   1.00000E+01   0.00000E+00  0.00000E+00 0.00000
           146   9.10000E+00   0.00000E+00  0.00000E+00 0.00000
           147   8.10000E+00   0.00000E+00  0.00000E+00 0.00000
           148   7.15000E+00   0.00000E+00  0.00000E+00 0.00000
           149   7.00000E+00   0.00000E+00  0.00000E+00 0.00000
           150   6.87500E+00   0.00000E+00  0.00000E+00 0.00000
           151   6.75000E+00   0.00000E+00  0.00000E+00 0.00000
           152   6.50000E+00   0.00000E+00  0.00000E+00 0.00000
           153   6.25000E+00   0.00000E+00  0.00000E+00 0.00000
           154   6.00000E+00   0.00000E+00  0.00000E+00 0.00000
           155   5.40000E+00   0.00000E+00  0.00000E+00 0.00000
           156   5.00000E+00   0.00000E+00  0.00000E+00 0.00000
           157   4.70000E+00   0.00000E+00  0.00000E+00 0.00000
           158   4.10000E+00   0.00000E+00  0.00000E+00 0.00000
           159   3.73000E+00   0.00000E+00  0.00000E+00 0.00000
           160   3.50000E+00   0.00000E+00  0.00000E+00 0.00000
           161   3.20000E+00   0.00000E+00  0.00000E+00 0.00000
           162   3.10000E+00   0.00000E+00  0.00000E+00 0.00000
           163   3.00000E+00   0.00000E+00  0.00000E+00 0.00000
           164   2.97000E+00   0.00000E+00  0.00000E+00 0.00000
           165   2.87000E+00   0.00000E+00  0.00000E+00 0.00000
           166   2.77000E+00   0.00000E+00  0.00000E+00 0.00000
           167   2.67000E+00   0.00000E+00  0.00000E+00 0.00000
           168   2.57000E+00   0.00000E+00  0.00000E+00 0.00000
           169   2.47000E+00   0.00000E+00  0.00000E+00 0.00000
           170   2.38000E+00   0.00000E+00  0.00000E+00 0.00000
           171   2.30000E+00   0.00000E+00  0.00000E+00 0.00000
           172   2.21000E+00   0.00000E+00  0.00000E+00 0.00000
           173   2.12000E+00   0.00000E+00  0.00000E+00 0.00000
           174   2.00000E+00   0.00000E+00  0.00000E+00 0.00000
           175   1.94000E+00   0.00000E+00  0.00000E+00 0.00000
           176   1.86000E+00   0.00000E+00  0.00000E+00 0.00000
           177   1.77000E+00   0.00000E+00  0.00000E+00 0.00000
           178   1.68000E+00   0.00000E+00  0.00000E+00 0.00000
           179   1.59000E+00   0.00000E+00  0.00000E+00 0.00000
           180   1.50000E+00   0.00000E+00  0.00000E+00 0.00000
           181   1.45000E+00   0.00000E+00  0.00000E+00 0.00000
           182   1.40000E+00   0.00000E+00  0.00000E+00 0.00000
           183   1.35000E+00   0.00000E+00  0.00000E+00 0.00000
           184   1.30000E+00   0.00000E+00  0.00000E+00 0.00000
           185   1.25000E+00   0.00000E+00  0.00000E+00 0.00000
           186   1.22500E+00   0.00000E+00  0.00000E+00 0.00000
           187   1.20000E+00   0.00000E+00  0.00000E+00 0.00000
           188   1.17500E+00   0.00000E+00  0.00000E+00 0.00000
           189   1.15000E+00   0.00000E+00  0.00000E+00 0.00000
           190   1.14000E+00   0.00000E+00  0.00000E+00 0.00000
           191   1.13000E+00   0.00000E+00  0.00000E+00 0.00000
           192   1.12000E+00   0.00000E+00  0.00000E+00 0.00000
           193   1.11000E+00   0.00000E+00  0.00000E+00 0.00000
           194   1.10000E+00   0.00000E+00  0.00000E+00 0.00000
           195   1.09000E+00   0.00000E+00  0.00000E+00 0.00000
           196   1.08000E+00   0.00000E+00  0.00000E+00 0.00000
           197   1.07000E+00   0.00000E+00  0.00000E+00 0.00000
           198   1.06000E+00   0.00000E+00  0.00000E+00 0.00000
           199   1.05000E+00   0.00000E+00  0.00000E+00 0.00000
           200   1.04000E+00   0.00000E+00  0.00000E+00 0.00000
           201   1.03000E+00   0.00000E+00  0.00000E+00 0.00000
           202   1.02000E+00   0.00000E+00  0.00000E+00 0.00000
           203   1.01000E+00   0.00000E+00  0.00000E+00 0.00000
           204   1.00000E+00   0.00000E+00  0.00000E+00 0.00000
           205   9.75000E-01   0.00000E+00  0.00000E+00 0.00000
           206   9.50000E-01   0.00000E+00  0.00000E+00 0.00000
           207   9.25000E-01   0.00000E+00  0.00000E+00 0.00000
           208   9.00000E-01   0.00000E+00  0.00000E+00 0.00000
           209   8.50000E-01   0.00000E+00  0.00000E+00 0.00000
           210   8.00000E-01   0.00000E+00  0.00000E+00 0.00000
           211   7.50000E-01   0.00000E+00  0.00000E+00 0.00000
           212   7.00000E-01   0.00000E+00  0.00000E+00 0.00000
           213   6.50000E-01   0.00000E+00  0.00000E+00 0.00000
           214   6.25000E-01   0.00000E+00  0.00000E+00 0.00000
           215   6.00000E-01   0.00000E+00  0.00000E+00 0.00000
           216   5.50000E-01   0.00000E+00  0.00000E+00 0.00000
           217   5.00000E-01   0.00000E+00  0.00000E+00 0.00000
           218   4.50000E-01   0.00000E+00  0.00000E+00 0.00000
           219   4.00000E-01   0.00000E+00  0.00000E+00 0.00000
           220   3.75000E-01   0.00000E+00  0.00000E+00 0.00000
           221   3.50000E-01   0.00000E+00  0.00000E+00 0.00000
           222   3.25000E-01   0.00000E+00  0.00000E+00 0.00000
           223   3.00000E-01   0.00000E+00  0.00000E+00 0.00000
           224   2.75000E-01   0.00000E+00  0.00000E+00 0.00000
           225   2.50000E-01   0.00000E+00  0.00000E+00 0.00000
           226   2.25000E-01   0.00000E+00  0.00000E+00 0.00000
           227   2.00000E-01   0.00000E+00  0.00000E+00 0.00000
           228   1.75000E-01   0.00000E+00  0.00000E+00 0.00000
           229   1.50000E-01   0.00000E+00  0.00000E+00 0.00000
           230   1.25000E-01   0.00000E+00  0.00000E+00 0.00000
           231   1.00000E-01   0.00000E+00  0.00000E+00 0.00000
           232   9.00000E-02   0.00000E+00  0.00000E+00 0.00000
           233   8.00000E-02   0.00000E+00  0.00000E+00 0.00000
           234   7.00000E-02   0.00000E+00  0.00000E+00 0.00000
           235   6.00000E-02   0.00000E+00  0.00000E+00 0.00000
           236   5.00000E-02   0.00000E+00  0.00000E+00 0.00000
           237   4.00000E-02   0.00000E+00  0.00000E+00 0.00000
           238   3.00000E-02   0.00000E+00  0.00000E+00 0.00000
           239   2.53000E-02   0.00000E+00  0.00000E+00 0.00000
           240   1.00000E-02   0.00000E+00  0.00000E+00 0.00000
           241   7.50000E-03   0.00000E+00  0.00000E+00 0.00000
           242   5.00000E-03   0.00000E+00  0.00000E+00 0.00000
           243   4.00000E-03   0.00000E+00  0.00000E+00 0.00000
           244   3.00000E-03   0.00000E+00  0.00000E+00 0.00000
           245   2.50000E-03   0.00000E+00  0.00000E+00 0.00000
           246   2.00000E-03   0.00000E+00  0.00000E+00 0.00000
           247   1.50000E-03   0.00000E+00  0.00000E+00 0.00000
           248   1.20000E-03   0.00000E+00  0.00000E+00 0.00000
           249   1.00000E-03   0.00000E+00  0.00000E+00 0.00000
           250   7.50000E-04   0.00000E+00  0.00000E+00 0.00000
           251   5.00000E-04   0.00000E+00  0.00000E+00 0.00000
           252   1.00000E-04   0.00000E+00  0.00000E+00 0.00000
         -----  ------------  ------------ ------------ -------

         Total Response - over all energy groups and time bins

                upper energy
         group      (eV)             value  uncertainty     rel
         -----  ------------  ------------ ------------ -------
         total                 2.63976E-06  1.01797E-08 0.00386
         -----  ------------  ------------ ------------ -------

         Response: 132 (using track-length fluxes)
              Au-197 (n,gamma) 198-Au Foil Macro

             for time bin 1 ( 0.0000000E+00 to  1.0000000E+06 sec)

                upper energy
         group      (eV)             value  uncertainty     rel
         -----  ------------  ------------ ------------ -------
             1   2.00000E+07   0.00000E+00  0.00000E+00 0.00000
             2   1.73300E+07   0.00000E+00  0.00000E+00 0.00000
             3   1.56800E+07   0.00000E+00  0.00000E+00 0.00000
             4   1.45500E+07   1.36034E-09  5.49866E-12 0.00404
             5   1.38400E+07   1.21890E-10  1.84870E-12 0.01517
             6   1.28400E+07   1.21460E-10  1.68058E-12 0.01384
             7   1.00000E+07   6.48478E-11  1.15158E-12 0.01776
             8   8.18700E+06   1.96268E-10  2.43696E-12 0.01242
             9   6.43400E+06   8.36354E-10  8.43845E-12 0.01009
            10   4.80000E+06   6.64446E-10  9.86520E-12 0.01485
            11   4.30400E+06   5.66424E-09  3.54321E-11 0.00626
            12   3.00000E+06   7.84276E-09  5.22871E-11 0.00667
            13   2.47900E+06   3.15364E-09  3.72011E-11 0.01180
            14   2.35400E+06   2.25323E-08  1.21954E-10 0.00541
            15   1.85000E+06   3.04385E-08  1.65146E-10 0.00543
            16   1.50000E+06   1.16013E-08  1.02035E-10 0.00880
            17   1.40000E+06   5.53989E-09  6.72322E-11 0.01214
            18   1.35600E+06   5.11364E-09  6.67621E-11 0.01306
            19   1.31700E+06   9.09647E-09  8.86894E-11 0.00975
            20   1.25000E+06   7.28442E-09  7.58098E-11 0.01041
            21   1.20000E+06   1.70993E-08  1.30951E-10 0.00766
            22   1.10000E+06   1.79138E-08  1.27032E-10 0.00709
            23   1.01000E+06   2.11836E-08  1.59177E-10 0.00751
            24   9.20000E+05   5.11073E-09  7.52257E-11 0.01472
            25   9.00000E+05   6.37167E-09  7.21882E-11 0.01133
            26   8.75000E+05   3.60536E-09  5.96748E-11 0.01655
            27   8.61100E+05   1.05511E-08  9.10584E-11 0.00863
            28   8.20000E+05   1.99655E-08  1.38147E-10 0.00692
            29   7.50000E+05   2.34795E-08  1.67440E-10 0.00713
            30   6.79000E+05   2.99100E-09  4.68319E-11 0.01566
            31   6.70000E+05   2.44957E-08  1.63832E-10 0.00669
            32   6.00000E+05   1.08336E-08  1.20718E-10 0.01114
            33   5.73000E+05   9.95255E-09  1.02590E-10 0.01031
            34   5.50000E+05   2.72803E-08  1.81548E-10 0.00665
            35   4.92000E+05   1.18235E-08  1.14335E-10 0.00967
            36   4.70000E+05   1.56948E-08  1.27929E-10 0.00815
            37   4.40000E+05   1.06705E-08  1.14444E-10 0.01073
            38   4.20000E+05   1.21971E-08  1.22280E-10 0.01003
            39   4.00000E+05   4.95544E-08  2.68973E-10 0.00543
            40   3.30000E+05   4.83603E-08  2.90625E-10 0.00601
            41   2.70000E+05   6.87193E-08  3.67598E-10 0.00535
            42   2.00000E+05   5.43092E-08  3.22065E-10 0.00593
            43   1.49000E+05   2.62821E-08  2.18211E-10 0.00830
            44   1.28300E+05   3.36086E-08  2.82983E-10 0.00842
            45   1.00000E+05   1.50815E-08  1.40555E-10 0.00932
            46   8.50000E+04   3.48968E-09  6.05303E-11 0.01735
            47   8.20000E+04   1.20774E-08  1.37839E-10 0.01141
            48   7.50000E+04   3.60888E-09  6.92015E-11 0.01918
            49   7.30000E+04   2.02966E-08  2.32932E-10 0.01148
            50   6.00000E+04   1.22367E-08  1.92446E-10 0.01573
            51   5.20000E+04   2.94212E-09  7.72536E-11 0.02626
            52   5.00000E+04   7.23463E-09  1.61182E-10 0.02228
            53   4.50000E+04   2.26178E-08  2.44586E-10 0.01081
            54   3.00000E+04   1.94202E-08  2.84500E-10 0.01465
            55   2.00000E+04   5.83076E-09  1.62765E-10 0.02791
            56   1.70000E+04   9.61964E-09  2.58279E-10 0.02685
            57   1.30000E+04   9.55406E-09  2.84212E-10 0.02975
            58   9.50000E+03   4.38644E-09  1.94356E-10 0.04431
            59   8.03000E+03   6.55012E-09  2.31331E-10 0.03532
            60   5.70000E+03   3.26053E-09  1.65300E-10 0.05070
            61   3.90000E+03   2.79180E-10  5.02970E-11 0.18016
            62   3.74000E+03   9.23649E-10  8.24835E-11 0.08930
            63   3.00000E+03   5.72560E-10  5.64664E-11 0.09862
            64   2.50000E+03   2.59379E-10  3.31928E-11 0.12797
            65   2.25000E+03   7.68619E-11  1.36560E-11 0.17767
            66   2.20000E+03   6.57771E-10  8.57713E-11 0.13040
            67   1.80000E+03   3.48379E-10  5.08775E-11 0.14604
            68   1.55000E+03   3.09220E-11  7.58593E-12 0.24533
            69   1.50000E+03   5.95990E-10  7.30877E-11 0.12263
            70   1.15000E+03   5.60822E-10  1.12482E-10 0.20057
            71   9.50000E+02   6.86979E-10  9.71263E-11 0.14138
            72   6.83000E+02   2.31665E-12  8.32370E-13 0.35930
            73   6.70000E+02   3.53084E-10  7.54207E-11 0.21361
            74   5.50000E+02   1.07912E-09  3.65712E-10 0.33890
            75   3.05000E+02   2.78396E-10  9.66564E-11 0.34719
            76   2.85000E+02   2.78146E-10  7.50671E-11 0.26988
            77   2.40000E+02   3.15754E-11  1.44724E-11 0.45835
            78   2.20000E+02   2.94975E-12  1.01157E-12 0.34294
            79   2.09500E+02   5.05611E-13  3.38600E-13 0.66968
            80   2.07400E+02   1.09028E-12  4.19606E-13 0.38486
            81   2.02000E+02   1.03513E-11  4.13198E-12 0.39917
            82   1.93000E+02   1.14952E-11  9.72526E-12 0.84602
            83   1.91500E+02   1.12826E-10  7.53230E-11 0.66761
            84   1.88500E+02   1.53395E-12  1.53395E-12 1.00000
            85   1.87700E+02   8.13172E-12  3.84407E-12 0.47272
            86   1.80000E+02   4.74336E-12  1.85262E-12 0.39057
            87   1.70000E+02   3.69935E-10  1.29540E-10 0.35017
            88   1.43000E+02   2.00931E-11  6.41542E-12 0.31928
            89   1.22000E+02   1.51498E-11  5.66991E-12 0.37426
            90   1.19000E+02   2.68667E-13  1.67831E-13 0.62468
            91   1.17500E+02   2.45279E-12  2.09781E-12 0.85527
            92   1.16000E+02   1.25163E-12  8.70869E-13 0.69579
            93   1.13000E+02   6.97352E-12  3.16386E-12 0.45370
            94   1.08000E+02   1.97012E-10  1.36477E-10 0.69274
            95   1.05000E+02   5.20405E-12  2.42268E-12 0.46554
            96   1.01200E+02   2.14630E-12  8.12331E-13 0.37848
            97   9.70000E+01   4.32669E-12  1.43420E-12 0.33148
            98   9.00000E+01   1.14292E-11  3.70255E-12 0.32396
            99   8.17000E+01   9.14364E-12  3.47959E-12 0.38055
           100   8.00000E+01   1.51386E-10  5.99539E-11 0.39603
           101   7.60000E+01   1.72410E-11  8.15152E-12 0.47280
           102   7.20000E+01   1.02039E-11  3.71356E-12 0.36393
           103   6.75000E+01   2.27762E-11  1.67800E-11 0.73673
           104   6.50000E+01   1.84827E-11  1.26582E-11 0.68487
           105   6.30000E+01   2.18627E-10  1.41313E-10 0.64637
           106   6.10000E+01   9.31759E-10  3.90933E-10 0.41956
           107   5.80000E+01   2.42843E-10  1.25922E-10 0.51853
           108   5.34000E+01   3.39678E-11  1.53372E-11 0.45152
           109   5.06000E+01   6.20222E-12  2.51569E-12 0.40561
           110   4.83000E+01   3.19382E-11  2.27700E-11 0.71294
           111   4.52000E+01   2.17330E-12  1.03861E-12 0.47790
           112   4.40000E+01   3.06803E-12  2.66805E-12 0.86963
           113   4.24000E+01   1.32557E-12  7.53915E-13 0.56875
           114   4.10000E+01   2.11464E-12  9.96861E-13 0.47141
           115   3.96000E+01   1.14955E-12  1.01069E-12 0.87921
           116   3.91000E+01   1.55791E-12  9.85257E-13 0.63242
           117   3.80000E+01   4.29671E-13  3.74849E-13 0.87241
           118   3.76300E+01   2.71808E-13  2.71808E-13 1.00000
           119   3.72700E+01   2.16737E-14  2.16737E-14 1.00000
           120   3.71300E+01   3.32083E-13  2.42811E-13 0.73118
           121   3.70000E+01   3.21442E-12  1.80036E-12 0.56009
           122   3.60000E+01   2.18103E-12  1.50430E-12 0.68972
           123   3.55000E+01   5.38090E-12  4.26340E-12 0.79232
           124   3.50000E+01   4.06569E-12  1.91457E-12 0.47091
           125   3.37500E+01   2.19936E-12  1.26652E-12 0.57586
           126   3.32500E+01   2.35221E-12  1.32858E-12 0.56482
           127   3.17500E+01   6.28205E-13  4.19536E-13 0.66783
           128   3.12500E+01   2.83785E-12  1.21594E-12 0.42847
           129   3.00000E+01   1.01627E-11  3.82622E-12 0.37650
           130   2.75000E+01   6.78596E-12  2.59981E-12 0.38312
           131   2.50000E+01   7.15256E-12  3.30072E-12 0.46147
           132   2.25000E+01   2.55420E-12  1.08995E-12 0.42673
           133   2.17500E+01   3.80882E-12  3.43211E-12 0.90110
           134   2.12000E+01   2.28567E-13  1.99437E-13 0.87255
           135   2.05000E+01   2.84247E-13  2.00211E-13 0.70435
           136   2.00000E+01   2.20599E-12  2.10608E-12 0.95471
           137   1.94000E+01   7.24345E-13  6.61477E-13 0.91321
           138   1.85000E+01   1.72954E-12  9.87956E-13 0.57122
           139   1.70000E+01   7.02342E-12  3.29028E-12 0.46847
           140   1.60000E+01   1.77769E-11  9.06944E-12 0.51018
           141   1.44000E+01   3.66926E-11  2.43251E-11 0.66294
           142   1.29000E+01   3.16567E-11  1.59341E-11 0.50334
           143   1.19000E+01   1.96500E-11  1.53853E-11 0.78297
           144   1.15000E+01   1.29105E-10  6.11088E-11 0.47333
           145   1.00000E+01   4.61679E-11  2.56792E-11 0.55621
           146   9.10000E+00   1.06735E-10  7.39729E-11 0.69305
           147   8.10000E+00   2.45998E-10  1.84734E-10 0.75096
           148   7.15000E+00   3.19624E-11  2.26163E-11 0.70759
           149   7.00000E+00   0.00000E+00  0.00000E+00 0.00000
           150   6.87500E+00   6.50476E-10  6.47545E-10 0.99549
           151   6.75000E+00   1.66331E-09  1.49295E-09 0.89758
           152   6.50000E+00   9.16423E-10  5.57348E-10 0.60818
           153   6.25000E+00   1.64670E-09  1.15317E-09 0.70029
           154   6.00000E+00   5.50004E-09  2.71957E-09 0.49446
           155   5.40000E+00   2.52909E-09  1.34009E-09 0.52987
           156   5.00000E+00   2.53563E-09  2.37947E-09 0.93842
           157   4.70000E+00   1.45720E-10  1.45720E-10 1.00000
           158   4.10000E+00   0.00000E+00  0.00000E+00 0.00000
           159   3.73000E+00   7.82970E-11  7.82970E-11 1.00000
           160   3.50000E+00   3.23584E-10  3.04346E-10 0.94055
           161   3.20000E+00   0.00000E+00  0.00000E+00 0.00000
           162   3.10000E+00   1.31658E-10  1.31658E-10 1.00000
           163   3.00000E+00   2.10719E-11  2.10719E-11 1.00000
           164   2.97000E+00   1.82816E-10  1.51365E-10 0.82796
           165   2.87000E+00   0.00000E+00  0.00000E+00 0.00000
           166   2.77000E+00   1.00109E-10  7.82569E-11 0.78172
           167   2.67000E+00   1.05987E-09  8.80737E-10 0.83099
           168   2.57000E+00   1.37314E-10  8.70619E-11 0.63404
           169   2.47000E+00   1.86953E-10  1.60728E-10 0.85973
           170   2.38000E+00   4.25435E-11  4.25435E-11 1.00000
           171   2.30000E+00   7.78397E-11  4.89951E-11 0.62944
           172   2.21000E+00   2.30468E-11  2.30468E-11 1.00000
           173   2.12000E+00   3.20492E-12  3.20492E-12 1.00000
           174   2.00000E+00   2.84944E-11  2.84944E-11 1.00000
           175   1.94000E+00   0.00000E+00  0.00000E+00 0.00000
           176   1.86000E+00   0.00000E+00  0.00000E+00 0.00000
           177   1.77000E+00   0.00000E+00  0.00000E+00 0.00000
           178   1.68000E+00   2.03013E-11  2.03013E-11 1.00000
           179   1.59000E+00   7.53800E-11  7.53800E-11 1.00000
           180   1.50000E+00   0.00000E+00  0.00000E+00 0.00000
           181   1.45000E+00   0.00000E+00  0.00000E+00 0.00000
           182   1.40000E+00   0.00000E+00  0.00000E+00 0.00000
           183   1.35000E+00   0.00000E+00  0.00000E+00 0.00000
           184   1.30000E+00   0.00000E+00  0.00000E+00 0.00000
           185   1.25000E+00   0.00000E+00  0.00000E+00 0.00000
           186   1.22500E+00   0.00000E+00  0.00000E+00 0.00000
           187   1.20000E+00   0.00000E+00  0.00000E+00 0.00000
           188   1.17500E+00   0.00000E+00  0.00000E+00 0.00000
           189   1.15000E+00   0.00000E+00  0.00000E+00 0.00000
           190   1.14000E+00   0.00000E+00  0.00000E+00 0.00000
           191   1.13000E+00   0.00000E+00  0.00000E+00 0.00000
           192   1.12000E+00   0.00000E+00  0.00000E+00 0.00000
           193   1.11000E+00   0.00000E+00  0.00000E+00 0.00000
           194   1.10000E+00   0.00000E+00  0.00000E+00 0.00000
           195   1.09000E+00   0.00000E+00  0.00000E+00 0.00000
           196   1.08000E+00   0.00000E+00  0.00000E+00 0.00000
           197   1.07000E+00   0.00000E+00  0.00000E+00 0.00000
           198   1.06000E+00   0.00000E+00  0.00000E+00 0.00000
           199   1.05000E+00   0.00000E+00  0.00000E+00 0.00000
           200   1.04000E+00   0.00000E+00  0.00000E+00 0.00000
           201   1.03000E+00   0.00000E+00  0.00000E+00 0.00000
           202   1.02000E+00   0.00000E+00  0.00000E+00 0.00000
           203   1.01000E+00   0.00000E+00  0.00000E+00 0.00000
           204   1.00000E+00   0.00000E+00  0.00000E+00 0.00000
           205   9.75000E-01   0.00000E+00  0.00000E+00 0.00000
           206   9.50000E-01   0.00000E+00  0.00000E+00 0.00000
           207   9.25000E-01   0.00000E+00  0.00000E+00 0.00000
           208   9.00000E-01   0.00000E+00  0.00000E+00 0.00000
           209   8.50000E-01   0.00000E+00  0.00000E+00 0.00000
           210   8.00000E-01   0.00000E+00  0.00000E+00 0.00000
           211   7.50000E-01   0.00000E+00  0.00000E+00 0.00000
           212   7.00000E-01   3.91271E-11  3.91271E-11 1.00000
           213   6.50000E-01   0.00000E+00  0.00000E+00 0.00000
           214   6.25000E-01   0.00000E+00  0.00000E+00 0.00000
           215   6.00000E-01   0.00000E+00  0.00000E+00 0.00000
           216   5.50000E-01   0.00000E+00  0.00000E+00 0.00000
           217   5.00000E-01   0.00000E+00  0.00000E+00 0.00000
           218   4.50000E-01   0.00000E+00  0.00000E+00 0.00000
           219   4.00000E-01   0.00000E+00  0.00000E+00 0.00000
           220   3.75000E-01   0.00000E+00  0.00000E+00 0.00000
           221   3.50000E-01   1.61868E-10  1.61868E-10 1.00000
           222   3.25000E-01   0.00000E+00  0.00000E+00 0.00000
           223   3.00000E-01   0.00000E+00  0.00000E+00 0.00000
           224   2.75000E-01   0.00000E+00  0.00000E+00 0.00000
           225   2.50000E-01   0.00000E+00  0.00000E+00 0.00000
           226   2.25000E-01   0.00000E+00  0.00000E+00 0.00000
           227   2.00000E-01   0.00000E+00  0.00000E+00 0.00000
           228   1.75000E-01   0.00000E+00  0.00000E+00 0.00000
           229   1.50000E-01   0.00000E+00  0.00000E+00 0.00000
           230   1.25000E-01   0.00000E+00  0.00000E+00 0.00000
           231   1.00000E-01   0.00000E+00  0.00000E+00 0.00000
           232   9.00000E-02   0.00000E+00  0.00000E+00 0.00000
           233   8.00000E-02   0.00000E+00  0.00000E+00 0.00000
           234   7.00000E-02   0.00000E+00  0.00000E+00 0.00000
           235   6.00000E-02   0.00000E+00  0.00000E+00 0.00000
           236   5.00000E-02   0.00000E+00  0.00000E+00 0.00000
           237   4.00000E-02   0.00000E+00  0.00000E+00 0.00000
           238   3.00000E-02   0.00000E+00  0.00000E+00 0.00000
           239   2.53000E-02   0.00000E+00  0.00000E+00 0.00000
           240   1.00000E-02   0.00000E+00  0.00000E+00 0.00000
           241   7.50000E-03   0.00000E+00  0.00000E+00 0.00000
           242   5.00000E-03   0.00000E+00  0.00000E+00 0.00000
           243   4.00000E-03   0.00000E+00  0.00000E+00 0.00000
           244   3.00000E-03   0.00000E+00  0.00000E+00 0.00000
           245   2.50000E-03   0.00000E+00  0.00000E+00 0.00000
           246   2.00000E-03   0.00000E+00  0.00000E+00 0.00000
           247   1.50000E-03   0.00000E+00  0.00000E+00 0.00000
           248   1.20000E-03   0.00000E+00  0.00000E+00 0.00000
           249   1.00000E-03   0.00000E+00  0.00000E+00 0.00000
           250   7.50000E-04   0.00000E+00  0.00000E+00 0.00000
           251   5.00000E-04   0.00000E+00  0.00000E+00 0.00000
           252   1.00000E-04   0.00000E+00  0.00000E+00 0.00000
         -----  ------------  ------------ ------------ -------

         Total Response - over all energy groups and time bins

                upper energy
         group      (eV)             value  uncertainty     rel
         -----  ------------  ------------ ------------ -------
         total                 8.30417E-07  6.97799E-09 0.00840
         -----  ------------  ------------ ------------ -------


