     Region Tally 100 (neutron)
         tally limited to unit: 1
         tally limited to region: 5
         tally limited to media: 5
         energyBounds:    1 with 252 groups
         timeBounds:      1 with 1 bins
         comment:          Total Zr-90(n,2n) Atoms per cc // Zr-96(n,gamma) per cc
         volume (cm**3)    1.9634954E+00
         using responses: 100 101
         multiplier:         1.0000000E+00

 Details for the final tally

         Neutron Fluxes - for time bin 1 ( 0.0000000E+00 to  1.0000000E+06 sec)

                upper energy        track-length estimator          collision-density estimator   
         group      (eV)             value  uncertainty     rel         value  uncertainty     rel
         -----  ------------  ------------ ------------ -------  ------------ ------------ -------
             1   2.00000E+07   0.00000E+00  0.00000E+00 0.00000   0.00000E+00  0.00000E+00 0.00000
             2   1.73300E+07   0.00000E+00  0.00000E+00 0.00000   0.00000E+00  0.00000E+00 0.00000
             3   1.56800E+07   0.00000E+00  0.00000E+00 0.00000   0.00000E+00  0.00000E+00 0.00000
             4   1.45500E+07   1.95839E-05  6.86407E-08 0.00350   1.95333E-05  1.33201E-07 0.00682
             5   1.38400E+07   1.34845E-06  1.60747E-08 0.01192   1.33847E-06  3.28245E-08 0.02452
             6   1.28400E+07   1.18162E-06  1.37298E-08 0.01162   1.18470E-06  3.10759E-08 0.02623
             7   1.00000E+07   1.04700E-06  1.27208E-08 0.01215   1.04156E-06  2.77606E-08 0.02665
             8   8.18700E+06   1.65210E-06  1.65798E-08 0.01004   1.69602E-06  3.64722E-08 0.02150
             9   6.43400E+06   2.41903E-06  1.99940E-08 0.00827   2.45036E-06  4.26968E-08 0.01742
            10   4.80000E+06   1.22396E-06  1.33259E-08 0.01089   1.20934E-06  2.92793E-08 0.02421
            11   4.30400E+06   5.85381E-06  3.03587E-08 0.00519   5.91397E-06  6.29669E-08 0.01065
            12   3.00000E+06   4.89662E-06  2.65405E-08 0.00542   4.92822E-06  5.18472E-08 0.01052
            13   2.47900E+06   1.57815E-06  1.48489E-08 0.00941   1.55386E-06  2.87120E-08 0.01848
            14   2.35400E+06   8.26150E-06  3.50551E-08 0.00424   8.34586E-06  6.49906E-08 0.00779
            15   1.85000E+06   8.40927E-06  3.57369E-08 0.00425   8.42754E-06  6.34686E-08 0.00753
            16   1.50000E+06   2.92930E-06  2.00943E-08 0.00686   2.90850E-06  3.49551E-08 0.01202
            17   1.40000E+06   1.37505E-06  1.26715E-08 0.00922   1.40513E-06  2.37515E-08 0.01690
            18   1.35600E+06   1.23789E-06  1.17962E-08 0.00953   1.26423E-06  2.31582E-08 0.01832
            19   1.31700E+06   2.18943E-06  1.64098E-08 0.00749   2.19331E-06  2.94240E-08 0.01342
            20   1.25000E+06   1.74371E-06  1.43265E-08 0.00822   1.74894E-06  2.54117E-08 0.01453
            21   1.20000E+06   3.81236E-06  2.22494E-08 0.00584   3.81652E-06  3.79312E-08 0.00994
            22   1.10000E+06   3.92884E-06  2.27021E-08 0.00578   3.90621E-06  3.90823E-08 0.01001
            23   1.01000E+06   4.31285E-06  2.40986E-08 0.00559   4.33112E-06  4.10346E-08 0.00947
            24   9.20000E+05   1.00863E-06  9.93229E-09 0.00985   1.02040E-06  1.90010E-08 0.01862
            25   9.00000E+05   1.29173E-06  1.17130E-08 0.00907   1.28008E-06  1.96926E-08 0.01538
            26   8.75000E+05   7.24100E-07  8.53726E-09 0.01179   7.17650E-07  1.44544E-08 0.02014
            27   8.61100E+05   2.19038E-06  1.57432E-08 0.00719   2.17202E-06  2.59743E-08 0.01196
            28   8.20000E+05   3.84070E-06  2.07896E-08 0.00541   3.83065E-06  3.51539E-08 0.00918
            29   7.50000E+05   4.27354E-06  2.26643E-08 0.00530   4.31052E-06  3.70692E-08 0.00860
            30   6.79000E+05   5.40686E-07  6.67353E-09 0.01234   5.53449E-07  1.19064E-08 0.02151
            31   6.70000E+05   4.21122E-06  2.19135E-08 0.00520   4.20150E-06  3.53871E-08 0.00842
            32   6.00000E+05   1.65411E-06  1.26921E-08 0.00767   1.67442E-06  2.19874E-08 0.01313
            33   5.73000E+05   1.41994E-06  1.22084E-08 0.00860   1.43778E-06  1.97137E-08 0.01371
            34   5.50000E+05   3.69855E-06  2.00205E-08 0.00541   3.70849E-06  3.23421E-08 0.00872
            35   4.92000E+05   1.47141E-06  1.16717E-08 0.00793   1.47546E-06  1.96718E-08 0.01333
            36   4.70000E+05   1.94898E-06  1.38631E-08 0.00711   1.94308E-06  2.19858E-08 0.01131
            37   4.40000E+05   1.21329E-06  9.55792E-09 0.00788   1.25506E-06  1.69741E-08 0.01352
            38   4.20000E+05   1.33772E-06  1.07679E-08 0.00805   1.32947E-06  1.73529E-08 0.01305
            39   4.00000E+05   4.96162E-06  2.23213E-08 0.00450   4.97695E-06  3.60391E-08 0.00724
            40   3.30000E+05   4.15727E-06  1.98390E-08 0.00477   4.15472E-06  3.28054E-08 0.00790
            41   2.70000E+05   4.95416E-06  2.15523E-08 0.00435   4.95979E-06  3.47891E-08 0.00701
            42   2.00000E+05   3.56276E-06  1.77441E-08 0.00498   3.57305E-06  2.81165E-08 0.00787
            43   1.49000E+05   1.58404E-06  1.14524E-08 0.00723   1.59170E-06  1.88619E-08 0.01185
            44   1.28300E+05   1.89894E-06  1.23028E-08 0.00648   1.90015E-06  2.03948E-08 0.01073
            45   1.00000E+05   8.25035E-07  6.90710E-09 0.00837   8.20106E-07  1.14531E-08 0.01397
            46   8.50000E+04   1.79009E-07  2.70806E-09 0.01513   1.83972E-07  5.57780E-09 0.03032
            47   8.20000E+04   5.49382E-07  5.58439E-09 0.01016   5.51105E-07  9.66356E-09 0.01753
            48   7.50000E+04   1.58010E-07  2.55789E-09 0.01619   1.63825E-07  5.24911E-09 0.03204
            49   7.30000E+04   8.69427E-07  7.84596E-09 0.00902   8.50443E-07  1.38233E-08 0.01625
            50   6.00000E+04   4.93617E-07  5.91123E-09 0.01198   4.97064E-07  1.11814E-08 0.02249
            51   5.20000E+04   1.17796E-07  2.99071E-09 0.02539   1.12507E-07  5.28378E-09 0.04696
            52   5.00000E+04   2.69816E-07  3.95847E-09 0.01467   2.61033E-07  7.02414E-09 0.02691
            53   4.50000E+04   7.41302E-07  7.77042E-09 0.01048   7.44976E-07  1.27007E-08 0.01705
            54   3.00000E+04   4.95170E-07  5.84775E-09 0.01181   4.91526E-07  1.09790E-08 0.02234
            55   2.00000E+04   1.30768E-07  3.00619E-09 0.02299   1.35964E-07  5.01609E-09 0.03689
            56   1.70000E+04   1.79528E-07  3.87990E-09 0.02161   1.85562E-07  8.07123E-09 0.04350
            57   1.30000E+04   1.43803E-07  3.64297E-09 0.02533   1.46430E-07  7.38170E-09 0.05041
            58   9.50000E+03   5.58548E-08  2.48184E-09 0.04443   6.08400E-08  4.62910E-09 0.07609
            59   8.03000E+03   7.27376E-08  2.57692E-09 0.03543   7.39771E-08  4.31350E-09 0.05831
            60   5.70000E+03   4.73709E-08  2.13451E-09 0.04506   4.95321E-08  3.94266E-09 0.07960
            61   3.90000E+03   4.98666E-09  5.11824E-10 0.10264   5.39243E-09  1.15608E-09 0.21439
            62   3.74000E+03   2.02643E-08  1.32498E-09 0.06538   2.17185E-08  2.73584E-09 0.12597
            63   3.00000E+03   1.28459E-08  1.29314E-09 0.10067   1.24151E-08  1.72843E-09 0.13922
            64   2.50000E+03   4.96529E-09  5.15072E-10 0.10373   4.88570E-09  1.12089E-09 0.22942
            65   2.25000E+03   1.82596E-09  3.20157E-10 0.17534   2.68281E-09  9.31325E-10 0.34714
            66   2.20000E+03   8.97479E-09  9.61348E-10 0.10712   6.39240E-09  1.42077E-09 0.22226
            67   1.80000E+03   5.58287E-09  8.09224E-10 0.14495   5.82113E-09  1.53328E-09 0.26340
            68   1.55000E+03   9.76489E-10  2.22387E-10 0.22774   6.05490E-10  2.55645E-10 0.42221
            69   1.50000E+03   7.04788E-09  8.48194E-10 0.12035   6.61799E-09  1.65022E-09 0.24935
            70   1.15000E+03   4.59880E-09  6.47218E-10 0.14074   6.94242E-09  2.09977E-09 0.30246
            71   9.50000E+02   9.17258E-09  1.24521E-09 0.13575   9.56664E-09  1.99708E-09 0.20875
            72   6.83000E+02   3.43569E-10  1.05435E-10 0.30688   3.16726E-10  2.13869E-10 0.67525
            73   6.70000E+02   5.75349E-09  1.84033E-09 0.31986   6.19632E-09  2.42666E-09 0.39163
            74   5.50000E+02   1.15718E-08  2.49460E-09 0.21558   1.20752E-08  3.43598E-09 0.28455
            75   3.05000E+02   1.49964E-09  4.35531E-10 0.29042   1.75659E-09  5.82855E-10 0.33181
            76   2.85000E+02   2.78286E-09  5.41901E-10 0.19473   3.00293E-09  9.21565E-10 0.30689
            77   2.40000E+02   1.27553E-09  7.30338E-10 0.57258   8.57868E-10  4.89878E-10 0.57104
            78   2.20000E+02   5.33726E-10  1.56282E-10 0.29281   2.82172E-10  2.05722E-10 0.72907
            79   2.09500E+02   1.07960E-10  6.88705E-11 0.63793   6.39900E-10  6.15445E-10 0.96178
            80   2.07400E+02   2.69705E-10  1.06352E-10 0.39433   5.28964E-10  5.28963E-10 1.00000
            81   2.02000E+02   7.67448E-10  2.42869E-10 0.31646   1.61664E-09  9.18780E-10 0.56833
            82   1.93000E+02   1.04331E-10  4.51433E-11 0.43269   3.24577E-11  3.24577E-11 1.00000
            83   1.91500E+02   1.50517E-10  8.40652E-11 0.55851   1.51656E-10  1.32083E-10 0.87094
            84   1.88500E+02   1.62713E-11  1.62713E-11 1.00000   0.00000E+00  0.00000E+00 0.00000
            85   1.87700E+02   3.18741E-10  9.55806E-11 0.29987   1.10792E-10  5.54159E-11 0.50018
            86   1.80000E+02   6.55674E-10  2.14289E-10 0.32682   8.34844E-10  5.96990E-10 0.71509
            87   1.70000E+02   1.46430E-09  3.59399E-10 0.24544   1.08293E-09  4.11800E-10 0.38026
            88   1.43000E+02   1.15125E-09  3.17144E-10 0.27548   8.45959E-10  4.24703E-10 0.50204
            89   1.22000E+02   2.19849E-10  8.81018E-11 0.40074   4.49358E-10  4.20048E-10 0.93477
            90   1.19000E+02   3.97472E-11  2.35336E-11 0.59208   0.00000E+00  0.00000E+00 0.00000
            91   1.17500E+02   8.40609E-11  6.66555E-11 0.79294   3.95136E-10  2.80039E-10 0.70871
            92   1.16000E+02   1.58944E-10  1.01178E-10 0.63656   6.95314E-11  6.95314E-11 1.00000
            93   1.13000E+02   2.74090E-10  9.06988E-11 0.33091   4.00849E-10  3.67771E-10 0.91748
            94   1.08000E+02   2.88122E-10  1.56604E-10 0.54353   5.99715E-10  5.66221E-10 0.94415
            95   1.05000E+02   3.98278E-10  1.83701E-10 0.46124   0.00000E+00  0.00000E+00 0.00000
            96   1.01200E+02   3.82713E-10  1.09278E-10 0.28553   2.93506E-11  2.93506E-11 1.00000
            97   9.70000E+01   8.85109E-10  2.68752E-10 0.30364   6.93079E-10  4.94665E-10 0.71372
            98   9.00000E+01   9.32381E-10  3.51416E-10 0.37690   6.00144E-10  2.98034E-10 0.49660
            99   8.17000E+01   9.90376E-11  4.01893E-11 0.40580   1.43866E-10  1.43866E-10 1.00000
           100   8.00000E+01   4.12351E-10  1.84815E-10 0.44820   1.50135E-10  1.25641E-10 0.83686
           101   7.60000E+01   6.40239E-10  2.55868E-10 0.39964   3.55331E-10  2.18598E-10 0.61520
           102   7.20000E+01   4.42343E-10  2.32426E-10 0.52544   2.55494E-10  1.80846E-10 0.70783
           103   6.75000E+01   2.65925E-10  2.12761E-10 0.80008   1.13404E-10  1.13404E-10 1.00000
           104   6.50000E+01   2.28917E-10  8.95610E-11 0.39124   0.00000E+00  0.00000E+00 0.00000
           105   6.30000E+01   2.76461E-10  1.54789E-10 0.55989   3.54435E-10  3.23855E-10 0.91372
           106   6.10000E+01   5.85084E-10  2.17129E-10 0.37111   3.35956E-10  2.79215E-10 0.83111
           107   5.80000E+01   4.60105E-10  1.65177E-10 0.35900   5.45836E-11  3.86029E-11 0.70723
           108   5.34000E+01   3.27787E-10  1.06354E-10 0.32446   2.50168E-10  1.66439E-10 0.66531
           109   5.06000E+01   2.81063E-10  1.29600E-10 0.46111   1.37249E-10  1.37249E-10 1.00000
           110   4.83000E+01   4.97949E-10  2.74697E-10 0.55166   5.20746E-10  5.07586E-10 0.97473
           111   4.52000E+01   2.06266E-10  8.97727E-11 0.43523   0.00000E+00  0.00000E+00 0.00000
           112   4.40000E+01   2.02832E-10  1.39655E-10 0.68853   0.00000E+00  0.00000E+00 0.00000
           113   4.24000E+01   1.17224E-10  5.13366E-11 0.43794   1.77166E-10  1.77166E-10 1.00000
           114   4.10000E+01   8.45864E-11  3.97340E-11 0.46974   2.97506E-11  2.97506E-11 1.00000
           115   3.96000E+01   1.10199E-10  8.00501E-11 0.72642   0.00000E+00  0.00000E+00 0.00000
           116   3.91000E+01   1.81423E-10  8.94101E-11 0.49283   3.76897E-10  3.49222E-10 0.92657
           117   3.80000E+01   2.43414E-11  1.49500E-11 0.61418   3.23955E-11  3.23955E-11 1.00000
           118   3.76300E+01   4.17710E-11  3.25607E-11 0.77950   0.00000E+00  0.00000E+00 0.00000
           119   3.72700E+01   6.63960E-12  6.63960E-12 1.00000   0.00000E+00  0.00000E+00 0.00000
           120   3.71300E+01   5.12996E-12  5.12996E-12 1.00000   0.00000E+00  0.00000E+00 0.00000
           121   3.70000E+01   1.12520E-10  6.63254E-11 0.58945   2.94455E-11  2.94455E-11 1.00000
           122   3.60000E+01   1.24782E-10  7.78266E-11 0.62370   0.00000E+00  0.00000E+00 0.00000
           123   3.55000E+01   2.14502E-10  1.16743E-10 0.54425   0.00000E+00  0.00000E+00 0.00000
           124   3.50000E+01   2.51456E-10  1.28103E-10 0.50945   1.69248E-10  1.23831E-10 0.73165
           125   3.37500E+01   3.59237E-11  1.80736E-11 0.50311   0.00000E+00  0.00000E+00 0.00000
           126   3.32500E+01   2.72966E-10  1.19430E-10 0.43753   9.73498E-11  5.69388E-11 0.58489
           127   3.17500E+01   2.57805E-11  1.73412E-11 0.67265   0.00000E+00  0.00000E+00 0.00000
           128   3.12500E+01   2.96188E-10  1.17044E-10 0.39517   1.30957E-10  1.30957E-10 1.00000
           129   3.00000E+01   5.12701E-10  1.58971E-10 0.31007   6.95665E-10  4.31071E-10 0.61965
           130   2.75000E+01   6.59896E-10  2.56437E-10 0.38860   4.10706E-10  3.80609E-10 0.92672
           131   2.50000E+01   3.09224E-10  1.39697E-10 0.45177   5.99785E-11  4.28009E-11 0.71360
           132   2.25000E+01   4.42738E-10  3.70901E-10 0.83774   2.88574E-11  2.88574E-11 1.00000
           133   2.17500E+01   5.99826E-11  5.05513E-11 0.84277   7.17203E-11  7.17203E-11 1.00000
           134   2.12000E+01   1.46924E-11  1.04555E-11 0.71163   0.00000E+00  0.00000E+00 0.00000
           135   2.05000E+01   9.63630E-12  6.45932E-12 0.67031   3.64961E-11  3.64961E-11 1.00000
           136   2.00000E+01   7.72426E-13  7.61364E-13 0.98568   0.00000E+00  0.00000E+00 0.00000
           137   1.94000E+01   1.33171E-11  1.33171E-11 1.00000   0.00000E+00  0.00000E+00 0.00000
           138   1.85000E+01   7.01400E-11  4.46004E-11 0.63588   0.00000E+00  0.00000E+00 0.00000
           139   1.70000E+01   2.28155E-10  1.44431E-10 0.63304   0.00000E+00  0.00000E+00 0.00000
           140   1.60000E+01   3.17750E-10  1.28788E-10 0.40531   4.26922E-10  2.81311E-10 0.65893
           141   1.44000E+01   1.92599E-10  8.97021E-11 0.46575   0.00000E+00  0.00000E+00 0.00000
           142   1.29000E+01   2.61010E-10  1.05114E-10 0.40272   4.47615E-10  2.55702E-10 0.57125
           143   1.19000E+01   1.01822E-10  4.93364E-11 0.48453   0.00000E+00  0.00000E+00 0.00000
           144   1.15000E+01   1.10543E-09  6.56553E-10 0.59394   9.60563E-10  8.96316E-10 0.93312
           145   1.00000E+01   1.89715E-10  9.06063E-11 0.47759   3.37337E-10  3.21039E-10 0.95169
           146   9.10000E+00   2.61977E-10  1.19474E-10 0.45605   0.00000E+00  0.00000E+00 0.00000
           147   8.10000E+00   3.23533E-10  2.22392E-10 0.68739   2.78018E-10  1.98121E-10 0.71262
           148   7.15000E+00   1.16591E-11  8.29391E-12 0.71137   0.00000E+00  0.00000E+00 0.00000
           149   7.00000E+00   0.00000E+00  0.00000E+00 0.00000   0.00000E+00  0.00000E+00 0.00000
           150   6.87500E+00   0.00000E+00  0.00000E+00 0.00000   0.00000E+00  0.00000E+00 0.00000
           151   6.75000E+00   7.77791E-10  7.37275E-10 0.94791   6.70007E-10  6.70007E-10 1.00000
           152   6.50000E+00   2.50259E-10  1.75873E-10 0.70276   2.82506E-10  2.50777E-10 0.88769
           153   6.25000E+00   2.55503E-10  1.35694E-10 0.53109   1.64222E-10  1.64222E-10 1.00000
           154   6.00000E+00   5.26928E-10  3.01569E-10 0.57232   5.55791E-10  4.03737E-10 0.72642
           155   5.40000E+00   1.43090E-10  9.69542E-11 0.67758   0.00000E+00  0.00000E+00 0.00000
           156   5.00000E+00   7.57700E-11  5.25465E-11 0.69350   0.00000E+00  0.00000E+00 0.00000
           157   4.70000E+00   3.86305E-11  2.48840E-11 0.64415   0.00000E+00  0.00000E+00 0.00000
           158   4.10000E+00   6.51397E-12  6.51396E-12 1.00000   0.00000E+00  0.00000E+00 0.00000
           159   3.73000E+00   4.21452E-12  4.21452E-12 1.00000   0.00000E+00  0.00000E+00 0.00000
           160   3.50000E+00   6.03815E-11  5.05996E-11 0.83800   0.00000E+00  0.00000E+00 0.00000
           161   3.20000E+00   3.36989E-11  3.36989E-11 1.00000   0.00000E+00  0.00000E+00 0.00000
           162   3.10000E+00   7.01018E-11  4.25434E-11 0.60688   0.00000E+00  0.00000E+00 0.00000
           163   3.00000E+00   1.97977E-11  1.97977E-11 1.00000   0.00000E+00  0.00000E+00 0.00000
           164   2.97000E+00   1.46518E-10  1.36900E-10 0.93435   0.00000E+00  0.00000E+00 0.00000
           165   2.87000E+00   0.00000E+00  0.00000E+00 0.00000   0.00000E+00  0.00000E+00 0.00000
           166   2.77000E+00   3.28216E-11  2.06646E-11 0.62960   2.32452E-10  2.32452E-10 1.00000
           167   2.67000E+00   1.88538E-10  1.11907E-10 0.59355   2.54526E-11  2.54526E-11 1.00000
           168   2.57000E+00   1.52826E-10  9.94631E-11 0.65083   0.00000E+00  0.00000E+00 0.00000
           169   2.47000E+00   1.12545E-10  7.92138E-11 0.70384   7.32271E-10  7.12496E-10 0.97300
           170   2.38000E+00   9.82313E-11  5.60547E-11 0.57064   2.42692E-10  2.42692E-10 1.00000
           171   2.30000E+00   2.60268E-11  2.11307E-11 0.81188   0.00000E+00  0.00000E+00 0.00000
           172   2.21000E+00   4.45553E-12  4.45553E-12 1.00000   0.00000E+00  0.00000E+00 0.00000
           173   2.12000E+00   6.44477E-13  6.44477E-13 1.00000   0.00000E+00  0.00000E+00 0.00000
           174   2.00000E+00   3.68040E-11  2.70268E-11 0.73435   0.00000E+00  0.00000E+00 0.00000
           175   1.94000E+00   0.00000E+00  0.00000E+00 0.00000   0.00000E+00  0.00000E+00 0.00000
           176   1.86000E+00   0.00000E+00  0.00000E+00 0.00000   0.00000E+00  0.00000E+00 0.00000
           177   1.77000E+00   0.00000E+00  0.00000E+00 0.00000   0.00000E+00  0.00000E+00 0.00000
           178   1.68000E+00   0.00000E+00  0.00000E+00 0.00000   0.00000E+00  0.00000E+00 0.00000
           179   1.59000E+00   0.00000E+00  0.00000E+00 0.00000   0.00000E+00  0.00000E+00 0.00000
           180   1.50000E+00   8.15807E-11  8.15807E-11 1.00000   0.00000E+00  0.00000E+00 0.00000
           181   1.45000E+00   0.00000E+00  0.00000E+00 0.00000   0.00000E+00  0.00000E+00 0.00000
           182   1.40000E+00   0.00000E+00  0.00000E+00 0.00000   0.00000E+00  0.00000E+00 0.00000
           183   1.35000E+00   1.73677E-10  1.73677E-10 1.00000   0.00000E+00  0.00000E+00 0.00000
           184   1.30000E+00   0.00000E+00  0.00000E+00 0.00000   0.00000E+00  0.00000E+00 0.00000
           185   1.25000E+00   0.00000E+00  0.00000E+00 0.00000   0.00000E+00  0.00000E+00 0.00000
           186   1.22500E+00   0.00000E+00  0.00000E+00 0.00000   0.00000E+00  0.00000E+00 0.00000
           187   1.20000E+00   0.00000E+00  0.00000E+00 0.00000   0.00000E+00  0.00000E+00 0.00000
           188   1.17500E+00   0.00000E+00  0.00000E+00 0.00000   0.00000E+00  0.00000E+00 0.00000
           189   1.15000E+00   0.00000E+00  0.00000E+00 0.00000   0.00000E+00  0.00000E+00 0.00000
           190   1.14000E+00   0.00000E+00  0.00000E+00 0.00000   0.00000E+00  0.00000E+00 0.00000
           191   1.13000E+00   0.00000E+00  0.00000E+00 0.00000   0.00000E+00  0.00000E+00 0.00000
           192   1.12000E+00   0.00000E+00  0.00000E+00 0.00000   0.00000E+00  0.00000E+00 0.00000
           193   1.11000E+00   0.00000E+00  0.00000E+00 0.00000   0.00000E+00  0.00000E+00 0.00000
           194   1.10000E+00   0.00000E+00  0.00000E+00 0.00000   0.00000E+00  0.00000E+00 0.00000
           195   1.09000E+00   0.00000E+00  0.00000E+00 0.00000   0.00000E+00  0.00000E+00 0.00000
           196   1.08000E+00   0.00000E+00  0.00000E+00 0.00000   0.00000E+00  0.00000E+00 0.00000
           197   1.07000E+00   0.00000E+00  0.00000E+00 0.00000   0.00000E+00  0.00000E+00 0.00000
           198   1.06000E+00   0.00000E+00  0.00000E+00 0.00000   0.00000E+00  0.00000E+00 0.00000
           199   1.05000E+00   0.00000E+00  0.00000E+00 0.00000   0.00000E+00  0.00000E+00 0.00000
           200   1.04000E+00   0.00000E+00  0.00000E+00 0.00000   0.00000E+00  0.00000E+00 0.00000
           201   1.03000E+00   0.00000E+00  0.00000E+00 0.00000   0.00000E+00  0.00000E+00 0.00000
           202   1.02000E+00   0.00000E+00  0.00000E+00 0.00000   0.00000E+00  0.00000E+00 0.00000
           203   1.01000E+00   0.00000E+00  0.00000E+00 0.00000   0.00000E+00  0.00000E+00 0.00000
           204   1.00000E+00   0.00000E+00  0.00000E+00 0.00000   0.00000E+00  0.00000E+00 0.00000
           205   9.75000E-01   0.00000E+00  0.00000E+00 0.00000   0.00000E+00  0.00000E+00 0.00000
           206   9.50000E-01   0.00000E+00  0.00000E+00 0.00000   0.00000E+00  0.00000E+00 0.00000
           207   9.25000E-01   0.00000E+00  0.00000E+00 0.00000   0.00000E+00  0.00000E+00 0.00000
           208   9.00000E-01   0.00000E+00  0.00000E+00 0.00000   0.00000E+00  0.00000E+00 0.00000
           209   8.50000E-01   0.00000E+00  0.00000E+00 0.00000   0.00000E+00  0.00000E+00 0.00000
           210   8.00000E-01   8.86775E-11  8.86775E-11 1.00000   0.00000E+00  0.00000E+00 0.00000
           211   7.50000E-01   8.35831E-11  8.35831E-11 1.00000   0.00000E+00  0.00000E+00 0.00000
           212   7.00000E-01   1.69698E-11  1.69698E-11 1.00000   0.00000E+00  0.00000E+00 0.00000
           213   6.50000E-01   0.00000E+00  0.00000E+00 0.00000   0.00000E+00  0.00000E+00 0.00000
           214   6.25000E-01   0.00000E+00  0.00000E+00 0.00000   0.00000E+00  0.00000E+00 0.00000
           215   6.00000E-01   0.00000E+00  0.00000E+00 0.00000   0.00000E+00  0.00000E+00 0.00000
           216   5.50000E-01   0.00000E+00  0.00000E+00 0.00000   0.00000E+00  0.00000E+00 0.00000
           217   5.00000E-01   0.00000E+00  0.00000E+00 0.00000   0.00000E+00  0.00000E+00 0.00000
           218   4.50000E-01   0.00000E+00  0.00000E+00 0.00000   0.00000E+00  0.00000E+00 0.00000
           219   4.00000E-01   0.00000E+00  0.00000E+00 0.00000   0.00000E+00  0.00000E+00 0.00000
           220   3.75000E-01   0.00000E+00  0.00000E+00 0.00000   0.00000E+00  0.00000E+00 0.00000
           221   3.50000E-01   6.10487E-11  6.10487E-11 1.00000   0.00000E+00  0.00000E+00 0.00000
           222   3.25000E-01   0.00000E+00  0.00000E+00 0.00000   0.00000E+00  0.00000E+00 0.00000
           223   3.00000E-01   0.00000E+00  0.00000E+00 0.00000   0.00000E+00  0.00000E+00 0.00000
           224   2.75000E-01   0.00000E+00  0.00000E+00 0.00000   0.00000E+00  0.00000E+00 0.00000
           225   2.50000E-01   0.00000E+00  0.00000E+00 0.00000   0.00000E+00  0.00000E+00 0.00000
           226   2.25000E-01   0.00000E+00  0.00000E+00 0.00000   0.00000E+00  0.00000E+00 0.00000
           227   2.00000E-01   0.00000E+00  0.00000E+00 0.00000   0.00000E+00  0.00000E+00 0.00000
           228   1.75000E-01   0.00000E+00  0.00000E+00 0.00000   0.00000E+00  0.00000E+00 0.00000
           229   1.50000E-01   0.00000E+00  0.00000E+00 0.00000   0.00000E+00  0.00000E+00 0.00000
           230   1.25000E-01   0.00000E+00  0.00000E+00 0.00000   0.00000E+00  0.00000E+00 0.00000
           231   1.00000E-01   0.00000E+00  0.00000E+00 0.00000   0.00000E+00  0.00000E+00 0.00000
           232   9.00000E-02   0.00000E+00  0.00000E+00 0.00000   0.00000E+00  0.00000E+00 0.00000
           233   8.00000E-02   0.00000E+00  0.00000E+00 0.00000   0.00000E+00  0.00000E+00 0.00000
           234   7.00000E-02   0.00000E+00  0.00000E+00 0.00000   0.00000E+00  0.00000E+00 0.00000
           235   6.00000E-02   0.00000E+00  0.00000E+00 0.00000   0.00000E+00  0.00000E+00 0.00000
           236   5.00000E-02   0.00000E+00  0.00000E+00 0.00000   0.00000E+00  0.00000E+00 0.00000
           237   4.00000E-02   0.00000E+00  0.00000E+00 0.00000   0.00000E+00  0.00000E+00 0.00000
           238   3.00000E-02   0.00000E+00  0.00000E+00 0.00000   0.00000E+00  0.00000E+00 0.00000
           239   2.53000E-02   0.00000E+00  0.00000E+00 0.00000   0.00000E+00  0.00000E+00 0.00000
           240   1.00000E-02   0.00000E+00  0.00000E+00 0.00000   0.00000E+00  0.00000E+00 0.00000
           241   7.50000E-03   0.00000E+00  0.00000E+00 0.00000   0.00000E+00  0.00000E+00 0.00000
           242   5.00000E-03   0.00000E+00  0.00000E+00 0.00000   0.00000E+00  0.00000E+00 0.00000
           243   4.00000E-03   0.00000E+00  0.00000E+00 0.00000   0.00000E+00  0.00000E+00 0.00000
           244   3.00000E-03   0.00000E+00  0.00000E+00 0.00000   0.00000E+00  0.00000E+00 0.00000
           245   2.50000E-03   0.00000E+00  0.00000E+00 0.00000   0.00000E+00  0.00000E+00 0.00000
           246   2.00000E-03   0.00000E+00  0.00000E+00 0.00000   0.00000E+00  0.00000E+00 0.00000
           247   1.50000E-03   0.00000E+00  0.00000E+00 0.00000   0.00000E+00  0.00000E+00 0.00000
           248   1.20000E-03   0.00000E+00  0.00000E+00 0.00000   0.00000E+00  0.00000E+00 0.00000
           249   1.00000E-03   0.00000E+00  0.00000E+00 0.00000   0.00000E+00  0.00000E+00 0.00000
           250   7.50000E-04   0.00000E+00  0.00000E+00 0.00000   0.00000E+00  0.00000E+00 0.00000
           251   5.00000E-04   0.00000E+00  0.00000E+00 0.00000   0.00000E+00  0.00000E+00 0.00000
           252   1.00000E-04   0.00000E+00  0.00000E+00 0.00000   0.00000E+00  0.00000E+00 0.00000
         -----  ------------  ------------ ------------ -------  ------------ ------------ -------

         Total Neutron Fluxes - over all energy groups and time bins

                upper energy        track-length estimator          collision-density estimator   
         group      (eV)             value  uncertainty     rel         value  uncertainty     rel
         -----  ------------  ------------ ------------ -------  ------------ ------------ -------
                               1.36386E-04  2.17173E-07 0.00159   1.36719E-04  3.07170E-07 0.00225
         -----  ------------  ------------ ------------ -------  ------------ ------------ -------

         Response: 100 (using track-length fluxes)
              Zr-90(n,2n)Zr-89 Foil Macro

             for time bin 1 ( 0.0000000E+00 to  1.0000000E+06 sec)

                upper energy
         group      (eV)             value  uncertainty     rel
         -----  ------------  ------------ ------------ -------
             1   2.00000E+07   0.00000E+00  0.00000E+00 0.00000
             2   1.73300E+07   0.00000E+00  0.00000E+00 0.00000
             3   1.56800E+07   0.00000E+00  0.00000E+00 0.00000
             4   1.45500E+07   2.84801E-07  9.98217E-10 0.00350
             5   1.38400E+07   1.09710E-08  1.30784E-10 0.01192
             6   1.28400E+07   4.67748E-10  5.43496E-12 0.01162
             7   1.00000E+07   0.00000E+00  0.00000E+00 0.00000
             8   8.18700E+06   0.00000E+00  0.00000E+00 0.00000
             9   6.43400E+06   0.00000E+00  0.00000E+00 0.00000
            10   4.80000E+06   0.00000E+00  0.00000E+00 0.00000
            11   4.30400E+06   0.00000E+00  0.00000E+00 0.00000
            12   3.00000E+06   0.00000E+00  0.00000E+00 0.00000
            13   2.47900E+06   0.00000E+00  0.00000E+00 0.00000
            14   2.35400E+06   0.00000E+00  0.00000E+00 0.00000
            15   1.85000E+06   0.00000E+00  0.00000E+00 0.00000
            16   1.50000E+06   0.00000E+00  0.00000E+00 0.00000
            17   1.40000E+06   0.00000E+00  0.00000E+00 0.00000
            18   1.35600E+06   0.00000E+00  0.00000E+00 0.00000
            19   1.31700E+06   0.00000E+00  0.00000E+00 0.00000
            20   1.25000E+06   0.00000E+00  0.00000E+00 0.00000
            21   1.20000E+06   0.00000E+00  0.00000E+00 0.00000
            22   1.10000E+06   0.00000E+00  0.00000E+00 0.00000
            23   1.01000E+06   0.00000E+00  0.00000E+00 0.00000
            24   9.20000E+05   0.00000E+00  0.00000E+00 0.00000
            25   9.00000E+05   0.00000E+00  0.00000E+00 0.00000
            26   8.75000E+05   0.00000E+00  0.00000E+00 0.00000
            27   8.61100E+05   0.00000E+00  0.00000E+00 0.00000
            28   8.20000E+05   0.00000E+00  0.00000E+00 0.00000
            29   7.50000E+05   0.00000E+00  0.00000E+00 0.00000
            30   6.79000E+05   0.00000E+00  0.00000E+00 0.00000
            31   6.70000E+05   0.00000E+00  0.00000E+00 0.00000
            32   6.00000E+05   0.00000E+00  0.00000E+00 0.00000
            33   5.73000E+05   0.00000E+00  0.00000E+00 0.00000
            34   5.50000E+05   0.00000E+00  0.00000E+00 0.00000
            35   4.92000E+05   0.00000E+00  0.00000E+00 0.00000
            36   4.70000E+05   0.00000E+00  0.00000E+00 0.00000
            37   4.40000E+05   0.00000E+00  0.00000E+00 0.00000
            38   4.20000E+05   0.00000E+00  0.00000E+00 0.00000
            39   4.00000E+05   0.00000E+00  0.00000E+00 0.00000
            40   3.30000E+05   0.00000E+00  0.00000E+00 0.00000
            41   2.70000E+05   0.00000E+00  0.00000E+00 0.00000
            42   2.00000E+05   0.00000E+00  0.00000E+00 0.00000
            43   1.49000E+05   0.00000E+00  0.00000E+00 0.00000
            44   1.28300E+05   0.00000E+00  0.00000E+00 0.00000
            45   1.00000E+05   0.00000E+00  0.00000E+00 0.00000
            46   8.50000E+04   0.00000E+00  0.00000E+00 0.00000
            47   8.20000E+04   0.00000E+00  0.00000E+00 0.00000
            48   7.50000E+04   0.00000E+00  0.00000E+00 0.00000
            49   7.30000E+04   0.00000E+00  0.00000E+00 0.00000
            50   6.00000E+04   0.00000E+00  0.00000E+00 0.00000
            51   5.20000E+04   0.00000E+00  0.00000E+00 0.00000
            52   5.00000E+04   0.00000E+00  0.00000E+00 0.00000
            53   4.50000E+04   0.00000E+00  0.00000E+00 0.00000
            54   3.00000E+04   0.00000E+00  0.00000E+00 0.00000
            55   2.00000E+04   0.00000E+00  0.00000E+00 0.00000
            56   1.70000E+04   0.00000E+00  0.00000E+00 0.00000
            57   1.30000E+04   0.00000E+00  0.00000E+00 0.00000
            58   9.50000E+03   0.00000E+00  0.00000E+00 0.00000
            59   8.03000E+03   0.00000E+00  0.00000E+00 0.00000
            60   5.70000E+03   0.00000E+00  0.00000E+00 0.00000
            61   3.90000E+03   0.00000E+00  0.00000E+00 0.00000
            62   3.74000E+03   0.00000E+00  0.00000E+00 0.00000
            63   3.00000E+03   0.00000E+00  0.00000E+00 0.00000
            64   2.50000E+03   0.00000E+00  0.00000E+00 0.00000
            65   2.25000E+03   0.00000E+00  0.00000E+00 0.00000
            66   2.20000E+03   0.00000E+00  0.00000E+00 0.00000
            67   1.80000E+03   0.00000E+00  0.00000E+00 0.00000
            68   1.55000E+03   0.00000E+00  0.00000E+00 0.00000
            69   1.50000E+03   0.00000E+00  0.00000E+00 0.00000
            70   1.15000E+03   0.00000E+00  0.00000E+00 0.00000
            71   9.50000E+02   0.00000E+00  0.00000E+00 0.00000
            72   6.83000E+02   0.00000E+00  0.00000E+00 0.00000
            73   6.70000E+02   0.00000E+00  0.00000E+00 0.00000
            74   5.50000E+02   0.00000E+00  0.00000E+00 0.00000
            75   3.05000E+02   0.00000E+00  0.00000E+00 0.00000
            76   2.85000E+02   0.00000E+00  0.00000E+00 0.00000
            77   2.40000E+02   0.00000E+00  0.00000E+00 0.00000
            78   2.20000E+02   0.00000E+00  0.00000E+00 0.00000
            79   2.09500E+02   0.00000E+00  0.00000E+00 0.00000
            80   2.07400E+02   0.00000E+00  0.00000E+00 0.00000
            81   2.02000E+02   0.00000E+00  0.00000E+00 0.00000
            82   1.93000E+02   0.00000E+00  0.00000E+00 0.00000
            83   1.91500E+02   0.00000E+00  0.00000E+00 0.00000
            84   1.88500E+02   0.00000E+00  0.00000E+00 0.00000
            85   1.87700E+02   0.00000E+00  0.00000E+00 0.00000
            86   1.80000E+02   0.00000E+00  0.00000E+00 0.00000
            87   1.70000E+02   0.00000E+00  0.00000E+00 0.00000
            88   1.43000E+02   0.00000E+00  0.00000E+00 0.00000
            89   1.22000E+02   0.00000E+00  0.00000E+00 0.00000
            90   1.19000E+02   0.00000E+00  0.00000E+00 0.00000
            91   1.17500E+02   0.00000E+00  0.00000E+00 0.00000
            92   1.16000E+02   0.00000E+00  0.00000E+00 0.00000
            93   1.13000E+02   0.00000E+00  0.00000E+00 0.00000
            94   1.08000E+02   0.00000E+00  0.00000E+00 0.00000
            95   1.05000E+02   0.00000E+00  0.00000E+00 0.00000
            96   1.01200E+02   0.00000E+00  0.00000E+00 0.00000
            97   9.70000E+01   0.00000E+00  0.00000E+00 0.00000
            98   9.00000E+01   0.00000E+00  0.00000E+00 0.00000
            99   8.17000E+01   0.00000E+00  0.00000E+00 0.00000
           100   8.00000E+01   0.00000E+00  0.00000E+00 0.00000
           101   7.60000E+01   0.00000E+00  0.00000E+00 0.00000
           102   7.20000E+01   0.00000E+00  0.00000E+00 0.00000
           103   6.75000E+01   0.00000E+00  0.00000E+00 0.00000
           104   6.50000E+01   0.00000E+00  0.00000E+00 0.00000
           105   6.30000E+01   0.00000E+00  0.00000E+00 0.00000
           106   6.10000E+01   0.00000E+00  0.00000E+00 0.00000
           107   5.80000E+01   0.00000E+00  0.00000E+00 0.00000
           108   5.34000E+01   0.00000E+00  0.00000E+00 0.00000
           109   5.06000E+01   0.00000E+00  0.00000E+00 0.00000
           110   4.83000E+01   0.00000E+00  0.00000E+00 0.00000
           111   4.52000E+01   0.00000E+00  0.00000E+00 0.00000
           112   4.40000E+01   0.00000E+00  0.00000E+00 0.00000
           113   4.24000E+01   0.00000E+00  0.00000E+00 0.00000
           114   4.10000E+01   0.00000E+00  0.00000E+00 0.00000
           115   3.96000E+01   0.00000E+00  0.00000E+00 0.00000
           116   3.91000E+01   0.00000E+00  0.00000E+00 0.00000
           117   3.80000E+01   0.00000E+00  0.00000E+00 0.00000
           118   3.76300E+01   0.00000E+00  0.00000E+00 0.00000
           119   3.72700E+01   0.00000E+00  0.00000E+00 0.00000
           120   3.71300E+01   0.00000E+00  0.00000E+00 0.00000
           121   3.70000E+01   0.00000E+00  0.00000E+00 0.00000
           122   3.60000E+01   0.00000E+00  0.00000E+00 0.00000
           123   3.55000E+01   0.00000E+00  0.00000E+00 0.00000
           124   3.50000E+01   0.00000E+00  0.00000E+00 0.00000
           125   3.37500E+01   0.00000E+00  0.00000E+00 0.00000
           126   3.32500E+01   0.00000E+00  0.00000E+00 0.00000
           127   3.17500E+01   0.00000E+00  0.00000E+00 0.00000
           128   3.12500E+01   0.00000E+00  0.00000E+00 0.00000
           129   3.00000E+01   0.00000E+00  0.00000E+00 0.00000
           130   2.75000E+01   0.00000E+00  0.00000E+00 0.00000
           131   2.50000E+01   0.00000E+00  0.00000E+00 0.00000
           132   2.25000E+01   0.00000E+00  0.00000E+00 0.00000
           133   2.17500E+01   0.00000E+00  0.00000E+00 0.00000
           134   2.12000E+01   0.00000E+00  0.00000E+00 0.00000
           135   2.05000E+01   0.00000E+00  0.00000E+00 0.00000
           136   2.00000E+01   0.00000E+00  0.00000E+00 0.00000
           137   1.94000E+01   0.00000E+00  0.00000E+00 0.00000
           138   1.85000E+01   0.00000E+00  0.00000E+00 0.00000
           139   1.70000E+01   0.00000E+00  0.00000E+00 0.00000
           140   1.60000E+01   0.00000E+00  0.00000E+00 0.00000
           141   1.44000E+01   0.00000E+00  0.00000E+00 0.00000
           142   1.29000E+01   0.00000E+00  0.00000E+00 0.00000
           143   1.19000E+01   0.00000E+00  0.00000E+00 0.00000
           144   1.15000E+01   0.00000E+00  0.00000E+00 0.00000
           145   1.00000E+01   0.00000E+00  0.00000E+00 0.00000
           146   9.10000E+00   0.00000E+00  0.00000E+00 0.00000
           147   8.10000E+00   0.00000E+00  0.00000E+00 0.00000
           148   7.15000E+00   0.00000E+00  0.00000E+00 0.00000
           149   7.00000E+00   0.00000E+00  0.00000E+00 0.00000
           150   6.87500E+00   0.00000E+00  0.00000E+00 0.00000
           151   6.75000E+00   0.00000E+00  0.00000E+00 0.00000
           152   6.50000E+00   0.00000E+00  0.00000E+00 0.00000
           153   6.25000E+00   0.00000E+00  0.00000E+00 0.00000
           154   6.00000E+00   0.00000E+00  0.00000E+00 0.00000
           155   5.40000E+00   0.00000E+00  0.00000E+00 0.00000
           156   5.00000E+00   0.00000E+00  0.00000E+00 0.00000
           157   4.70000E+00   0.00000E+00  0.00000E+00 0.00000
           158   4.10000E+00   0.00000E+00  0.00000E+00 0.00000
           159   3.73000E+00   0.00000E+00  0.00000E+00 0.00000
           160   3.50000E+00   0.00000E+00  0.00000E+00 0.00000
           161   3.20000E+00   0.00000E+00  0.00000E+00 0.00000
           162   3.10000E+00   0.00000E+00  0.00000E+00 0.00000
           163   3.00000E+00   0.00000E+00  0.00000E+00 0.00000
           164   2.97000E+00   0.00000E+00  0.00000E+00 0.00000
           165   2.87000E+00   0.00000E+00  0.00000E+00 0.00000
           166   2.77000E+00   0.00000E+00  0.00000E+00 0.00000
           167   2.67000E+00   0.00000E+00  0.00000E+00 0.00000
           168   2.57000E+00   0.00000E+00  0.00000E+00 0.00000
           169   2.47000E+00   0.00000E+00  0.00000E+00 0.00000
           170   2.38000E+00   0.00000E+00  0.00000E+00 0.00000
           171   2.30000E+00   0.00000E+00  0.00000E+00 0.00000
           172   2.21000E+00   0.00000E+00  0.00000E+00 0.00000
           173   2.12000E+00   0.00000E+00  0.00000E+00 0.00000
           174   2.00000E+00   0.00000E+00  0.00000E+00 0.00000
           175   1.94000E+00   0.00000E+00  0.00000E+00 0.00000
           176   1.86000E+00   0.00000E+00  0.00000E+00 0.00000
           177   1.77000E+00   0.00000E+00  0.00000E+00 0.00000
           178   1.68000E+00   0.00000E+00  0.00000E+00 0.00000
           179   1.59000E+00   0.00000E+00  0.00000E+00 0.00000
           180   1.50000E+00   0.00000E+00  0.00000E+00 0.00000
           181   1.45000E+00   0.00000E+00  0.00000E+00 0.00000
           182   1.40000E+00   0.00000E+00  0.00000E+00 0.00000
           183   1.35000E+00   0.00000E+00  0.00000E+00 0.00000
           184   1.30000E+00   0.00000E+00  0.00000E+00 0.00000
           185   1.25000E+00   0.00000E+00  0.00000E+00 0.00000
           186   1.22500E+00   0.00000E+00  0.00000E+00 0.00000
           187   1.20000E+00   0.00000E+00  0.00000E+00 0.00000
           188   1.17500E+00   0.00000E+00  0.00000E+00 0.00000
           189   1.15000E+00   0.00000E+00  0.00000E+00 0.00000
           190   1.14000E+00   0.00000E+00  0.00000E+00 0.00000
           191   1.13000E+00   0.00000E+00  0.00000E+00 0.00000
           192   1.12000E+00   0.00000E+00  0.00000E+00 0.00000
           193   1.11000E+00   0.00000E+00  0.00000E+00 0.00000
           194   1.10000E+00   0.00000E+00  0.00000E+00 0.00000
           195   1.09000E+00   0.00000E+00  0.00000E+00 0.00000
           196   1.08000E+00   0.00000E+00  0.00000E+00 0.00000
           197   1.07000E+00   0.00000E+00  0.00000E+00 0.00000
           198   1.06000E+00   0.00000E+00  0.00000E+00 0.00000
           199   1.05000E+00   0.00000E+00  0.00000E+00 0.00000
           200   1.04000E+00   0.00000E+00  0.00000E+00 0.00000
           201   1.03000E+00   0.00000E+00  0.00000E+00 0.00000
           202   1.02000E+00   0.00000E+00  0.00000E+00 0.00000
           203   1.01000E+00   0.00000E+00  0.00000E+00 0.00000
           204   1.00000E+00   0.00000E+00  0.00000E+00 0.00000
           205   9.75000E-01   0.00000E+00  0.00000E+00 0.00000
           206   9.50000E-01   0.00000E+00  0.00000E+00 0.00000
           207   9.25000E-01   0.00000E+00  0.00000E+00 0.00000
           208   9.00000E-01   0.00000E+00  0.00000E+00 0.00000
           209   8.50000E-01   0.00000E+00  0.00000E+00 0.00000
           210   8.00000E-01   0.00000E+00  0.00000E+00 0.00000
           211   7.50000E-01   0.00000E+00  0.00000E+00 0.00000
           212   7.00000E-01   0.00000E+00  0.00000E+00 0.00000
           213   6.50000E-01   0.00000E+00  0.00000E+00 0.00000
           214   6.25000E-01   0.00000E+00  0.00000E+00 0.00000
           215   6.00000E-01   0.00000E+00  0.00000E+00 0.00000
           216   5.50000E-01   0.00000E+00  0.00000E+00 0.00000
           217   5.00000E-01   0.00000E+00  0.00000E+00 0.00000
           218   4.50000E-01   0.00000E+00  0.00000E+00 0.00000
           219   4.00000E-01   0.00000E+00  0.00000E+00 0.00000
           220   3.75000E-01   0.00000E+00  0.00000E+00 0.00000
           221   3.50000E-01   0.00000E+00  0.00000E+00 0.00000
           222   3.25000E-01   0.00000E+00  0.00000E+00 0.00000
           223   3.00000E-01   0.00000E+00  0.00000E+00 0.00000
           224   2.75000E-01   0.00000E+00  0.00000E+00 0.00000
           225   2.50000E-01   0.00000E+00  0.00000E+00 0.00000
           226   2.25000E-01   0.00000E+00  0.00000E+00 0.00000
           227   2.00000E-01   0.00000E+00  0.00000E+00 0.00000
           228   1.75000E-01   0.00000E+00  0.00000E+00 0.00000
           229   1.50000E-01   0.00000E+00  0.00000E+00 0.00000
           230   1.25000E-01   0.00000E+00  0.00000E+00 0.00000
           231   1.00000E-01   0.00000E+00  0.00000E+00 0.00000
           232   9.00000E-02   0.00000E+00  0.00000E+00 0.00000
           233   8.00000E-02   0.00000E+00  0.00000E+00 0.00000
           234   7.00000E-02   0.00000E+00  0.00000E+00 0.00000
           235   6.00000E-02   0.00000E+00  0.00000E+00 0.00000
           236   5.00000E-02   0.00000E+00  0.00000E+00 0.00000
           237   4.00000E-02   0.00000E+00  0.00000E+00 0.00000
           238   3.00000E-02   0.00000E+00  0.00000E+00 0.00000
           239   2.53000E-02   0.00000E+00  0.00000E+00 0.00000
           240   1.00000E-02   0.00000E+00  0.00000E+00 0.00000
           241   7.50000E-03   0.00000E+00  0.00000E+00 0.00000
           242   5.00000E-03   0.00000E+00  0.00000E+00 0.00000
           243   4.00000E-03   0.00000E+00  0.00000E+00 0.00000
           244   3.00000E-03   0.00000E+00  0.00000E+00 0.00000
           245   2.50000E-03   0.00000E+00  0.00000E+00 0.00000
           246   2.00000E-03   0.00000E+00  0.00000E+00 0.00000
           247   1.50000E-03   0.00000E+00  0.00000E+00 0.00000
           248   1.20000E-03   0.00000E+00  0.00000E+00 0.00000
           249   1.00000E-03   0.00000E+00  0.00000E+00 0.00000
           250   7.50000E-04   0.00000E+00  0.00000E+00 0.00000
           251   5.00000E-04   0.00000E+00  0.00000E+00 0.00000
           252   1.00000E-04   0.00000E+00  0.00000E+00 0.00000
         -----  ------------  ------------ ------------ -------

         Total Response - over all energy groups and time bins

                upper energy
         group      (eV)             value  uncertainty     rel
         -----  ------------  ------------ ------------ -------
         total                 2.96240E-07  1.01853E-09 0.00344
         -----  ------------  ------------ ------------ -------

         Response: 101 (using track-length fluxes)
              Zr-96(n,gamma)Zr-97 Foil Macro

             for time bin 1 ( 0.0000000E+00 to  1.0000000E+06 sec)

                upper energy
         group      (eV)             value  uncertainty     rel
         -----  ------------  ------------ ------------ -------
             1   2.00000E+07   0.00000E+00  0.00000E+00 0.00000
             2   1.73300E+07   0.00000E+00  0.00000E+00 0.00000
             3   1.56800E+07   0.00000E+00  0.00000E+00 0.00000
             4   1.45500E+07   1.41115E-11  4.94604E-14 0.00350
             5   1.38400E+07   8.50803E-13  1.01423E-14 0.01192
             6   1.28400E+07   4.90496E-13  5.69928E-15 0.01162
             7   1.00000E+07   4.72109E-13  5.73604E-15 0.01215
             8   8.18700E+06   1.49628E-12  1.50160E-14 0.01004
             9   6.43400E+06   3.70465E-12  3.06200E-14 0.00827
            10   4.80000E+06   2.72258E-12  2.96422E-14 0.01089
            11   4.30400E+06   1.79129E-11  9.28990E-14 0.00519
            12   3.00000E+06   2.49698E-11  1.35340E-13 0.00542
            13   2.47900E+06   9.99506E-12  9.40439E-14 0.00941
            14   2.35400E+06   7.27954E-11  3.08885E-13 0.00424
            15   1.85000E+06   1.35984E-10  5.77893E-13 0.00425
            16   1.50000E+06   4.29195E-11  2.94418E-13 0.00686
            17   1.40000E+06   1.86582E-11  1.71941E-13 0.00922
            18   1.35600E+06   1.60654E-11  1.53091E-13 0.00953
            19   1.31700E+06   2.68714E-11  2.01401E-13 0.00749
            20   1.25000E+06   2.01307E-11  1.65396E-13 0.00822
            21   1.20000E+06   4.07529E-11  2.37839E-13 0.00584
            22   1.10000E+06   3.82296E-11  2.20903E-13 0.00578
            23   1.01000E+06   3.85914E-11  2.15635E-13 0.00559
            24   9.20000E+05   8.60046E-12  8.46910E-14 0.00985
            25   9.00000E+05   1.08069E-11  9.79928E-14 0.00907
            26   8.75000E+05   5.96343E-12  7.03099E-14 0.01179
            27   8.61100E+05   1.76144E-11  1.26603E-13 0.00719
            28   8.20000E+05   2.95828E-11  1.60131E-13 0.00541
            29   7.50000E+05   3.12508E-11  1.65736E-13 0.00530
            30   6.79000E+05   3.86274E-12  4.76766E-14 0.01234
            31   6.70000E+05   2.94710E-11  1.53355E-13 0.00520
            32   6.00000E+05   1.12883E-11  8.66159E-14 0.00767
            33   5.73000E+05   9.60010E-12  8.25403E-14 0.00860
            34   5.50000E+05   2.46862E-11  1.33628E-13 0.00541
            35   4.92000E+05   9.72386E-12  7.71333E-14 0.00793
            36   4.70000E+05   1.47104E-11  1.04635E-13 0.00711
            37   4.40000E+05   9.12762E-12  7.19047E-14 0.00788
            38   4.20000E+05   1.00372E-11  8.07940E-14 0.00805
            39   4.00000E+05   3.65680E-11  1.64512E-13 0.00450
            40   3.30000E+05   3.55444E-11  1.69622E-13 0.00477
            41   2.70000E+05   4.30243E-11  1.87170E-13 0.00435
            42   2.00000E+05   3.17187E-11  1.57973E-13 0.00498
            43   1.49000E+05   1.42899E-11  1.03314E-13 0.00723
            44   1.28300E+05   1.72547E-11  1.11789E-13 0.00648
            45   1.00000E+05   2.65070E-12  2.21914E-14 0.00837
            46   8.50000E+04   2.17516E-12  3.29059E-14 0.01513
            47   8.20000E+04   1.43090E-12  1.45449E-14 0.01016
            48   7.50000E+04   1.84743E-12  2.99065E-14 0.01619
            49   7.30000E+04   1.03992E-12  9.38458E-15 0.00902
            50   6.00000E+04   3.24853E-12  3.89023E-14 0.01198
            51   5.20000E+04   1.39800E-14  3.54937E-16 0.02539
            52   5.00000E+04   1.40908E-14  2.06726E-16 0.01467
            53   4.50000E+04   4.90660E-12  5.14316E-14 0.01048
            54   3.00000E+04   1.08387E-12  1.28000E-14 0.01181
            55   2.00000E+04   3.74842E-12  8.61715E-14 0.02299
            56   1.70000E+04   1.06207E-11  2.29531E-13 0.02161
            57   1.30000E+04   2.02681E-14  5.13451E-16 0.02533
            58   9.50000E+03   1.24662E-12  5.53922E-14 0.04443
            59   8.03000E+03   7.29325E-12  2.58382E-13 0.03543
            60   5.70000E+03   7.80722E-12  3.51789E-13 0.04506
            61   3.90000E+03   2.19104E-12  2.24885E-13 0.10264
            62   3.74000E+03   2.85666E-14  1.86782E-15 0.06538
            63   3.00000E+03   3.79757E-15  3.82286E-16 0.10067
            64   2.50000E+03   1.17907E-15  1.22311E-16 0.10373
            65   2.25000E+03   3.99969E-16  7.01291E-17 0.17534
            66   2.20000E+03   2.00453E-15  2.14718E-16 0.10712
            67   1.80000E+03   1.40815E-15  2.04107E-16 0.14495
            68   1.55000E+03   2.72738E-16  6.21137E-17 0.22774
            69   1.50000E+03   2.44222E-15  2.93915E-16 0.12035
            70   1.15000E+03   2.40508E-15  3.38482E-16 0.14074
            71   9.50000E+02   4.02220E-13  5.46026E-14 0.13575
            72   6.83000E+02   4.89118E-16  1.50101E-16 0.30688
            73   6.70000E+02   1.15951E-14  3.70885E-15 0.31986
            74   5.50000E+02   1.90924E-12  4.11587E-13 0.21558
            75   3.05000E+02   7.80711E-11  2.26737E-11 0.29042
            76   2.85000E+02   3.42214E-13  6.66387E-14 0.19473
            77   2.40000E+02   2.74442E-14  1.57139E-14 0.57258
            78   2.20000E+02   7.51997E-15  2.20195E-15 0.29281
            79   2.09500E+02   1.29423E-15  8.25620E-16 0.63793
            80   2.07400E+02   2.98968E-15  1.17892E-15 0.39433
            81   2.02000E+02   7.25391E-15  2.29560E-15 0.31646
            82   1.93000E+02   8.83842E-16  3.82431E-16 0.43269
            83   1.91500E+02   1.21708E-15  6.79747E-16 0.55851
            84   1.88500E+02   1.26805E-16  1.26805E-16 1.00000
            85   1.87700E+02   2.32657E-15  6.97668E-16 0.29987
            86   1.80000E+02   4.00776E-15  1.30983E-15 0.32682
            87   1.70000E+02   6.60244E-15  1.62051E-15 0.24544
            88   1.43000E+02   3.65467E-15  1.00678E-15 0.27548
            89   1.22000E+02   5.95931E-16  2.38812E-16 0.40074
            90   1.19000E+02   1.04786E-16  6.20422E-17 0.59208
            91   1.17500E+02   2.17084E-16  1.72136E-16 0.79294
            92   1.16000E+02   4.00315E-16  2.54825E-16 0.63656
            93   1.13000E+02   6.57407E-16  2.17542E-16 0.33091
            94   1.08000E+02   6.59474E-16  3.58446E-16 0.54353
            95   1.05000E+02   8.75644E-16  4.03880E-16 0.46124
            96   1.01200E+02   7.59170E-16  2.16769E-16 0.28553
            97   9.70000E+01   1.65166E-15  5.01507E-16 0.30364
            98   9.00000E+01   1.60615E-15  6.05360E-16 0.37690
            99   8.17000E+01   1.62623E-16  6.59922E-17 0.40580
           100   8.00000E+01   6.58664E-16  2.95212E-16 0.44820
           101   7.60000E+01   9.85373E-16  3.93799E-16 0.39964
           102   7.20000E+01   6.55930E-16  3.44654E-16 0.52544
           103   6.75000E+01   3.81957E-16  3.05596E-16 0.80008
           104   6.50000E+01   3.23061E-16  1.26394E-16 0.39124
           105   6.30000E+01   3.84064E-16  2.15035E-16 0.55989
           106   6.10000E+01   7.98181E-16  2.96211E-16 0.37111
           107   5.80000E+01   6.10998E-16  2.19347E-16 0.35900
           108   5.34000E+01   4.25007E-16  1.37898E-16 0.32446
           109   5.06000E+01   3.58825E-16  1.65456E-16 0.46111
           110   4.83000E+01   6.26431E-16  3.45575E-16 0.55166
           111   4.52000E+01   2.56798E-16  1.11766E-16 0.43523
           112   4.40000E+01   2.50898E-16  1.72750E-16 0.68853
           113   4.24000E+01   1.44143E-16  6.31255E-17 0.43794
           114   4.10000E+01   1.03451E-16  4.85954E-17 0.46974
           115   3.96000E+01   1.34354E-16  9.75970E-17 0.72642
           116   3.91000E+01   2.20735E-16  1.08784E-16 0.49283
           117   3.80000E+01   2.95588E-17  1.81544E-17 0.61418
           118   3.76300E+01   5.06762E-17  3.95023E-17 0.77950
           119   3.72700E+01   8.04972E-18  8.04972E-18 1.00000
           120   3.71300E+01   6.21724E-18  6.21724E-18 1.00000
           121   3.70000E+01   1.36144E-16  8.02503E-17 0.58945
           122   3.60000E+01   1.50711E-16  9.39985E-17 0.62370
           123   3.55000E+01   2.58803E-16  1.40853E-16 0.54425
           124   3.50000E+01   3.02978E-16  1.54351E-16 0.50945
           125   3.37500E+01   4.32284E-17  2.17486E-17 0.50311
           126   3.32500E+01   3.28103E-16  1.43555E-16 0.43753
           127   3.17500E+01   3.09824E-17  2.08402E-17 0.67265
           128   3.12500E+01   3.55988E-16  1.40675E-16 0.39517
           129   3.00000E+01   6.16838E-16  1.91261E-16 0.31007
           130   2.75000E+01   7.97790E-16  3.10022E-16 0.38860
           131   2.50000E+01   3.77303E-16  1.70453E-16 0.45177
           132   2.25000E+01   5.44840E-16  4.56435E-16 0.83774
           133   2.17500E+01   7.41166E-17  6.24629E-17 0.84277
           134   2.12000E+01   1.82430E-17  1.29823E-17 0.71163
           135   2.05000E+01   1.20200E-17  8.05716E-18 0.67031
           136   2.00000E+01   9.68053E-19  9.54189E-19 0.98568
           137   1.94000E+01   1.68239E-17  1.68239E-17 1.00000
           138   1.85000E+01   8.97418E-17  5.70647E-17 0.63588
           139   1.70000E+01   2.96602E-16  1.87760E-16 0.63304
           140   1.60000E+01   4.21251E-16  1.70738E-16 0.40531
           141   1.44000E+01   2.62393E-16  1.22208E-16 0.46575
           142   1.29000E+01   3.65342E-16  1.47131E-16 0.40272
           143   1.19000E+01   1.45077E-16  7.02946E-17 0.48453
           144   1.15000E+01   1.61732E-15  9.60585E-16 0.59394
           145   1.00000E+01   2.88345E-16  1.37712E-16 0.47759
           146   9.10000E+00   4.13511E-16  1.88581E-16 0.45605
           147   8.10000E+00   5.32522E-16  3.66049E-16 0.68739
           148   7.15000E+00   1.97308E-17  1.40359E-17 0.71137
           149   7.00000E+00   0.00000E+00  0.00000E+00 0.00000
           150   6.87500E+00   0.00000E+00  0.00000E+00 0.00000
           151   6.75000E+00   1.34985E-15  1.27953E-15 0.94791
           152   6.50000E+00   4.41025E-16  3.09937E-16 0.70276
           153   6.25000E+00   4.57346E-16  2.42890E-16 0.53109
           154   6.00000E+00   9.71574E-16  5.56048E-16 0.57232
           155   5.40000E+00   2.73686E-16  1.85443E-16 0.67758
           156   5.00000E+00   1.49112E-16  1.03409E-16 0.69350
           157   4.70000E+00   7.92959E-17  5.10788E-17 0.64415
           158   4.10000E+00   1.40441E-17  1.40441E-17 1.00000
           159   3.73000E+00   9.40511E-18  9.40511E-18 1.00000
           160   3.50000E+00   1.39349E-16  1.16774E-16 0.83800
           161   3.20000E+00   7.98904E-17  7.98904E-17 1.00000
           162   3.10000E+00   1.68650E-16  1.02350E-16 0.60688
           163   3.00000E+00   4.80790E-17  4.80790E-17 1.00000
           164   2.97000E+00   3.59336E-16  3.35746E-16 0.93435
           165   2.87000E+00   0.00000E+00  0.00000E+00 0.00000
           166   2.77000E+00   8.31438E-17  5.23477E-17 0.62960
           167   2.67000E+00   4.85909E-16  2.88412E-16 0.59355
           168   2.57000E+00   4.01232E-16  2.61132E-16 0.65083
           169   2.47000E+00   3.00599E-16  2.11574E-16 0.70384
           170   2.38000E+00   2.66563E-16  1.52111E-16 0.57064
           171   2.30000E+00   7.18313E-17  5.83185E-17 0.81188
           172   2.21000E+00   1.25330E-17  1.25330E-17 1.00000
           173   2.12000E+00   1.85484E-18  1.85484E-18 1.00000
           174   2.00000E+00   1.08101E-16  7.93834E-17 0.73435
           175   1.94000E+00   0.00000E+00  0.00000E+00 0.00000
           176   1.86000E+00   0.00000E+00  0.00000E+00 0.00000
           177   1.77000E+00   0.00000E+00  0.00000E+00 0.00000
           178   1.68000E+00   0.00000E+00  0.00000E+00 0.00000
           179   1.59000E+00   0.00000E+00  0.00000E+00 0.00000
           180   1.50000E+00   2.74542E-16  2.74542E-16 1.00000
           181   1.45000E+00   0.00000E+00  0.00000E+00 0.00000
           182   1.40000E+00   0.00000E+00  0.00000E+00 0.00000
           183   1.35000E+00   6.15840E-16  6.15840E-16 1.00000
           184   1.30000E+00   0.00000E+00  0.00000E+00 0.00000
           185   1.25000E+00   0.00000E+00  0.00000E+00 0.00000
           186   1.22500E+00   0.00000E+00  0.00000E+00 0.00000
           187   1.20000E+00   0.00000E+00  0.00000E+00 0.00000
           188   1.17500E+00   0.00000E+00  0.00000E+00 0.00000
           189   1.15000E+00   0.00000E+00  0.00000E+00 0.00000
           190   1.14000E+00   0.00000E+00  0.00000E+00 0.00000
           191   1.13000E+00   0.00000E+00  0.00000E+00 0.00000
           192   1.12000E+00   0.00000E+00  0.00000E+00 0.00000
           193   1.11000E+00   0.00000E+00  0.00000E+00 0.00000
           194   1.10000E+00   0.00000E+00  0.00000E+00 0.00000
           195   1.09000E+00   0.00000E+00  0.00000E+00 0.00000
           196   1.08000E+00   0.00000E+00  0.00000E+00 0.00000
           197   1.07000E+00   0.00000E+00  0.00000E+00 0.00000
           198   1.06000E+00   0.00000E+00  0.00000E+00 0.00000
           199   1.05000E+00   0.00000E+00  0.00000E+00 0.00000
           200   1.04000E+00   0.00000E+00  0.00000E+00 0.00000
           201   1.03000E+00   0.00000E+00  0.00000E+00 0.00000
           202   1.02000E+00   0.00000E+00  0.00000E+00 0.00000
           203   1.01000E+00   0.00000E+00  0.00000E+00 0.00000
           204   1.00000E+00   0.00000E+00  0.00000E+00 0.00000
           205   9.75000E-01   0.00000E+00  0.00000E+00 0.00000
           206   9.50000E-01   0.00000E+00  0.00000E+00 0.00000
           207   9.25000E-01   0.00000E+00  0.00000E+00 0.00000
           208   9.00000E-01   0.00000E+00  0.00000E+00 0.00000
           209   8.50000E-01   0.00000E+00  0.00000E+00 0.00000
           210   8.00000E-01   4.06962E-16  4.06962E-16 1.00000
           211   7.50000E-01   3.96190E-16  3.96190E-16 1.00000
           212   7.00000E-01   8.33044E-17  8.33044E-17 1.00000
           213   6.50000E-01   0.00000E+00  0.00000E+00 0.00000
           214   6.25000E-01   0.00000E+00  0.00000E+00 0.00000
           215   6.00000E-01   0.00000E+00  0.00000E+00 0.00000
           216   5.50000E-01   0.00000E+00  0.00000E+00 0.00000
           217   5.00000E-01   0.00000E+00  0.00000E+00 0.00000
           218   4.50000E-01   0.00000E+00  0.00000E+00 0.00000
           219   4.00000E-01   0.00000E+00  0.00000E+00 0.00000
           220   3.75000E-01   0.00000E+00  0.00000E+00 0.00000
           221   3.50000E-01   4.21314E-16  4.21314E-16 1.00000
           222   3.25000E-01   0.00000E+00  0.00000E+00 0.00000
           223   3.00000E-01   0.00000E+00  0.00000E+00 0.00000
           224   2.75000E-01   0.00000E+00  0.00000E+00 0.00000
           225   2.50000E-01   0.00000E+00  0.00000E+00 0.00000
           226   2.25000E-01   0.00000E+00  0.00000E+00 0.00000
           227   2.00000E-01   0.00000E+00  0.00000E+00 0.00000
           228   1.75000E-01   0.00000E+00  0.00000E+00 0.00000
           229   1.50000E-01   0.00000E+00  0.00000E+00 0.00000
           230   1.25000E-01   0.00000E+00  0.00000E+00 0.00000
           231   1.00000E-01   0.00000E+00  0.00000E+00 0.00000
           232   9.00000E-02   0.00000E+00  0.00000E+00 0.00000
           233   8.00000E-02   0.00000E+00  0.00000E+00 0.00000
           234   7.00000E-02   0.00000E+00  0.00000E+00 0.00000
           235   6.00000E-02   0.00000E+00  0.00000E+00 0.00000
           236   5.00000E-02   0.00000E+00  0.00000E+00 0.00000
           237   4.00000E-02   0.00000E+00  0.00000E+00 0.00000
           238   3.00000E-02   0.00000E+00  0.00000E+00 0.00000
           239   2.53000E-02   0.00000E+00  0.00000E+00 0.00000
           240   1.00000E-02   0.00000E+00  0.00000E+00 0.00000
           241   7.50000E-03   0.00000E+00  0.00000E+00 0.00000
           242   5.00000E-03   0.00000E+00  0.00000E+00 0.00000
           243   4.00000E-03   0.00000E+00  0.00000E+00 0.00000
           244   3.00000E-03   0.00000E+00  0.00000E+00 0.00000
           245   2.50000E-03   0.00000E+00  0.00000E+00 0.00000
           246   2.00000E-03   0.00000E+00  0.00000E+00 0.00000
           247   1.50000E-03   0.00000E+00  0.00000E+00 0.00000
           248   1.20000E-03   0.00000E+00  0.00000E+00 0.00000
           249   1.00000E-03   0.00000E+00  0.00000E+00 0.00000
           250   7.50000E-04   0.00000E+00  0.00000E+00 0.00000
           251   5.00000E-04   0.00000E+00  0.00000E+00 0.00000
           252   1.00000E-04   0.00000E+00  0.00000E+00 0.00000
         -----  ------------  ------------ ------------ -------

         Total Response - over all energy groups and time bins

                upper energy
         group      (eV)             value  uncertainty     rel
         -----  ------------  ------------ ------------ -------
         total                 1.06467E-09  2.28312E-11 0.02144
         -----  ------------  ------------ ------------ -------


