     Region Tally 150 (neutron)
         tally limited to unit: 1
         tally limited to region: 4
         tally limited to media: 4
         energyBounds:    1 with 252 groups
         timeBounds:      1 with 1 bins
         comment:          Total W-186 (n,g) per cc
         volume (cm**3)    1.9634954E+00
         using responses: 150
         multiplier:         1.0000000E+00

 Details for the final tally

         Neutron Fluxes - for time bin 1 ( 0.0000000E+00 to  1.0000000E+06 sec)

                upper energy        track-length estimator          collision-density estimator   
         group      (eV)             value  uncertainty     rel         value  uncertainty     rel
         -----  ------------  ------------ ------------ -------  ------------ ------------ -------
             1   2.00000E+07   0.00000E+00  0.00000E+00 0.00000   0.00000E+00  0.00000E+00 0.00000
             2   1.73300E+07   0.00000E+00  0.00000E+00 0.00000   0.00000E+00  0.00000E+00 0.00000
             3   1.56800E+07   0.00000E+00  0.00000E+00 0.00000   0.00000E+00  0.00000E+00 0.00000
             4   1.45500E+07   1.99686E-05  7.00185E-08 0.00351   1.99539E-05  1.05081E-07 0.00527
             5   1.38400E+07   1.34736E-06  1.58360E-08 0.01175   1.36892E-06  2.62194E-08 0.01915
             6   1.28400E+07   1.18356E-06  1.39756E-08 0.01181   1.18541E-06  2.45933E-08 0.02075
             7   1.00000E+07   1.07497E-06  1.34608E-08 0.01252   1.05957E-06  2.28153E-08 0.02153
             8   8.18700E+06   1.66197E-06  1.61405E-08 0.00971   1.66479E-06  2.69977E-08 0.01622
             9   6.43400E+06   2.46535E-06  1.91992E-08 0.00779   2.50372E-06  3.18498E-08 0.01272
            10   4.80000E+06   1.23616E-06  1.28843E-08 0.01042   1.22428E-06  2.04315E-08 0.01669
            11   4.30400E+06   5.95740E-06  2.89504E-08 0.00486   5.86578E-06  4.34092E-08 0.00740
            12   3.00000E+06   4.96333E-06  2.58734E-08 0.00521   4.93939E-06  3.75234E-08 0.00760
            13   2.47900E+06   1.59857E-06  1.38438E-08 0.00866   1.56242E-06  2.08760E-08 0.01336
            14   2.35400E+06   8.40428E-06  3.46051E-08 0.00412   8.43013E-06  4.93085E-08 0.00585
            15   1.85000E+06   8.56019E-06  3.58756E-08 0.00419   8.48905E-06  5.09160E-08 0.00600
            16   1.50000E+06   2.95729E-06  1.94503E-08 0.00658   2.95361E-06  2.87432E-08 0.00973
            17   1.40000E+06   1.38963E-06  1.26817E-08 0.00913   1.37554E-06  1.94485E-08 0.01414
            18   1.35600E+06   1.26613E-06  1.22076E-08 0.00964   1.31392E-06  1.95176E-08 0.01485
            19   1.31700E+06   2.25424E-06  1.72361E-08 0.00765   2.23457E-06  2.52487E-08 0.01130
            20   1.25000E+06   1.78481E-06  1.48358E-08 0.00831   1.77894E-06  2.17417E-08 0.01222
            21   1.20000E+06   3.87655E-06  2.26165E-08 0.00583   3.87710E-06  3.30047E-08 0.00851
            22   1.10000E+06   3.98141E-06  2.26351E-08 0.00569   4.00716E-06  3.40998E-08 0.00851
            23   1.01000E+06   4.36585E-06  2.40064E-08 0.00550   4.38062E-06  3.57463E-08 0.00816
            24   9.20000E+05   1.02925E-06  1.06974E-08 0.01039   1.03038E-06  1.71505E-08 0.01664
            25   9.00000E+05   1.30337E-06  1.14687E-08 0.00880   1.30118E-06  1.79084E-08 0.01376
            26   8.75000E+05   7.30372E-07  8.11680E-09 0.01111   7.30221E-07  1.29683E-08 0.01776
            27   8.61100E+05   2.21635E-06  1.55749E-08 0.00703   2.21816E-06  2.32307E-08 0.01047
            28   8.20000E+05   3.89879E-06  2.07524E-08 0.00532   3.89578E-06  3.11623E-08 0.00800
            29   7.50000E+05   4.35045E-06  2.29499E-08 0.00528   4.35422E-06  3.45203E-08 0.00793
            30   6.79000E+05   5.47643E-07  6.79050E-09 0.01240   5.39746E-07  1.08833E-08 0.02016
            31   6.70000E+05   4.29680E-06  2.20383E-08 0.00513   4.32286E-06  3.32684E-08 0.00770
            32   6.00000E+05   1.68319E-06  1.24905E-08 0.00742   1.66338E-06  1.95507E-08 0.01175
            33   5.73000E+05   1.45176E-06  1.15029E-08 0.00792   1.41586E-06  1.79201E-08 0.01266
            34   5.50000E+05   3.77140E-06  2.02570E-08 0.00537   3.75564E-06  3.03655E-08 0.00809
            35   4.92000E+05   1.50663E-06  1.20790E-08 0.00802   1.50948E-06  1.85204E-08 0.01227
            36   4.70000E+05   1.98314E-06  1.38120E-08 0.00696   1.98517E-06  2.12833E-08 0.01072
            37   4.40000E+05   1.25333E-06  9.95694E-09 0.00794   1.25016E-06  1.62031E-08 0.01296
            38   4.20000E+05   1.36169E-06  1.06018E-08 0.00779   1.35913E-06  1.66865E-08 0.01228
            39   4.00000E+05   5.07547E-06  2.27456E-08 0.00448   5.08047E-06  3.41592E-08 0.00672
            40   3.30000E+05   4.22779E-06  2.01595E-08 0.00477   4.21605E-06  2.98795E-08 0.00709
            41   2.70000E+05   5.03756E-06  2.20677E-08 0.00438   5.03660E-06  3.25975E-08 0.00647
            42   2.00000E+05   3.61769E-06  1.75477E-08 0.00485   3.60586E-06  2.59399E-08 0.00719
            43   1.49000E+05   1.58899E-06  1.08718E-08 0.00684   1.60304E-06  1.66443E-08 0.01038
            44   1.28300E+05   1.92022E-06  1.23103E-08 0.00641   1.90639E-06  1.80570E-08 0.00947
            45   1.00000E+05   8.39760E-07  7.15591E-09 0.00852   8.36707E-07  1.10965E-08 0.01326
            46   8.50000E+04   1.85220E-07  2.91497E-09 0.01574   1.80364E-07  4.74730E-09 0.02632
            47   8.20000E+04   5.55344E-07  5.51465E-09 0.00993   5.52205E-07  8.69356E-09 0.01574
            48   7.50000E+04   1.60346E-07  2.76409E-09 0.01724   1.58878E-07  4.60393E-09 0.02898
            49   7.30000E+04   8.69576E-07  7.78173E-09 0.00895   8.74401E-07  1.23721E-08 0.01415
            50   6.00000E+04   4.88673E-07  5.90346E-09 0.01208   4.87741E-07  9.03019E-09 0.01851
            51   5.20000E+04   1.16494E-07  2.38725E-09 0.02049   1.19476E-07  4.01716E-09 0.03362
            52   5.00000E+04   2.69890E-07  4.03678E-09 0.01496   2.74650E-07  6.13397E-09 0.02233
            53   4.50000E+04   7.42547E-07  7.31527E-09 0.00985   7.42550E-07  1.03437E-08 0.01393
            54   3.00000E+04   4.97617E-07  5.95521E-09 0.01197   4.94931E-07  8.81036E-09 0.01780
            55   2.00000E+04   1.27564E-07  2.72512E-09 0.02136   1.29032E-07  4.30303E-09 0.03335
            56   1.70000E+04   1.75271E-07  3.78555E-09 0.02160   1.73967E-07  5.30279E-09 0.03048
            57   1.30000E+04   1.40262E-07  3.50257E-09 0.02497   1.41422E-07  4.85834E-09 0.03435
            58   9.50000E+03   5.52995E-08  2.17486E-09 0.03933   5.38642E-08  3.01597E-09 0.05599
            59   8.03000E+03   6.90715E-08  2.45423E-09 0.03553   7.00986E-08  3.44875E-09 0.04920
            60   5.70000E+03   4.80762E-08  2.15828E-09 0.04489   4.69095E-08  2.82339E-09 0.06019
            61   3.90000E+03   4.45507E-09  3.97497E-10 0.08922   4.62536E-09  7.18577E-10 0.15536
            62   3.74000E+03   1.96674E-08  1.27630E-09 0.06489   2.21546E-08  2.00712E-09 0.09060
            63   3.00000E+03   1.34288E-08  1.34932E-09 0.10048   1.13230E-08  1.50396E-09 0.13282
            64   2.50000E+03   4.94700E-09  5.40620E-10 0.10928   5.45875E-09  8.51391E-10 0.15597
            65   2.25000E+03   2.05711E-09  3.77981E-10 0.18374   3.35287E-09  9.08223E-10 0.27088
            66   2.20000E+03   9.67963E-09  1.03874E-09 0.10731   1.14238E-08  1.94121E-09 0.16993
            67   1.80000E+03   5.82905E-09  9.63798E-10 0.16534   4.98577E-09  1.07855E-09 0.21633
            68   1.55000E+03   1.07495E-09  2.63004E-10 0.24467   8.07693E-10  2.74113E-10 0.33938
            69   1.50000E+03   7.30353E-09  8.47788E-10 0.11608   6.61177E-09  1.09785E-09 0.16604
            70   1.15000E+03   4.62929E-09  6.62710E-10 0.14316   4.85136E-09  1.05047E-09 0.21653
            71   9.50000E+02   9.51618E-09  1.38699E-09 0.14575   8.32717E-09  1.49741E-09 0.17982
            72   6.83000E+02   4.03699E-10  1.38482E-10 0.34303   9.40456E-10  5.57187E-10 0.59246
            73   6.70000E+02   6.44680E-09  2.57023E-09 0.39868   6.06031E-09  2.87678E-09 0.47469
            74   5.50000E+02   1.09263E-08  2.24434E-09 0.20541   1.23423E-08  2.97518E-09 0.24105
            75   3.05000E+02   1.66339E-09  5.40364E-10 0.32486   1.98254E-09  6.63021E-10 0.33443
            76   2.85000E+02   2.94496E-09  5.75064E-10 0.19527   3.10478E-09  6.74864E-10 0.21736
            77   2.40000E+02   1.43349E-09  8.10744E-10 0.56557   1.34184E-09  7.59898E-10 0.56631
            78   2.20000E+02   7.14436E-10  2.42199E-10 0.33901   4.53453E-10  1.70312E-10 0.37559
            79   2.09500E+02   2.11912E-10  1.34520E-10 0.63479   4.16052E-10  2.94700E-10 0.70832
            80   2.07400E+02   3.09123E-10  1.31460E-10 0.42527   2.64182E-10  1.69558E-10 0.64182
            81   2.02000E+02   5.99895E-10  1.92998E-10 0.32172   8.53610E-10  2.63977E-10 0.30925
            82   1.93000E+02   1.11178E-10  4.37594E-11 0.39360   9.97265E-11  4.55548E-11 0.45680
            83   1.91500E+02   4.81975E-10  3.03696E-10 0.63011   4.71521E-10  3.23660E-10 0.68642
            84   1.88500E+02   4.75209E-11  2.68861E-11 0.56577   6.22864E-11  3.61529E-11 0.58043
            85   1.87700E+02   6.13304E-10  1.78999E-10 0.29186   6.76794E-10  2.14654E-10 0.31716
            86   1.80000E+02   8.43166E-10  2.59572E-10 0.30785   8.54099E-10  3.34684E-10 0.39186
            87   1.70000E+02   1.57416E-09  3.77797E-10 0.24000   1.32965E-09  4.51673E-10 0.33969
            88   1.43000E+02   8.97380E-10  2.50364E-10 0.27899   8.78720E-10  3.91063E-10 0.44504
            89   1.22000E+02   2.73693E-10  1.02471E-10 0.37440   1.91018E-10  1.04919E-10 0.54926
            90   1.19000E+02   5.44725E-11  2.80183E-11 0.51436   5.23228E-11  4.62665E-11 0.88425
            91   1.17500E+02   5.07821E-10  4.25900E-10 0.83868   5.81704E-10  4.80288E-10 0.82566
            92   1.16000E+02   1.42324E-10  6.14164E-11 0.43153   1.69568E-10  7.29945E-11 0.43047
            93   1.13000E+02   3.78446E-10  1.49092E-10 0.39396   2.83332E-10  1.79756E-10 0.63443
            94   1.08000E+02   2.80135E-10  1.52454E-10 0.54421   1.18360E-10  1.01003E-10 0.85335
            95   1.05000E+02   4.38619E-10  1.98375E-10 0.45227   3.11552E-10  1.62887E-10 0.52283
            96   1.01200E+02   5.48799E-10  1.58747E-10 0.28926   4.77555E-10  3.29668E-10 0.69032
            97   9.70000E+01   9.10010E-10  2.78879E-10 0.30646   1.35897E-09  1.10526E-09 0.81331
            98   9.00000E+01   9.10549E-10  3.41238E-10 0.37476   1.06119E-09  5.36674E-10 0.50573
            99   8.17000E+01   1.01139E-10  4.44625E-11 0.43962   4.05848E-10  3.64483E-10 0.89808
           100   8.00000E+01   4.03386E-10  1.64742E-10 0.40840   6.11328E-10  4.19153E-10 0.68564
           101   7.60000E+01   6.34213E-10  2.59930E-10 0.40985   1.59862E-10  9.17135E-11 0.57370
           102   7.20000E+01   3.14317E-10  1.46109E-10 0.46485   3.05820E-10  2.33488E-10 0.76348
           103   6.75000E+01   2.51354E-10  1.90804E-10 0.75910   1.08604E-10  1.08604E-10 1.00000
           104   6.50000E+01   1.86843E-10  7.53692E-11 0.40338   6.14100E-11  6.14100E-11 1.00000
           105   6.30000E+01   1.83308E-10  8.18297E-11 0.44641   0.00000E+00  0.00000E+00 0.00000
           106   6.10000E+01   5.73423E-10  2.16819E-10 0.37811   5.77253E-10  3.60104E-10 0.62382
           107   5.80000E+01   4.69655E-10  1.67909E-10 0.35752   4.43521E-10  2.17335E-10 0.49002
           108   5.34000E+01   2.87442E-10  9.05505E-11 0.31502   1.07142E-10  7.11809E-11 0.66436
           109   5.06000E+01   2.95567E-10  1.54330E-10 0.52215   2.48074E-10  1.35357E-10 0.54563
           110   4.83000E+01   2.90173E-10  1.17937E-10 0.40644   2.96698E-10  1.27480E-10 0.42966
           111   4.52000E+01   2.16391E-10  9.56974E-11 0.44224   1.70640E-10  1.10587E-10 0.64807
           112   4.40000E+01   2.10571E-10  1.41282E-10 0.67095   1.65322E-10  1.17301E-10 0.70953
           113   4.24000E+01   1.28995E-10  5.50506E-11 0.42677   8.25945E-11  7.09620E-11 0.85916
           114   4.10000E+01   8.89486E-11  5.02119E-11 0.56450   8.94459E-11  5.89058E-11 0.65856
           115   3.96000E+01   1.05953E-10  8.06675E-11 0.76135   3.64499E-11  3.64499E-11 1.00000
           116   3.91000E+01   1.26080E-10  6.44253E-11 0.51099   1.74708E-10  9.88164E-11 0.56561
           117   3.80000E+01   2.47965E-11  1.63494E-11 0.65934   1.06656E-11  1.06656E-11 1.00000
           118   3.76300E+01   4.25105E-11  3.28436E-11 0.77260   0.00000E+00  0.00000E+00 0.00000
           119   3.72700E+01   8.49110E-12  6.89292E-12 0.81178   0.00000E+00  0.00000E+00 0.00000
           120   3.71300E+01   5.12996E-12  5.12996E-12 1.00000   0.00000E+00  0.00000E+00 0.00000
           121   3.70000E+01   1.09970E-10  6.60570E-11 0.60068   2.21649E-11  1.56763E-11 0.70726
           122   3.60000E+01   1.93066E-10  1.46493E-10 0.75877   3.32334E-10  2.74865E-10 0.82707
           123   3.55000E+01   1.83589E-10  9.50914E-11 0.51796   1.43294E-10  9.48971E-11 0.66226
           124   3.50000E+01   2.57400E-10  1.14805E-10 0.44602   2.63782E-10  1.41750E-10 0.53738
           125   3.37500E+01   5.12123E-11  2.72611E-11 0.53232   1.02702E-10  8.85058E-11 0.86177
           126   3.32500E+01   2.88203E-10  1.27281E-10 0.44164   2.87209E-10  1.40488E-10 0.48915
           127   3.17500E+01   3.96458E-11  2.36890E-11 0.59752   6.97218E-11  6.97218E-11 1.00000
           128   3.12500E+01   3.15198E-10  1.24077E-10 0.39365   1.13550E-10  7.77746E-11 0.68494
           129   3.00000E+01   6.06298E-10  1.94232E-10 0.32036   4.77406E-10  1.91481E-10 0.40109
           130   2.75000E+01   7.15363E-10  2.30352E-10 0.32201   8.52126E-10  3.16213E-10 0.37109
           131   2.50000E+01   4.07617E-10  1.79835E-10 0.44119   4.03875E-10  2.07401E-10 0.51353
           132   2.25000E+01   2.11314E-10  9.33560E-11 0.44179   2.54230E-10  1.05794E-10 0.41613
           133   2.17500E+01   5.64453E-11  2.18837E-11 0.38770   4.80538E-11  1.87628E-11 0.39045
           134   2.12000E+01   6.43006E-11  3.04665E-11 0.47381   5.30932E-11  2.46751E-11 0.46475
           135   2.05000E+01   3.53880E-11  1.96712E-11 0.55587   3.61330E-11  1.96996E-11 0.54520
           136   2.00000E+01   2.16493E-11  9.05422E-12 0.41822   1.96082E-11  8.32778E-12 0.42471
           137   1.94000E+01   1.48706E-11  5.64542E-12 0.37964   1.36354E-11  5.36453E-12 0.39343
           138   1.85000E+01   1.33340E-10  6.15170E-11 0.46136   1.05016E-10  4.39223E-11 0.41824
           139   1.70000E+01   2.06682E-10  1.10975E-10 0.53693   2.01483E-10  1.11718E-10 0.55448
           140   1.60000E+01   3.54750E-10  1.43232E-10 0.40376   4.59826E-10  2.21519E-10 0.48175
           141   1.44000E+01   2.66591E-10  1.32627E-10 0.49749   3.71185E-10  2.25678E-10 0.60799
           142   1.29000E+01   3.14065E-10  1.20166E-10 0.38261   6.11408E-10  3.01971E-10 0.49389
           143   1.19000E+01   1.43650E-10  7.02820E-11 0.48926   1.70422E-10  1.25411E-10 0.73589
           144   1.15000E+01   1.19853E-09  7.08085E-10 0.59079   1.99457E-09  1.34177E-09 0.67271
           145   1.00000E+01   1.46214E-10  6.23220E-11 0.42624   5.74403E-11  5.74403E-11 1.00000
           146   9.10000E+00   2.56191E-10  1.18211E-10 0.46142   2.44162E-10  1.86867E-10 0.76534
           147   8.10000E+00   3.60623E-10  2.67996E-10 0.74315   2.45019E-10  2.07480E-10 0.84679
           148   7.15000E+00   1.16591E-11  8.29391E-12 0.71137   0.00000E+00  0.00000E+00 0.00000
           149   7.00000E+00   0.00000E+00  0.00000E+00 0.00000   0.00000E+00  0.00000E+00 0.00000
           150   6.87500E+00   0.00000E+00  0.00000E+00 0.00000   0.00000E+00  0.00000E+00 0.00000
           151   6.75000E+00   8.46539E-10  8.05991E-10 0.95210   5.47977E-10  5.47977E-10 1.00000
           152   6.50000E+00   1.96620E-10  1.24869E-10 0.63508   1.18737E-10  7.62930E-11 0.64254
           153   6.25000E+00   3.14086E-10  1.52934E-10 0.48692   2.11882E-10  1.78188E-10 0.84098
           154   6.00000E+00   1.15428E-09  7.69742E-10 0.66686   7.09975E-10  4.63345E-10 0.65262
           155   5.40000E+00   1.28834E-10  8.49790E-11 0.65960   1.40603E-11  1.40603E-11 1.00000
           156   5.00000E+00   9.41033E-11  6.63704E-11 0.70529   6.34285E-11  5.77403E-11 0.91032
           157   4.70000E+00   6.60938E-11  4.29371E-11 0.64964   1.35870E-10  1.05710E-10 0.77802
           158   4.10000E+00   7.09591E-11  6.24755E-11 0.88044   3.34158E-11  2.50317E-11 0.74910
           159   3.73000E+00   4.21452E-12  4.21452E-12 1.00000   0.00000E+00  0.00000E+00 0.00000
           160   3.50000E+00   6.03815E-11  5.05996E-11 0.83800   0.00000E+00  0.00000E+00 0.00000
           161   3.20000E+00   0.00000E+00  0.00000E+00 0.00000   0.00000E+00  0.00000E+00 0.00000
           162   3.10000E+00   1.38306E-10  9.08624E-11 0.65697   3.13769E-10  3.13769E-10 1.00000
           163   3.00000E+00   1.97977E-11  1.97977E-11 1.00000   0.00000E+00  0.00000E+00 0.00000
           164   2.97000E+00   1.41303E-10  1.31699E-10 0.93203   1.32503E-10  1.32503E-10 1.00000
           165   2.87000E+00   0.00000E+00  0.00000E+00 0.00000   0.00000E+00  0.00000E+00 0.00000
           166   2.77000E+00   2.41834E-11  1.87725E-11 0.77626   0.00000E+00  0.00000E+00 0.00000
           167   2.67000E+00   2.33261E-10  1.36629E-10 0.58573   2.47889E-10  2.47889E-10 1.00000
           168   2.57000E+00   9.41043E-11  7.14124E-11 0.75886   1.34114E-10  1.34114E-10 1.00000
           169   2.47000E+00   2.38634E-10  1.40228E-10 0.58763   2.18041E-10  2.18041E-10 1.00000
           170   2.38000E+00   6.16369E-11  3.55014E-11 0.57598   0.00000E+00  0.00000E+00 0.00000
           171   2.30000E+00   8.08280E-11  5.87340E-11 0.72665   0.00000E+00  0.00000E+00 0.00000
           172   2.21000E+00   4.22770E-12  4.22770E-12 1.00000   1.81063E-11  1.81063E-11 1.00000
           173   2.12000E+00   6.44477E-13  6.44477E-13 1.00000   0.00000E+00  0.00000E+00 0.00000
           174   2.00000E+00   3.68040E-11  2.70268E-11 0.73435   0.00000E+00  0.00000E+00 0.00000
           175   1.94000E+00   0.00000E+00  0.00000E+00 0.00000   0.00000E+00  0.00000E+00 0.00000
           176   1.86000E+00   0.00000E+00  0.00000E+00 0.00000   0.00000E+00  0.00000E+00 0.00000
           177   1.77000E+00   0.00000E+00  0.00000E+00 0.00000   0.00000E+00  0.00000E+00 0.00000
           178   1.68000E+00   0.00000E+00  0.00000E+00 0.00000   0.00000E+00  0.00000E+00 0.00000
           179   1.59000E+00   0.00000E+00  0.00000E+00 0.00000   0.00000E+00  0.00000E+00 0.00000
           180   1.50000E+00   2.64796E-10  2.64796E-10 1.00000   0.00000E+00  0.00000E+00 0.00000
           181   1.45000E+00   0.00000E+00  0.00000E+00 0.00000   0.00000E+00  0.00000E+00 0.00000
           182   1.40000E+00   0.00000E+00  0.00000E+00 0.00000   0.00000E+00  0.00000E+00 0.00000
           183   1.35000E+00   1.73677E-10  1.73677E-10 1.00000   0.00000E+00  0.00000E+00 0.00000
           184   1.30000E+00   0.00000E+00  0.00000E+00 0.00000   0.00000E+00  0.00000E+00 0.00000
           185   1.25000E+00   0.00000E+00  0.00000E+00 0.00000   0.00000E+00  0.00000E+00 0.00000
           186   1.22500E+00   0.00000E+00  0.00000E+00 0.00000   0.00000E+00  0.00000E+00 0.00000
           187   1.20000E+00   0.00000E+00  0.00000E+00 0.00000   0.00000E+00  0.00000E+00 0.00000
           188   1.17500E+00   0.00000E+00  0.00000E+00 0.00000   0.00000E+00  0.00000E+00 0.00000
           189   1.15000E+00   0.00000E+00  0.00000E+00 0.00000   0.00000E+00  0.00000E+00 0.00000
           190   1.14000E+00   0.00000E+00  0.00000E+00 0.00000   0.00000E+00  0.00000E+00 0.00000
           191   1.13000E+00   0.00000E+00  0.00000E+00 0.00000   0.00000E+00  0.00000E+00 0.00000
           192   1.12000E+00   0.00000E+00  0.00000E+00 0.00000   0.00000E+00  0.00000E+00 0.00000
           193   1.11000E+00   0.00000E+00  0.00000E+00 0.00000   0.00000E+00  0.00000E+00 0.00000
           194   1.10000E+00   0.00000E+00  0.00000E+00 0.00000   0.00000E+00  0.00000E+00 0.00000
           195   1.09000E+00   0.00000E+00  0.00000E+00 0.00000   0.00000E+00  0.00000E+00 0.00000
           196   1.08000E+00   0.00000E+00  0.00000E+00 0.00000   0.00000E+00  0.00000E+00 0.00000
           197   1.07000E+00   0.00000E+00  0.00000E+00 0.00000   0.00000E+00  0.00000E+00 0.00000
           198   1.06000E+00   0.00000E+00  0.00000E+00 0.00000   0.00000E+00  0.00000E+00 0.00000
           199   1.05000E+00   0.00000E+00  0.00000E+00 0.00000   0.00000E+00  0.00000E+00 0.00000
           200   1.04000E+00   0.00000E+00  0.00000E+00 0.00000   0.00000E+00  0.00000E+00 0.00000
           201   1.03000E+00   0.00000E+00  0.00000E+00 0.00000   0.00000E+00  0.00000E+00 0.00000
           202   1.02000E+00   0.00000E+00  0.00000E+00 0.00000   0.00000E+00  0.00000E+00 0.00000
           203   1.01000E+00   0.00000E+00  0.00000E+00 0.00000   0.00000E+00  0.00000E+00 0.00000
           204   1.00000E+00   0.00000E+00  0.00000E+00 0.00000   0.00000E+00  0.00000E+00 0.00000
           205   9.75000E-01   0.00000E+00  0.00000E+00 0.00000   0.00000E+00  0.00000E+00 0.00000
           206   9.50000E-01   0.00000E+00  0.00000E+00 0.00000   0.00000E+00  0.00000E+00 0.00000
           207   9.25000E-01   0.00000E+00  0.00000E+00 0.00000   0.00000E+00  0.00000E+00 0.00000
           208   9.00000E-01   0.00000E+00  0.00000E+00 0.00000   0.00000E+00  0.00000E+00 0.00000
           209   8.50000E-01   0.00000E+00  0.00000E+00 0.00000   0.00000E+00  0.00000E+00 0.00000
           210   8.00000E-01   8.86775E-11  8.86775E-11 1.00000   0.00000E+00  0.00000E+00 0.00000
           211   7.50000E-01   8.93435E-11  8.93435E-11 1.00000   1.96380E-10  1.96380E-10 1.00000
           212   7.00000E-01   1.69698E-11  1.69698E-11 1.00000   0.00000E+00  0.00000E+00 0.00000
           213   6.50000E-01   0.00000E+00  0.00000E+00 0.00000   0.00000E+00  0.00000E+00 0.00000
           214   6.25000E-01   0.00000E+00  0.00000E+00 0.00000   0.00000E+00  0.00000E+00 0.00000
           215   6.00000E-01   0.00000E+00  0.00000E+00 0.00000   0.00000E+00  0.00000E+00 0.00000
           216   5.50000E-01   0.00000E+00  0.00000E+00 0.00000   0.00000E+00  0.00000E+00 0.00000
           217   5.00000E-01   0.00000E+00  0.00000E+00 0.00000   0.00000E+00  0.00000E+00 0.00000
           218   4.50000E-01   0.00000E+00  0.00000E+00 0.00000   0.00000E+00  0.00000E+00 0.00000
           219   4.00000E-01   0.00000E+00  0.00000E+00 0.00000   0.00000E+00  0.00000E+00 0.00000
           220   3.75000E-01   0.00000E+00  0.00000E+00 0.00000   0.00000E+00  0.00000E+00 0.00000
           221   3.50000E-01   6.10487E-11  6.10487E-11 1.00000   0.00000E+00  0.00000E+00 0.00000
           222   3.25000E-01   0.00000E+00  0.00000E+00 0.00000   0.00000E+00  0.00000E+00 0.00000
           223   3.00000E-01   0.00000E+00  0.00000E+00 0.00000   0.00000E+00  0.00000E+00 0.00000
           224   2.75000E-01   0.00000E+00  0.00000E+00 0.00000   0.00000E+00  0.00000E+00 0.00000
           225   2.50000E-01   0.00000E+00  0.00000E+00 0.00000   0.00000E+00  0.00000E+00 0.00000
           226   2.25000E-01   0.00000E+00  0.00000E+00 0.00000   0.00000E+00  0.00000E+00 0.00000
           227   2.00000E-01   0.00000E+00  0.00000E+00 0.00000   0.00000E+00  0.00000E+00 0.00000
           228   1.75000E-01   0.00000E+00  0.00000E+00 0.00000   0.00000E+00  0.00000E+00 0.00000
           229   1.50000E-01   0.00000E+00  0.00000E+00 0.00000   0.00000E+00  0.00000E+00 0.00000
           230   1.25000E-01   0.00000E+00  0.00000E+00 0.00000   0.00000E+00  0.00000E+00 0.00000
           231   1.00000E-01   0.00000E+00  0.00000E+00 0.00000   0.00000E+00  0.00000E+00 0.00000
           232   9.00000E-02   0.00000E+00  0.00000E+00 0.00000   0.00000E+00  0.00000E+00 0.00000
           233   8.00000E-02   0.00000E+00  0.00000E+00 0.00000   0.00000E+00  0.00000E+00 0.00000
           234   7.00000E-02   0.00000E+00  0.00000E+00 0.00000   0.00000E+00  0.00000E+00 0.00000
           235   6.00000E-02   0.00000E+00  0.00000E+00 0.00000   0.00000E+00  0.00000E+00 0.00000
           236   5.00000E-02   0.00000E+00  0.00000E+00 0.00000   0.00000E+00  0.00000E+00 0.00000
           237   4.00000E-02   0.00000E+00  0.00000E+00 0.00000   0.00000E+00  0.00000E+00 0.00000
           238   3.00000E-02   0.00000E+00  0.00000E+00 0.00000   0.00000E+00  0.00000E+00 0.00000
           239   2.53000E-02   0.00000E+00  0.00000E+00 0.00000   0.00000E+00  0.00000E+00 0.00000
           240   1.00000E-02   0.00000E+00  0.00000E+00 0.00000   0.00000E+00  0.00000E+00 0.00000
           241   7.50000E-03   0.00000E+00  0.00000E+00 0.00000   0.00000E+00  0.00000E+00 0.00000
           242   5.00000E-03   0.00000E+00  0.00000E+00 0.00000   0.00000E+00  0.00000E+00 0.00000
           243   4.00000E-03   0.00000E+00  0.00000E+00 0.00000   0.00000E+00  0.00000E+00 0.00000
           244   3.00000E-03   0.00000E+00  0.00000E+00 0.00000   0.00000E+00  0.00000E+00 0.00000
           245   2.50000E-03   0.00000E+00  0.00000E+00 0.00000   0.00000E+00  0.00000E+00 0.00000
           246   2.00000E-03   0.00000E+00  0.00000E+00 0.00000   0.00000E+00  0.00000E+00 0.00000
           247   1.50000E-03   0.00000E+00  0.00000E+00 0.00000   0.00000E+00  0.00000E+00 0.00000
           248   1.20000E-03   0.00000E+00  0.00000E+00 0.00000   0.00000E+00  0.00000E+00 0.00000
           249   1.00000E-03   0.00000E+00  0.00000E+00 0.00000   0.00000E+00  0.00000E+00 0.00000
           250   7.50000E-04   0.00000E+00  0.00000E+00 0.00000   0.00000E+00  0.00000E+00 0.00000
           251   5.00000E-04   0.00000E+00  0.00000E+00 0.00000   0.00000E+00  0.00000E+00 0.00000
           252   1.00000E-04   0.00000E+00  0.00000E+00 0.00000   0.00000E+00  0.00000E+00 0.00000
         -----  ------------  ------------ ------------ -------  ------------ ------------ -------

         Total Neutron Fluxes - over all energy groups and time bins

                upper energy        track-length estimator          collision-density estimator   
         group      (eV)             value  uncertainty     rel         value  uncertainty     rel
         -----  ------------  ------------ ------------ -------  ------------ ------------ -------
                               1.38624E-04  2.20020E-07 0.00159   1.38422E-04  2.72680E-07 0.00197
         -----  ------------  ------------ ------------ -------  ------------ ------------ -------

         Response: 150 (using track-length fluxes)
             W-186 (n,gamma)W-187 Macro

             for time bin 1 ( 0.0000000E+00 to  1.0000000E+06 sec)

                upper energy
         group      (eV)             value  uncertainty     rel
         -----  ------------  ------------ ------------ -------
             1   2.00000E+07   0.00000E+00  0.00000E+00 0.00000
             2   1.73300E+07   0.00000E+00  0.00000E+00 0.00000
             3   1.56800E+07   0.00000E+00  0.00000E+00 0.00000
             4   1.45500E+07   4.86821E-10  1.70701E-12 0.00351
             5   1.38400E+07   3.73702E-11  4.39224E-13 0.01175
             6   1.28400E+07   3.39119E-11  4.00435E-13 0.01181
             7   1.00000E+07   2.15486E-11  2.69832E-13 0.01252
             8   8.18700E+06   3.40003E-11  3.30199E-13 0.00971
             9   6.43400E+06   1.54679E-10  1.20457E-12 0.00779
            10   4.80000E+06   1.50600E-10  1.56968E-12 0.01042
            11   4.30400E+06   1.37308E-09  6.67259E-12 0.00486
            12   3.00000E+06   1.81867E-09  9.48057E-12 0.00521
            13   2.47900E+06   6.99432E-10  6.05715E-12 0.00866
            14   2.35400E+06   4.16068E-09  1.71318E-11 0.00412
            15   1.85000E+06   4.69992E-09  1.96973E-11 0.00419
            16   1.50000E+06   1.63481E-09  1.07522E-11 0.00658
            17   1.40000E+06   7.88264E-10  7.19368E-12 0.00913
            18   1.35600E+06   7.32313E-10  7.06074E-12 0.00964
            19   1.31700E+06   1.33763E-09  1.02276E-11 0.00765
            20   1.25000E+06   1.09102E-09  9.06890E-12 0.00831
            21   1.20000E+06   2.53162E-09  1.47699E-11 0.00583
            22   1.10000E+06   2.76822E-09  1.57379E-11 0.00569
            23   1.01000E+06   3.22665E-09  1.77423E-11 0.00550
            24   9.20000E+05   7.89468E-10  8.20529E-12 0.01039
            25   9.00000E+05   1.01045E-09  8.89125E-12 0.00880
            26   8.75000E+05   5.69774E-10  6.33204E-12 0.01111
            27   8.61100E+05   1.68902E-09  1.18692E-11 0.00703
            28   8.20000E+05   3.01598E-09  1.60534E-11 0.00532
            29   7.50000E+05   3.36674E-09  1.77606E-11 0.00528
            30   6.79000E+05   4.18701E-10  5.19169E-12 0.01240
            31   6.70000E+05   3.25565E-09  1.66983E-11 0.00513
            32   6.00000E+05   1.29308E-09  9.59561E-12 0.00742
            33   5.73000E+05   1.12017E-09  8.87555E-12 0.00792
            34   5.50000E+05   2.92370E-09  1.57039E-11 0.00537
            35   4.92000E+05   1.17239E-09  9.39930E-12 0.00802
            36   4.70000E+05   1.53445E-09  1.06871E-11 0.00696
            37   4.40000E+05   9.68099E-10  7.69095E-12 0.00794
            38   4.20000E+05   1.05034E-09  8.17777E-12 0.00779
            39   4.00000E+05   3.95457E-09  1.77222E-11 0.00448
            40   3.30000E+05   3.51035E-09  1.67385E-11 0.00477
            41   2.70000E+05   4.68884E-09  2.05401E-11 0.00438
            42   2.00000E+05   3.88761E-09  1.88569E-11 0.00485
            43   1.49000E+05   2.24206E-09  1.53401E-11 0.00684
            44   1.28300E+05   3.71168E-09  2.37952E-11 0.00641
            45   1.00000E+05   1.84166E-09  1.56935E-11 0.00852
            46   8.50000E+04   4.12731E-10  6.49551E-12 0.01574
            47   8.20000E+04   1.24904E-09  1.24032E-11 0.00993
            48   7.50000E+04   3.63441E-10  6.26511E-12 0.01724
            49   7.30000E+04   2.00245E-09  1.79197E-11 0.00895
            50   6.00000E+04   1.15761E-09  1.39846E-11 0.01208
            51   5.20000E+04   2.80488E-10  5.74789E-12 0.02049
            52   5.00000E+04   6.63860E-10  9.92946E-12 0.01496
            53   4.50000E+04   1.94612E-09  1.91724E-11 0.00985
            54   3.00000E+04   1.46513E-09  1.75339E-11 0.01197
            55   2.00000E+04   3.89049E-10  8.31120E-12 0.02136
            56   1.70000E+04   6.12094E-10  1.32202E-11 0.02160
            57   1.30000E+04   5.53435E-10  1.38202E-11 0.02497
            58   9.50000E+03   2.10982E-10  8.29766E-12 0.03933
            59   8.03000E+03   2.98682E-10  1.06127E-11 0.03553
            60   5.70000E+03   2.24146E-10  1.00625E-11 0.04489
            61   3.90000E+03   1.91924E-11  1.71242E-12 0.08922
            62   3.74000E+03   9.60005E-11  6.22988E-12 0.06489
            63   3.00000E+03   7.14125E-11  7.17554E-12 0.10048
            64   2.50000E+03   2.43666E-11  2.66285E-12 0.10928
            65   2.25000E+03   8.71047E-14  1.60050E-14 0.18374
            66   2.20000E+03   5.59048E-11  5.99924E-12 0.10731
            67   1.80000E+03   1.97055E-11  3.25819E-12 0.16534
            68   1.55000E+03   7.51093E-12  1.83766E-12 0.24467
            69   1.50000E+03   4.05708E-11  4.70943E-12 0.11608
            70   1.15000E+03   6.53020E-11  9.34837E-12 0.14316
            71   9.50000E+02   1.37089E-10  1.99808E-11 0.14575
            72   6.83000E+02   3.92662E-12  1.34696E-12 0.34303
            73   6.70000E+02   5.36654E-11  2.13955E-11 0.39868
            74   5.50000E+02   9.55298E-11  1.96225E-11 0.20541
            75   3.05000E+02   6.91126E-11  2.24517E-11 0.32486
            76   2.85000E+02   6.32383E-12  1.23486E-12 0.19527
            77   2.40000E+02   3.61656E-11  2.04542E-11 0.56557
            78   2.20000E+02   2.39402E-10  8.11589E-11 0.33901
            79   2.09500E+02   5.03674E-12  3.19728E-12 0.63479
            80   2.07400E+02   3.86250E-12  1.64259E-12 0.42527
            81   2.02000E+02   3.28515E-12  1.05690E-12 0.32172
            82   1.93000E+02   3.96663E-13  1.56125E-13 0.39360
            83   1.91500E+02   1.51264E-12  9.53124E-13 0.63011
            84   1.88500E+02   1.37674E-13  7.78922E-14 0.56577
            85   1.87700E+02   1.76571E-12  5.15342E-13 0.29186
            86   1.80000E+02   1.17484E-10  3.61678E-11 0.30785
            87   1.70000E+02   1.25341E-11  3.00818E-12 0.24000
            88   1.43000E+02   7.44254E-13  2.07643E-13 0.27899
            89   1.22000E+02   2.18022E-13  8.16276E-14 0.37440
            90   1.19000E+02   4.37133E-14  2.24842E-14 0.51436
            91   1.17500E+02   3.81246E-13  3.19744E-13 0.83868
            92   1.16000E+02   1.07870E-13  4.65487E-14 0.43153
            93   1.13000E+02   2.96106E-13  1.16654E-13 0.39396
            94   1.08000E+02   2.28267E-13  1.24226E-13 0.54421
            95   1.05000E+02   3.72112E-13  1.68296E-13 0.45227
            96   1.01200E+02   4.96654E-13  1.43663E-13 0.28926
            97   9.70000E+01   9.12026E-13  2.79497E-13 0.30646
            98   9.00000E+01   1.08447E-12  4.06417E-13 0.37476
            99   8.17000E+01   1.36939E-13  6.02006E-14 0.43962
           100   8.00000E+01   5.95118E-13  2.43045E-13 0.40840
           101   7.60000E+01   1.06661E-12  4.37147E-13 0.40985
           102   7.20000E+01   6.16979E-13  2.86800E-13 0.46485
           103   6.75000E+01   5.72283E-13  4.34422E-13 0.75910
           104   6.50000E+01   4.77803E-13  1.92737E-13 0.40338
           105   6.30000E+01   5.14023E-13  2.29462E-13 0.44641
           106   6.10000E+01   1.81972E-12  6.88062E-13 0.37811
           107   5.80000E+01   1.83684E-12  6.56699E-13 0.35752
           108   5.34000E+01   1.40146E-12  4.41491E-13 0.31502
           109   5.06000E+01   1.70890E-12  8.92299E-13 0.52215
           110   4.83000E+01   2.05344E-12  8.34596E-13 0.40644
           111   4.52000E+01   1.81364E-12  8.02070E-13 0.44224
           112   4.40000E+01   1.99513E-12  1.33862E-12 0.67095
           113   4.24000E+01   1.40116E-12  5.97966E-13 0.42677
           114   4.10000E+01   1.10818E-12  6.25571E-13 0.56450
           115   3.96000E+01   1.45515E-12  1.10789E-12 0.76135
           116   3.91000E+01   1.89163E-12  9.66597E-13 0.51099
           117   3.80000E+01   4.03298E-13  2.65911E-13 0.65934
           118   3.76300E+01   7.21181E-13  5.57184E-13 0.77260
           119   3.72700E+01   1.48347E-13  1.20425E-13 0.81178
           120   3.71300E+01   9.17932E-14  9.17932E-14 1.00000
           121   3.70000E+01   2.11135E-12  1.26825E-12 0.60068
           122   3.60000E+01   4.09020E-12  3.10353E-12 0.75877
           123   3.55000E+01   4.15125E-12  2.15017E-12 0.51796
           124   3.50000E+01   6.56996E-12  2.93032E-12 0.44602
           125   3.37500E+01   1.48017E-12  7.87917E-13 0.53232
           126   3.32500E+01   9.74333E-12  4.30301E-12 0.44164
           127   3.17500E+01   1.57445E-12  9.40758E-13 0.59752
           128   3.12500E+01   1.46542E-11  5.76860E-12 0.39365
           129   3.00000E+01   4.15782E-11  1.33199E-11 0.32036
           130   2.75000E+01   9.26784E-11  2.98431E-11 0.32201
           131   2.50000E+01   1.27260E-10  5.61455E-11 0.44119
           132   2.25000E+01   1.46570E-10  6.47529E-11 0.44179
           133   2.17500E+01   6.16379E-11  2.38969E-11 0.38770
           134   2.12000E+01   1.24032E-10  5.87683E-11 0.47381
           135   2.05000E+01   1.37993E-10  7.67063E-11 0.55587
           136   2.00000E+01   2.19669E-10  9.18706E-11 0.41822
           137   1.94000E+01   1.17457E-09  4.45910E-10 0.37964
           138   1.85000E+01   8.25518E-10  3.80857E-10 0.46136
           139   1.70000E+01   3.29760E-10  1.77060E-10 0.53693
           140   1.60000E+01   2.47726E-10  1.00021E-10 0.40376
           141   1.44000E+01   9.63062E-11  4.79116E-11 0.49749
           142   1.29000E+01   7.70734E-11  2.94894E-11 0.38261
           143   1.19000E+01   2.95122E-11  1.44391E-11 0.48926
           144   1.15000E+01   2.01066E-10  1.18788E-10 0.59079
           145   1.00000E+01   1.97666E-11  8.42529E-12 0.42624
           146   9.10000E+00   3.01301E-11  1.39025E-11 0.46142
           147   8.10000E+00   3.76879E-11  2.80076E-11 0.74315
           148   7.15000E+00   1.15202E-12  8.19511E-13 0.71137
           149   7.00000E+00   0.00000E+00  0.00000E+00 0.00000
           150   6.87500E+00   0.00000E+00  0.00000E+00 0.00000
           151   6.75000E+00   7.94378E-11  7.56328E-11 0.95210
           152   6.50000E+00   1.80793E-11  1.14818E-11 0.63508
           153   6.25000E+00   2.83449E-11  1.38016E-11 0.48692
           154   6.00000E+00   1.01329E-10  6.75725E-11 0.66686
           155   5.40000E+00   1.10185E-11  7.26778E-12 0.65960
           156   5.00000E+00   7.91270E-12  5.58077E-12 0.70529
           157   4.70000E+00   5.49516E-12  3.56987E-12 0.64964
           158   4.10000E+00   5.87033E-12  5.16850E-12 0.88044
           159   3.73000E+00   3.49466E-13  3.49466E-13 1.00000
           160   3.50000E+00   5.03279E-12  4.21747E-12 0.83800
           161   3.20000E+00   0.00000E+00  0.00000E+00 0.00000
           162   3.10000E+00   1.16461E-11  7.65109E-12 0.65697
           163   3.00000E+00   1.67175E-12  1.67175E-12 1.00000
           164   2.97000E+00   1.19766E-11  1.11625E-11 0.93203
           165   2.87000E+00   0.00000E+00  0.00000E+00 0.00000
           166   2.77000E+00   2.07383E-12  1.60982E-12 0.77626
           167   2.67000E+00   2.01472E-11  1.18009E-11 0.58573
           168   2.57000E+00   8.19140E-12  6.21616E-12 0.75886
           169   2.47000E+00   2.09522E-11  1.23121E-11 0.58763
           170   2.38000E+00   5.45483E-12  3.14185E-12 0.57598
           171   2.30000E+00   7.21547E-12  5.24314E-12 0.72665
           172   2.21000E+00   3.81290E-13  3.81290E-13 1.00000
           173   2.12000E+00   5.88961E-14  5.88961E-14 1.00000
           174   2.00000E+00   3.40489E-12  2.50037E-12 0.73435
           175   1.94000E+00   0.00000E+00  0.00000E+00 0.00000
           176   1.86000E+00   0.00000E+00  0.00000E+00 0.00000
           177   1.77000E+00   0.00000E+00  0.00000E+00 0.00000
           178   1.68000E+00   0.00000E+00  0.00000E+00 0.00000
           179   1.59000E+00   0.00000E+00  0.00000E+00 0.00000
           180   1.50000E+00   2.68355E-11  2.68355E-11 1.00000
           181   1.45000E+00   0.00000E+00  0.00000E+00 0.00000
           182   1.40000E+00   0.00000E+00  0.00000E+00 0.00000
           183   1.35000E+00   1.82744E-11  1.82744E-11 1.00000
           184   1.30000E+00   0.00000E+00  0.00000E+00 0.00000
           185   1.25000E+00   0.00000E+00  0.00000E+00 0.00000
           186   1.22500E+00   0.00000E+00  0.00000E+00 0.00000
           187   1.20000E+00   0.00000E+00  0.00000E+00 0.00000
           188   1.17500E+00   0.00000E+00  0.00000E+00 0.00000
           189   1.15000E+00   0.00000E+00  0.00000E+00 0.00000
           190   1.14000E+00   0.00000E+00  0.00000E+00 0.00000
           191   1.13000E+00   0.00000E+00  0.00000E+00 0.00000
           192   1.12000E+00   0.00000E+00  0.00000E+00 0.00000
           193   1.11000E+00   0.00000E+00  0.00000E+00 0.00000
           194   1.10000E+00   0.00000E+00  0.00000E+00 0.00000
           195   1.09000E+00   0.00000E+00  0.00000E+00 0.00000
           196   1.08000E+00   0.00000E+00  0.00000E+00 0.00000
           197   1.07000E+00   0.00000E+00  0.00000E+00 0.00000
           198   1.06000E+00   0.00000E+00  0.00000E+00 0.00000
           199   1.05000E+00   0.00000E+00  0.00000E+00 0.00000
           200   1.04000E+00   0.00000E+00  0.00000E+00 0.00000
           201   1.03000E+00   0.00000E+00  0.00000E+00 0.00000
           202   1.02000E+00   0.00000E+00  0.00000E+00 0.00000
           203   1.01000E+00   0.00000E+00  0.00000E+00 0.00000
           204   1.00000E+00   0.00000E+00  0.00000E+00 0.00000
           205   9.75000E-01   0.00000E+00  0.00000E+00 0.00000
           206   9.50000E-01   0.00000E+00  0.00000E+00 0.00000
           207   9.25000E-01   0.00000E+00  0.00000E+00 0.00000
           208   9.00000E-01   0.00000E+00  0.00000E+00 0.00000
           209   8.50000E-01   0.00000E+00  0.00000E+00 0.00000
           210   8.00000E-01   1.15035E-11  1.15035E-11 1.00000
           211   7.50000E-01   1.19307E-11  1.19307E-11 1.00000
           212   7.00000E-01   2.33610E-12  2.33610E-12 1.00000
           213   6.50000E-01   0.00000E+00  0.00000E+00 0.00000
           214   6.25000E-01   0.00000E+00  0.00000E+00 0.00000
           215   6.00000E-01   0.00000E+00  0.00000E+00 0.00000
           216   5.50000E-01   0.00000E+00  0.00000E+00 0.00000
           217   5.00000E-01   0.00000E+00  0.00000E+00 0.00000
           218   4.50000E-01   0.00000E+00  0.00000E+00 0.00000
           219   4.00000E-01   0.00000E+00  0.00000E+00 0.00000
           220   3.75000E-01   0.00000E+00  0.00000E+00 0.00000
           221   3.50000E-01   1.14822E-11  1.14822E-11 1.00000
           222   3.25000E-01   0.00000E+00  0.00000E+00 0.00000
           223   3.00000E-01   0.00000E+00  0.00000E+00 0.00000
           224   2.75000E-01   0.00000E+00  0.00000E+00 0.00000
           225   2.50000E-01   0.00000E+00  0.00000E+00 0.00000
           226   2.25000E-01   0.00000E+00  0.00000E+00 0.00000
           227   2.00000E-01   0.00000E+00  0.00000E+00 0.00000
           228   1.75000E-01   0.00000E+00  0.00000E+00 0.00000
           229   1.50000E-01   0.00000E+00  0.00000E+00 0.00000
           230   1.25000E-01   0.00000E+00  0.00000E+00 0.00000
           231   1.00000E-01   0.00000E+00  0.00000E+00 0.00000
           232   9.00000E-02   0.00000E+00  0.00000E+00 0.00000
           233   8.00000E-02   0.00000E+00  0.00000E+00 0.00000
           234   7.00000E-02   0.00000E+00  0.00000E+00 0.00000
           235   6.00000E-02   0.00000E+00  0.00000E+00 0.00000
           236   5.00000E-02   0.00000E+00  0.00000E+00 0.00000
           237   4.00000E-02   0.00000E+00  0.00000E+00 0.00000
           238   3.00000E-02   0.00000E+00  0.00000E+00 0.00000
           239   2.53000E-02   0.00000E+00  0.00000E+00 0.00000
           240   1.00000E-02   0.00000E+00  0.00000E+00 0.00000
           241   7.50000E-03   0.00000E+00  0.00000E+00 0.00000
           242   5.00000E-03   0.00000E+00  0.00000E+00 0.00000
           243   4.00000E-03   0.00000E+00  0.00000E+00 0.00000
           244   3.00000E-03   0.00000E+00  0.00000E+00 0.00000
           245   2.50000E-03   0.00000E+00  0.00000E+00 0.00000
           246   2.00000E-03   0.00000E+00  0.00000E+00 0.00000
           247   1.50000E-03   0.00000E+00  0.00000E+00 0.00000
           248   1.20000E-03   0.00000E+00  0.00000E+00 0.00000
           249   1.00000E-03   0.00000E+00  0.00000E+00 0.00000
           250   7.50000E-04   0.00000E+00  0.00000E+00 0.00000
           251   5.00000E-04   0.00000E+00  0.00000E+00 0.00000
           252   1.00000E-04   0.00000E+00  0.00000E+00 0.00000
         -----  ------------  ------------ ------------ -------

         Total Response - over all energy groups and time bins

                upper energy
         group      (eV)             value  uncertainty     rel
         -----  ------------  ------------ ------------ -------
         total                 9.33458E-08  9.91973E-10 0.01063
         -----  ------------  ------------ ------------ -------


