     Region Tally 140 (neutron)
         tally limited to unit: 1
         tally limited to region: 14
         tally limited to media: 14
         energyBounds:    1 with 252 groups
         timeBounds:      1 with 1 bins
         comment:          Al-27 (n,alpha) per cc // Al-27 (n,p) per cc
         volume (cm**3)    1.9634954E+00
         using responses: 140 142
         multiplier:         1.0000000E+00

 Details for the final tally

         Neutron Fluxes - for time bin 1 ( 0.0000000E+00 to  1.0000000E+06 sec)

                upper energy        track-length estimator          collision-density estimator   
         group      (eV)             value  uncertainty     rel         value  uncertainty     rel
         -----  ------------  ------------ ------------ -------  ------------ ------------ -------
             1   2.00000E+07   0.00000E+00  0.00000E+00 0.00000   0.00000E+00  0.00000E+00 0.00000
             2   1.73300E+07   0.00000E+00  0.00000E+00 0.00000   0.00000E+00  0.00000E+00 0.00000
             3   1.56800E+07   0.00000E+00  0.00000E+00 0.00000   0.00000E+00  0.00000E+00 0.00000
             4   1.45500E+07   1.80048E-05  6.29354E-08 0.00350   1.78126E-05  1.48021E-07 0.00831
             5   1.38400E+07   1.34194E-06  1.55361E-08 0.01158   1.36278E-06  4.09075E-08 0.03002
             6   1.28400E+07   1.22069E-06  1.45122E-08 0.01189   1.26266E-06  4.30738E-08 0.03411
             7   1.00000E+07   1.00756E-06  1.27714E-08 0.01268   1.00525E-06  3.56341E-08 0.03545
             8   8.18700E+06   1.59602E-06  1.61933E-08 0.01015   1.62955E-06  4.29324E-08 0.02635
             9   6.43400E+06   2.30691E-06  1.90664E-08 0.00826   2.29577E-06  4.68553E-08 0.02041
            10   4.80000E+06   1.16833E-06  1.27820E-08 0.01094   1.12527E-06  3.04364E-08 0.02705
            11   4.30400E+06   5.52868E-06  2.89464E-08 0.00524   5.42642E-06  6.34123E-08 0.01169
            12   3.00000E+06   4.59880E-06  2.59817E-08 0.00565   4.61022E-06  5.16053E-08 0.01119
            13   2.47900E+06   1.48704E-06  1.38755E-08 0.00933   1.47261E-06  3.18179E-08 0.02161
            14   2.35400E+06   7.79436E-06  3.48420E-08 0.00447   7.70035E-06  6.61107E-08 0.00859
            15   1.85000E+06   7.87064E-06  3.54586E-08 0.00451   7.91470E-06  6.99931E-08 0.00884
            16   1.50000E+06   2.72808E-06  1.88341E-08 0.00690   2.71203E-06  3.78288E-08 0.01395
            17   1.40000E+06   1.28484E-06  1.25224E-08 0.00975   1.29984E-06  2.70935E-08 0.02084
            18   1.35600E+06   1.18820E-06  1.20087E-08 0.01011   1.16332E-06  2.65896E-08 0.02286
            19   1.31700E+06   2.06381E-06  1.66973E-08 0.00809   2.07679E-06  3.42881E-08 0.01651
            20   1.25000E+06   1.60492E-06  1.34323E-08 0.00837   1.57238E-06  2.77597E-08 0.01765
            21   1.20000E+06   3.56173E-06  2.12742E-08 0.00597   3.62498E-06  4.01326E-08 0.01107
            22   1.10000E+06   3.71480E-06  2.22602E-08 0.00599   3.72202E-06  4.78782E-08 0.01286
            23   1.01000E+06   4.07974E-06  2.34427E-08 0.00575   4.11270E-06  4.99260E-08 0.01214
            24   9.20000E+05   9.72821E-07  1.08312E-08 0.01113   9.69827E-07  2.46864E-08 0.02545
            25   9.00000E+05   1.19694E-06  1.04755E-08 0.00875   1.20662E-06  2.23952E-08 0.01856
            26   8.75000E+05   6.87124E-07  8.51265E-09 0.01239   6.90425E-07  1.59590E-08 0.02311
            27   8.61100E+05   2.02170E-06  1.41379E-08 0.00699   2.04121E-06  2.62934E-08 0.01288
            28   8.20000E+05   3.59190E-06  2.05040E-08 0.00571   3.61445E-06  3.49677E-08 0.00967
            29   7.50000E+05   4.08527E-06  2.26234E-08 0.00554   4.02537E-06  4.43581E-08 0.01102
            30   6.79000E+05   5.11102E-07  7.70519E-09 0.01508   5.17762E-07  1.57015E-08 0.03033
            31   6.70000E+05   3.90595E-06  2.07679E-08 0.00532   3.83637E-06  3.90870E-08 0.01019
            32   6.00000E+05   1.52267E-06  1.14188E-08 0.00750   1.50533E-06  2.25397E-08 0.01497
            33   5.73000E+05   1.30492E-06  1.02217E-08 0.00783   1.29106E-06  1.98435E-08 0.01537
            34   5.50000E+05   3.41650E-06  1.83243E-08 0.00536   3.41508E-06  3.44800E-08 0.01010
            35   4.92000E+05   1.38868E-06  1.15420E-08 0.00831   1.37792E-06  2.25776E-08 0.01639
            36   4.70000E+05   1.75845E-06  1.22488E-08 0.00697   1.79576E-06  2.34846E-08 0.01308
            37   4.40000E+05   1.12237E-06  9.62708E-09 0.00858   1.10714E-06  1.67978E-08 0.01517
            38   4.20000E+05   1.23958E-06  9.87154E-09 0.00796   1.26530E-06  1.98486E-08 0.01569
            39   4.00000E+05   4.70637E-06  2.22115E-08 0.00472   4.79471E-06  4.79891E-08 0.01001
            40   3.30000E+05   3.90369E-06  1.94357E-08 0.00498   3.89361E-06  3.91435E-08 0.01005
            41   2.70000E+05   4.70370E-06  2.12301E-08 0.00451   4.69156E-06  4.62897E-08 0.00987
            42   2.00000E+05   3.39348E-06  1.72568E-08 0.00509   3.40030E-06  2.86725E-08 0.00843
            43   1.49000E+05   1.55901E-06  1.07906E-08 0.00692   1.59426E-06  2.41581E-08 0.01515
            44   1.28300E+05   1.86708E-06  1.23752E-08 0.00663   1.87593E-06  2.82502E-08 0.01506
            45   1.00000E+05   7.69531E-07  6.34107E-09 0.00824   7.78879E-07  9.41425E-09 0.01209
            46   8.50000E+04   1.68941E-07  2.19947E-09 0.01302   1.73281E-07  3.76451E-09 0.02172
            47   8.20000E+04   5.85472E-07  5.47488E-09 0.00935   5.77604E-07  1.15905E-08 0.02007
            48   7.50000E+04   1.70813E-07  2.79473E-09 0.01636   1.72391E-07  8.97356E-09 0.05205
            49   7.30000E+04   8.78868E-07  8.50989E-09 0.00968   9.10424E-07  2.75692E-08 0.03028
            50   6.00000E+04   4.91154E-07  6.26659E-09 0.01276   4.75503E-07  1.74031E-08 0.03660
            51   5.20000E+04   1.14593E-07  2.89508E-09 0.02526   1.03659E-07  7.13866E-09 0.06887
            52   5.00000E+04   2.66746E-07  4.01947E-09 0.01507   2.77741E-07  1.02297E-08 0.03683
            53   4.50000E+04   7.42446E-07  7.01690E-09 0.00945   7.62608E-07  1.19469E-08 0.01567
            54   3.00000E+04   5.19622E-07  6.38530E-09 0.01229   5.38222E-07  3.07900E-08 0.05721
            55   2.00000E+04   1.32759E-07  3.14055E-09 0.02366   9.65624E-08  1.19128E-08 0.12337
            56   1.70000E+04   1.83555E-07  4.25678E-09 0.02319   1.82925E-07  1.49386E-08 0.08167
            57   1.30000E+04   1.44390E-07  4.53389E-09 0.03140   1.36635E-07  1.31508E-08 0.09625
            58   9.50000E+03   5.63696E-08  2.57392E-09 0.04566   5.07663E-08  6.80930E-09 0.13413
            59   8.03000E+03   7.48230E-08  3.35869E-09 0.04489   6.38750E-08  7.62188E-09 0.11932
            60   5.70000E+03   4.94816E-08  2.16488E-09 0.04375   4.49758E-08  5.79834E-09 0.12892
            61   3.90000E+03   4.47642E-09  4.34608E-10 0.09709   5.12114E-09  2.17378E-09 0.42447
            62   3.74000E+03   2.04682E-08  1.65849E-09 0.08103   1.91219E-08  4.26447E-09 0.22302
            63   3.00000E+03   1.27385E-08  1.07361E-09 0.08428   1.63409E-08  4.25294E-09 0.26026
            64   2.50000E+03   5.13736E-09  5.82391E-10 0.11336   1.00261E-08  2.91433E-09 0.29067
            65   2.25000E+03   1.62539E-09  3.43358E-10 0.21125   2.05589E-09  1.62653E-09 0.79115
            66   2.20000E+03   9.22148E-09  9.80611E-10 0.10634   4.64115E-09  1.63677E-09 0.35266
            67   1.80000E+03   4.41287E-09  6.36654E-10 0.14427   3.76086E-09  2.00067E-09 0.53197
            68   1.55000E+03   8.78004E-10  1.81587E-10 0.20682   2.53573E-09  1.85739E-09 0.73249
            69   1.50000E+03   6.58635E-09  7.78189E-10 0.11815   5.40568E-09  2.09676E-09 0.38788
            70   1.15000E+03   4.60169E-09  7.35526E-10 0.15984   1.80107E-09  8.14638E-10 0.45231
            71   9.50000E+02   9.03181E-09  1.22972E-09 0.13615   5.28200E-09  1.89827E-09 0.35938
            72   6.83000E+02   2.60940E-10  9.91454E-11 0.37996   3.63979E-10  3.63979E-10 1.00000
            73   6.70000E+02   3.35130E-09  5.69683E-10 0.16999   4.47699E-09  2.27511E-09 0.50818
            74   5.50000E+02   9.53447E-09  2.74329E-09 0.28772   1.10612E-08  4.45566E-09 0.40282
            75   3.05000E+02   1.93334E-09  7.82506E-10 0.40474   2.24930E-09  1.27032E-09 0.56476
            76   2.85000E+02   2.52413E-09  5.20148E-10 0.20607   4.30182E-09  2.29458E-09 0.53340
            77   2.40000E+02   1.00597E-09  4.85471E-10 0.48259   2.75118E-10  2.75118E-10 1.00000
            78   2.20000E+02   6.18488E-10  1.91526E-10 0.30967   1.61919E-09  1.61919E-09 1.00000
            79   2.09500E+02   7.21059E-11  4.78105E-11 0.66306   0.00000E+00  0.00000E+00 0.00000
            80   2.07400E+02   2.20668E-10  8.03865E-11 0.36429   0.00000E+00  0.00000E+00 0.00000
            81   2.02000E+02   1.01876E-09  4.67016E-10 0.45842   0.00000E+00  0.00000E+00 0.00000
            82   1.93000E+02   6.85284E-11  4.49237E-11 0.65555   0.00000E+00  0.00000E+00 0.00000
            83   1.91500E+02   1.60066E-10  7.50999E-11 0.46918   0.00000E+00  0.00000E+00 0.00000
            84   1.88500E+02   9.02154E-12  9.02154E-12 1.00000   0.00000E+00  0.00000E+00 0.00000
            85   1.87700E+02   2.52704E-10  7.49986E-11 0.29678   0.00000E+00  0.00000E+00 0.00000
            86   1.80000E+02   3.06274E-10  1.18791E-10 0.38786   0.00000E+00  0.00000E+00 0.00000
            87   1.70000E+02   1.24863E-09  3.18313E-10 0.25493   1.56267E-09  1.09521E-09 0.70086
            88   1.43000E+02   2.38317E-09  1.46981E-09 0.61675   1.65086E-09  1.65085E-09 1.00000
            89   1.22000E+02   1.40127E-10  4.99586E-11 0.35652   0.00000E+00  0.00000E+00 0.00000
            90   1.19000E+02   4.24598E-11  2.51461E-11 0.59223   1.60048E-10  1.60048E-10 1.00000
            91   1.17500E+02   4.10870E-11  3.88692E-11 0.94602   0.00000E+00  0.00000E+00 0.00000
            92   1.16000E+02   2.79694E-10  1.64792E-10 0.58919   0.00000E+00  0.00000E+00 0.00000
            93   1.13000E+02   3.21597E-10  1.30158E-10 0.40472   0.00000E+00  0.00000E+00 0.00000
            94   1.08000E+02   2.01101E-10  1.00109E-10 0.49780   5.71045E-10  5.71045E-10 1.00000
            95   1.05000E+02   1.58147E-10  7.02059E-11 0.44393   0.00000E+00  0.00000E+00 0.00000
            96   1.01200E+02   2.41776E-10  7.26904E-11 0.30065   0.00000E+00  0.00000E+00 0.00000
            97   9.70000E+01   6.01717E-10  1.95662E-10 0.32517   1.42945E-09  1.03997E-09 0.72753
            98   9.00000E+01   5.20252E-10  1.74867E-10 0.33612   6.13708E-10  4.16373E-10 0.67845
            99   8.17000E+01   1.65877E-10  6.64558E-11 0.40063   4.21080E-09  4.21080E-09 1.00000
           100   8.00000E+01   2.53884E-10  9.96510E-11 0.39251   0.00000E+00  0.00000E+00 0.00000
           101   7.60000E+01   6.69054E-10  4.18015E-10 0.62479   1.22879E-10  1.22879E-10 1.00000
           102   7.20000E+01   3.37229E-10  1.25497E-10 0.37214   4.45657E-10  4.45657E-10 1.00000
           103   6.75000E+01   4.67457E-10  3.29067E-10 0.70395   0.00000E+00  0.00000E+00 0.00000
           104   6.50000E+01   1.41192E-10  7.47809E-11 0.52964   0.00000E+00  0.00000E+00 0.00000
           105   6.30000E+01   1.76038E-10  1.09783E-10 0.62364   5.93547E-10  5.93546E-10 1.00000
           106   6.10000E+01   2.42421E-10  8.64694E-11 0.35669   1.23549E-10  1.23549E-10 1.00000
           107   5.80000E+01   9.94663E-10  4.22606E-10 0.42487   3.88230E-09  2.45450E-09 0.63223
           108   5.34000E+01   4.31884E-10  1.46054E-10 0.33818   2.03573E-10  2.03573E-10 1.00000
           109   5.06000E+01   2.49788E-10  1.13662E-10 0.45503   0.00000E+00  0.00000E+00 0.00000
           110   4.83000E+01   4.10137E-10  1.91649E-10 0.46728   0.00000E+00  0.00000E+00 0.00000
           111   4.52000E+01   7.12842E-11  3.09029E-11 0.43352   0.00000E+00  0.00000E+00 0.00000
           112   4.40000E+01   4.90497E-10  3.30056E-10 0.67290   1.69410E-09  1.57938E-09 0.93228
           113   4.24000E+01   7.37722E-11  3.38004E-11 0.45817   0.00000E+00  0.00000E+00 0.00000
           114   4.10000E+01   7.80674E-11  3.73673E-11 0.47865   0.00000E+00  0.00000E+00 0.00000
           115   3.96000E+01   4.57344E-11  4.02102E-11 0.87921   0.00000E+00  0.00000E+00 0.00000
           116   3.91000E+01   9.53520E-11  5.13292E-11 0.53831   1.18681E-10  1.18681E-10 1.00000
           117   3.80000E+01   1.78203E-11  1.55466E-11 0.87241   0.00000E+00  0.00000E+00 0.00000
           118   3.76300E+01   9.82558E-12  9.82558E-12 1.00000   0.00000E+00  0.00000E+00 0.00000
           119   3.72700E+01   3.14844E-12  3.14844E-12 1.00000   0.00000E+00  0.00000E+00 0.00000
           120   3.71300E+01   1.39236E-11  1.01806E-11 0.73118   0.00000E+00  0.00000E+00 0.00000
           121   3.70000E+01   1.68108E-10  9.72439E-11 0.57846   0.00000E+00  0.00000E+00 0.00000
           122   3.60000E+01   6.07836E-11  3.65250E-11 0.60090   0.00000E+00  0.00000E+00 0.00000
           123   3.55000E+01   1.49367E-10  7.26775E-11 0.48657   0.00000E+00  0.00000E+00 0.00000
           124   3.50000E+01   1.94184E-10  8.00442E-11 0.41221   0.00000E+00  0.00000E+00 0.00000
           125   3.37500E+01   7.36532E-11  3.84911E-11 0.52260   0.00000E+00  0.00000E+00 0.00000
           126   3.32500E+01   1.18146E-10  5.98905E-11 0.50692   0.00000E+00  0.00000E+00 0.00000
           127   3.17500E+01   2.02359E-10  1.77307E-10 0.87620   0.00000E+00  0.00000E+00 0.00000
           128   3.12500E+01   2.14593E-10  9.02703E-11 0.42066   5.54048E-10  5.54048E-10 1.00000
           129   3.00000E+01   6.22423E-10  2.05237E-10 0.32974   6.47322E-10  6.47322E-10 1.00000
           130   2.75000E+01   8.35247E-10  3.79293E-10 0.45411   0.00000E+00  0.00000E+00 0.00000
           131   2.50000E+01   4.75073E-10  2.42672E-10 0.51081   7.41430E-10  5.23443E-10 0.70599
           132   2.25000E+01   6.44949E-11  2.70180E-11 0.41892   1.02816E-09  1.02816E-09 1.00000
           133   2.17500E+01   3.50381E-11  2.68677E-11 0.76682   0.00000E+00  0.00000E+00 0.00000
           134   2.12000E+01   1.00188E-12  7.73294E-13 0.77185   0.00000E+00  0.00000E+00 0.00000
           135   2.05000E+01   6.73978E-12  4.33215E-12 0.64277   0.00000E+00  0.00000E+00 0.00000
           136   2.00000E+01   4.43956E-11  4.23850E-11 0.95471   0.00000E+00  0.00000E+00 0.00000
           137   1.94000E+01   4.49947E-10  3.14056E-10 0.69799   0.00000E+00  0.00000E+00 0.00000
           138   1.85000E+01   5.91715E-10  5.35539E-10 0.90506   0.00000E+00  0.00000E+00 0.00000
           139   1.70000E+01   8.35511E-11  3.93488E-11 0.47096   0.00000E+00  0.00000E+00 0.00000
           140   1.60000E+01   2.85042E-10  1.24684E-10 0.43742   6.17598E-10  6.17598E-10 1.00000
           141   1.44000E+01   5.64412E-10  3.03883E-10 0.53841   1.00409E-09  1.00409E-09 1.00000
           142   1.29000E+01   3.24988E-10  1.24796E-10 0.38400   0.00000E+00  0.00000E+00 0.00000
           143   1.19000E+01   9.35645E-11  6.80553E-11 0.72736   7.07890E-10  7.07890E-10 1.00000
           144   1.15000E+01   7.98332E-10  3.78135E-10 0.47366   0.00000E+00  0.00000E+00 0.00000
           145   1.00000E+01   2.06748E-10  1.24585E-10 0.60259   0.00000E+00  0.00000E+00 0.00000
           146   9.10000E+00   1.13329E-10  7.49107E-11 0.66100   3.75155E-10  3.75155E-10 1.00000
           147   8.10000E+00   1.25816E-09  1.07729E-09 0.85624   6.88738E-10  5.77786E-10 0.83891
           148   7.15000E+00   1.30887E-11  8.99582E-12 0.68729   0.00000E+00  0.00000E+00 0.00000
           149   7.00000E+00   7.44545E-11  7.44545E-11 1.00000   0.00000E+00  0.00000E+00 0.00000
           150   6.87500E+00   3.41399E-11  3.06457E-11 0.89765   0.00000E+00  0.00000E+00 0.00000
           151   6.75000E+00   5.44649E-10  3.71362E-10 0.68184   1.22465E-09  9.06174E-10 0.73995
           152   6.50000E+00   2.92538E-10  1.87524E-10 0.64102   1.67229E-10  1.67229E-10 1.00000
           153   6.25000E+00   3.35705E-10  1.78074E-10 0.53045   0.00000E+00  0.00000E+00 0.00000
           154   6.00000E+00   2.21360E-10  8.93367E-11 0.40358   0.00000E+00  0.00000E+00 0.00000
           155   5.40000E+00   8.35063E-11  5.15893E-11 0.61779   0.00000E+00  0.00000E+00 0.00000
           156   5.00000E+00   1.89639E-11  1.89639E-11 1.00000   0.00000E+00  0.00000E+00 0.00000
           157   4.70000E+00   4.55579E-11  4.55579E-11 1.00000   0.00000E+00  0.00000E+00 0.00000
           158   4.10000E+00   1.95419E-11  1.95419E-11 1.00000   0.00000E+00  0.00000E+00 0.00000
           159   3.73000E+00   2.75871E-11  2.75871E-11 1.00000   0.00000E+00  0.00000E+00 0.00000
           160   3.50000E+00   4.34370E-11  4.08546E-11 0.94055   0.00000E+00  0.00000E+00 0.00000
           161   3.20000E+00   0.00000E+00  0.00000E+00 0.00000   0.00000E+00  0.00000E+00 0.00000
           162   3.10000E+00   2.29319E-11  2.29319E-11 1.00000   0.00000E+00  0.00000E+00 0.00000
           163   3.00000E+00   4.06987E-12  4.06987E-12 1.00000   0.00000E+00  0.00000E+00 0.00000
           164   2.97000E+00   1.72249E-10  1.66232E-10 0.96507   0.00000E+00  0.00000E+00 0.00000
           165   2.87000E+00   0.00000E+00  0.00000E+00 0.00000   0.00000E+00  0.00000E+00 0.00000
           166   2.77000E+00   2.96664E-11  2.14495E-11 0.72302   0.00000E+00  0.00000E+00 0.00000
           167   2.67000E+00   3.70266E-10  3.29354E-10 0.88951   1.89508E-10  1.89508E-10 1.00000
           168   2.57000E+00   7.39412E-10  7.07972E-10 0.95748   0.00000E+00  0.00000E+00 0.00000
           169   2.47000E+00   7.58802E-11  7.58802E-11 1.00000   2.60519E-09  2.60519E-09 1.00000
           170   2.38000E+00   2.07221E-11  1.51001E-11 0.72870   9.30583E-11  9.30583E-11 1.00000
           171   2.30000E+00   4.08041E-11  2.61075E-11 0.63983   0.00000E+00  0.00000E+00 0.00000
           172   2.21000E+00   8.90915E-11  8.90915E-11 1.00000   0.00000E+00  0.00000E+00 0.00000
           173   2.12000E+00   1.12231E-12  1.12231E-12 1.00000   0.00000E+00  0.00000E+00 0.00000
           174   2.00000E+00   7.85290E-12  7.85290E-12 1.00000   0.00000E+00  0.00000E+00 0.00000
           175   1.94000E+00   0.00000E+00  0.00000E+00 0.00000   0.00000E+00  0.00000E+00 0.00000
           176   1.86000E+00   0.00000E+00  0.00000E+00 0.00000   0.00000E+00  0.00000E+00 0.00000
           177   1.77000E+00   0.00000E+00  0.00000E+00 0.00000   0.00000E+00  0.00000E+00 0.00000
           178   1.68000E+00   2.83135E-10  2.83135E-10 1.00000   0.00000E+00  0.00000E+00 0.00000
           179   1.59000E+00   3.16834E-11  3.16834E-11 1.00000   0.00000E+00  0.00000E+00 0.00000
           180   1.50000E+00   1.73509E-11  1.73509E-11 1.00000   0.00000E+00  0.00000E+00 0.00000
           181   1.45000E+00   0.00000E+00  0.00000E+00 0.00000   0.00000E+00  0.00000E+00 0.00000
           182   1.40000E+00   0.00000E+00  0.00000E+00 0.00000   0.00000E+00  0.00000E+00 0.00000
           183   1.35000E+00   0.00000E+00  0.00000E+00 0.00000   0.00000E+00  0.00000E+00 0.00000
           184   1.30000E+00   0.00000E+00  0.00000E+00 0.00000   0.00000E+00  0.00000E+00 0.00000
           185   1.25000E+00   0.00000E+00  0.00000E+00 0.00000   0.00000E+00  0.00000E+00 0.00000
           186   1.22500E+00   0.00000E+00  0.00000E+00 0.00000   0.00000E+00  0.00000E+00 0.00000
           187   1.20000E+00   0.00000E+00  0.00000E+00 0.00000   0.00000E+00  0.00000E+00 0.00000
           188   1.17500E+00   0.00000E+00  0.00000E+00 0.00000   0.00000E+00  0.00000E+00 0.00000
           189   1.15000E+00   0.00000E+00  0.00000E+00 0.00000   0.00000E+00  0.00000E+00 0.00000
           190   1.14000E+00   0.00000E+00  0.00000E+00 0.00000   0.00000E+00  0.00000E+00 0.00000
           191   1.13000E+00   0.00000E+00  0.00000E+00 0.00000   0.00000E+00  0.00000E+00 0.00000
           192   1.12000E+00   0.00000E+00  0.00000E+00 0.00000   0.00000E+00  0.00000E+00 0.00000
           193   1.11000E+00   0.00000E+00  0.00000E+00 0.00000   0.00000E+00  0.00000E+00 0.00000
           194   1.10000E+00   0.00000E+00  0.00000E+00 0.00000   0.00000E+00  0.00000E+00 0.00000
           195   1.09000E+00   0.00000E+00  0.00000E+00 0.00000   0.00000E+00  0.00000E+00 0.00000
           196   1.08000E+00   0.00000E+00  0.00000E+00 0.00000   0.00000E+00  0.00000E+00 0.00000
           197   1.07000E+00   0.00000E+00  0.00000E+00 0.00000   0.00000E+00  0.00000E+00 0.00000
           198   1.06000E+00   0.00000E+00  0.00000E+00 0.00000   0.00000E+00  0.00000E+00 0.00000
           199   1.05000E+00   0.00000E+00  0.00000E+00 0.00000   0.00000E+00  0.00000E+00 0.00000
           200   1.04000E+00   1.23026E-09  1.23026E-09 1.00000   1.45704E-09  1.45704E-09 1.00000
           201   1.03000E+00   0.00000E+00  0.00000E+00 0.00000   0.00000E+00  0.00000E+00 0.00000
           202   1.02000E+00   0.00000E+00  0.00000E+00 0.00000   0.00000E+00  0.00000E+00 0.00000
           203   1.01000E+00   0.00000E+00  0.00000E+00 0.00000   0.00000E+00  0.00000E+00 0.00000
           204   1.00000E+00   0.00000E+00  0.00000E+00 0.00000   0.00000E+00  0.00000E+00 0.00000
           205   9.75000E-01   0.00000E+00  0.00000E+00 0.00000   0.00000E+00  0.00000E+00 0.00000
           206   9.50000E-01   0.00000E+00  0.00000E+00 0.00000   0.00000E+00  0.00000E+00 0.00000
           207   9.25000E-01   8.55221E-11  8.55221E-11 1.00000   0.00000E+00  0.00000E+00 0.00000
           208   9.00000E-01   0.00000E+00  0.00000E+00 0.00000   0.00000E+00  0.00000E+00 0.00000
           209   8.50000E-01   2.07759E-11  2.07759E-11 1.00000   0.00000E+00  0.00000E+00 0.00000
           210   8.00000E-01   4.34429E-11  3.14364E-11 0.72362   0.00000E+00  0.00000E+00 0.00000
           211   7.50000E-01   1.22462E-11  1.22462E-11 1.00000   0.00000E+00  0.00000E+00 0.00000
           212   7.00000E-01   1.69698E-11  1.69698E-11 1.00000   0.00000E+00  0.00000E+00 0.00000
           213   6.50000E-01   0.00000E+00  0.00000E+00 0.00000   0.00000E+00  0.00000E+00 0.00000
           214   6.25000E-01   0.00000E+00  0.00000E+00 0.00000   0.00000E+00  0.00000E+00 0.00000
           215   6.00000E-01   0.00000E+00  0.00000E+00 0.00000   0.00000E+00  0.00000E+00 0.00000
           216   5.50000E-01   0.00000E+00  0.00000E+00 0.00000   0.00000E+00  0.00000E+00 0.00000
           217   5.00000E-01   0.00000E+00  0.00000E+00 0.00000   0.00000E+00  0.00000E+00 0.00000
           218   4.50000E-01   0.00000E+00  0.00000E+00 0.00000   0.00000E+00  0.00000E+00 0.00000
           219   4.00000E-01   0.00000E+00  0.00000E+00 0.00000   0.00000E+00  0.00000E+00 0.00000
           220   3.75000E-01   9.33027E-13  9.33027E-13 1.00000   1.07596E-09  1.07596E-09 1.00000
           221   3.50000E-01   5.62282E-11  5.62282E-11 1.00000   0.00000E+00  0.00000E+00 0.00000
           222   3.25000E-01   0.00000E+00  0.00000E+00 0.00000   0.00000E+00  0.00000E+00 0.00000
           223   3.00000E-01   0.00000E+00  0.00000E+00 0.00000   0.00000E+00  0.00000E+00 0.00000
           224   2.75000E-01   0.00000E+00  0.00000E+00 0.00000   0.00000E+00  0.00000E+00 0.00000
           225   2.50000E-01   0.00000E+00  0.00000E+00 0.00000   0.00000E+00  0.00000E+00 0.00000
           226   2.25000E-01   0.00000E+00  0.00000E+00 0.00000   0.00000E+00  0.00000E+00 0.00000
           227   2.00000E-01   0.00000E+00  0.00000E+00 0.00000   0.00000E+00  0.00000E+00 0.00000
           228   1.75000E-01   0.00000E+00  0.00000E+00 0.00000   0.00000E+00  0.00000E+00 0.00000
           229   1.50000E-01   0.00000E+00  0.00000E+00 0.00000   0.00000E+00  0.00000E+00 0.00000
           230   1.25000E-01   0.00000E+00  0.00000E+00 0.00000   0.00000E+00  0.00000E+00 0.00000
           231   1.00000E-01   0.00000E+00  0.00000E+00 0.00000   0.00000E+00  0.00000E+00 0.00000
           232   9.00000E-02   0.00000E+00  0.00000E+00 0.00000   0.00000E+00  0.00000E+00 0.00000
           233   8.00000E-02   0.00000E+00  0.00000E+00 0.00000   0.00000E+00  0.00000E+00 0.00000
           234   7.00000E-02   0.00000E+00  0.00000E+00 0.00000   0.00000E+00  0.00000E+00 0.00000
           235   6.00000E-02   0.00000E+00  0.00000E+00 0.00000   0.00000E+00  0.00000E+00 0.00000
           236   5.00000E-02   0.00000E+00  0.00000E+00 0.00000   0.00000E+00  0.00000E+00 0.00000
           237   4.00000E-02   0.00000E+00  0.00000E+00 0.00000   0.00000E+00  0.00000E+00 0.00000
           238   3.00000E-02   0.00000E+00  0.00000E+00 0.00000   0.00000E+00  0.00000E+00 0.00000
           239   2.53000E-02   0.00000E+00  0.00000E+00 0.00000   0.00000E+00  0.00000E+00 0.00000
           240   1.00000E-02   0.00000E+00  0.00000E+00 0.00000   0.00000E+00  0.00000E+00 0.00000
           241   7.50000E-03   0.00000E+00  0.00000E+00 0.00000   0.00000E+00  0.00000E+00 0.00000
           242   5.00000E-03   0.00000E+00  0.00000E+00 0.00000   0.00000E+00  0.00000E+00 0.00000
           243   4.00000E-03   0.00000E+00  0.00000E+00 0.00000   0.00000E+00  0.00000E+00 0.00000
           244   3.00000E-03   0.00000E+00  0.00000E+00 0.00000   0.00000E+00  0.00000E+00 0.00000
           245   2.50000E-03   0.00000E+00  0.00000E+00 0.00000   0.00000E+00  0.00000E+00 0.00000
           246   2.00000E-03   0.00000E+00  0.00000E+00 0.00000   0.00000E+00  0.00000E+00 0.00000
           247   1.50000E-03   0.00000E+00  0.00000E+00 0.00000   0.00000E+00  0.00000E+00 0.00000
           248   1.20000E-03   0.00000E+00  0.00000E+00 0.00000   0.00000E+00  0.00000E+00 0.00000
           249   1.00000E-03   0.00000E+00  0.00000E+00 0.00000   0.00000E+00  0.00000E+00 0.00000
           250   7.50000E-04   0.00000E+00  0.00000E+00 0.00000   0.00000E+00  0.00000E+00 0.00000
           251   5.00000E-04   0.00000E+00  0.00000E+00 0.00000   0.00000E+00  0.00000E+00 0.00000
           252   1.00000E-04   0.00000E+00  0.00000E+00 0.00000   0.00000E+00  0.00000E+00 0.00000
         -----  ------------  ------------ ------------ -------  ------------ ------------ -------

         Total Neutron Fluxes - over all energy groups and time bins

                upper energy        track-length estimator          collision-density estimator   
         group      (eV)             value  uncertainty     rel         value  uncertainty     rel
         -----  ------------  ------------ ------------ -------  ------------ ------------ -------
                               1.28486E-04  2.04896E-07 0.00159   1.28289E-04  3.30443E-07 0.00258
         -----  ------------  ------------ ------------ -------  ------------ ------------ -------

         Response: 140 (using track-length fluxes)
              Al-27 (n,alpha) 28-Al Foil Macro

             for time bin 1 ( 0.0000000E+00 to  1.0000000E+06 sec)

                upper energy
         group      (eV)             value  uncertainty     rel
         -----  ------------  ------------ ------------ -------
             1   2.00000E+07   0.00000E+00  0.00000E+00 0.00000
             2   1.73300E+07   0.00000E+00  0.00000E+00 0.00000
             3   1.56800E+07   0.00000E+00  0.00000E+00 0.00000
             4   1.45500E+07   1.29720E-07  4.53434E-10 0.00350
             5   1.38400E+07   1.00774E-08  1.16669E-10 0.01158
             6   1.28400E+07   8.03790E-09  9.55588E-11 0.01189
             7   1.00000E+07   4.23489E-09  5.36798E-11 0.01268
             8   8.18700E+06   2.27728E-09  2.31054E-11 0.01015
             9   6.43400E+06   1.45017E-10  1.19856E-12 0.00826
            10   4.80000E+06   8.73593E-14  9.55746E-16 0.01094
            11   4.30400E+06   4.17966E-17  2.18834E-19 0.00524
            12   3.00000E+06   0.00000E+00  0.00000E+00 0.00000
            13   2.47900E+06   0.00000E+00  0.00000E+00 0.00000
            14   2.35400E+06   0.00000E+00  0.00000E+00 0.00000
            15   1.85000E+06   0.00000E+00  0.00000E+00 0.00000
            16   1.50000E+06   0.00000E+00  0.00000E+00 0.00000
            17   1.40000E+06   0.00000E+00  0.00000E+00 0.00000
            18   1.35600E+06   0.00000E+00  0.00000E+00 0.00000
            19   1.31700E+06   0.00000E+00  0.00000E+00 0.00000
            20   1.25000E+06   0.00000E+00  0.00000E+00 0.00000
            21   1.20000E+06   0.00000E+00  0.00000E+00 0.00000
            22   1.10000E+06   0.00000E+00  0.00000E+00 0.00000
            23   1.01000E+06   0.00000E+00  0.00000E+00 0.00000
            24   9.20000E+05   0.00000E+00  0.00000E+00 0.00000
            25   9.00000E+05   0.00000E+00  0.00000E+00 0.00000
            26   8.75000E+05   0.00000E+00  0.00000E+00 0.00000
            27   8.61100E+05   0.00000E+00  0.00000E+00 0.00000
            28   8.20000E+05   0.00000E+00  0.00000E+00 0.00000
            29   7.50000E+05   0.00000E+00  0.00000E+00 0.00000
            30   6.79000E+05   0.00000E+00  0.00000E+00 0.00000
            31   6.70000E+05   0.00000E+00  0.00000E+00 0.00000
            32   6.00000E+05   0.00000E+00  0.00000E+00 0.00000
            33   5.73000E+05   0.00000E+00  0.00000E+00 0.00000
            34   5.50000E+05   0.00000E+00  0.00000E+00 0.00000
            35   4.92000E+05   0.00000E+00  0.00000E+00 0.00000
            36   4.70000E+05   0.00000E+00  0.00000E+00 0.00000
            37   4.40000E+05   0.00000E+00  0.00000E+00 0.00000
            38   4.20000E+05   0.00000E+00  0.00000E+00 0.00000
            39   4.00000E+05   0.00000E+00  0.00000E+00 0.00000
            40   3.30000E+05   0.00000E+00  0.00000E+00 0.00000
            41   2.70000E+05   0.00000E+00  0.00000E+00 0.00000
            42   2.00000E+05   0.00000E+00  0.00000E+00 0.00000
            43   1.49000E+05   0.00000E+00  0.00000E+00 0.00000
            44   1.28300E+05   0.00000E+00  0.00000E+00 0.00000
            45   1.00000E+05   0.00000E+00  0.00000E+00 0.00000
            46   8.50000E+04   0.00000E+00  0.00000E+00 0.00000
            47   8.20000E+04   0.00000E+00  0.00000E+00 0.00000
            48   7.50000E+04   0.00000E+00  0.00000E+00 0.00000
            49   7.30000E+04   0.00000E+00  0.00000E+00 0.00000
            50   6.00000E+04   0.00000E+00  0.00000E+00 0.00000
            51   5.20000E+04   0.00000E+00  0.00000E+00 0.00000
            52   5.00000E+04   0.00000E+00  0.00000E+00 0.00000
            53   4.50000E+04   0.00000E+00  0.00000E+00 0.00000
            54   3.00000E+04   0.00000E+00  0.00000E+00 0.00000
            55   2.00000E+04   0.00000E+00  0.00000E+00 0.00000
            56   1.70000E+04   0.00000E+00  0.00000E+00 0.00000
            57   1.30000E+04   0.00000E+00  0.00000E+00 0.00000
            58   9.50000E+03   0.00000E+00  0.00000E+00 0.00000
            59   8.03000E+03   0.00000E+00  0.00000E+00 0.00000
            60   5.70000E+03   0.00000E+00  0.00000E+00 0.00000
            61   3.90000E+03   0.00000E+00  0.00000E+00 0.00000
            62   3.74000E+03   0.00000E+00  0.00000E+00 0.00000
            63   3.00000E+03   0.00000E+00  0.00000E+00 0.00000
            64   2.50000E+03   0.00000E+00  0.00000E+00 0.00000
            65   2.25000E+03   0.00000E+00  0.00000E+00 0.00000
            66   2.20000E+03   0.00000E+00  0.00000E+00 0.00000
            67   1.80000E+03   0.00000E+00  0.00000E+00 0.00000
            68   1.55000E+03   0.00000E+00  0.00000E+00 0.00000
            69   1.50000E+03   0.00000E+00  0.00000E+00 0.00000
            70   1.15000E+03   0.00000E+00  0.00000E+00 0.00000
            71   9.50000E+02   0.00000E+00  0.00000E+00 0.00000
            72   6.83000E+02   0.00000E+00  0.00000E+00 0.00000
            73   6.70000E+02   0.00000E+00  0.00000E+00 0.00000
            74   5.50000E+02   0.00000E+00  0.00000E+00 0.00000
            75   3.05000E+02   0.00000E+00  0.00000E+00 0.00000
            76   2.85000E+02   0.00000E+00  0.00000E+00 0.00000
            77   2.40000E+02   0.00000E+00  0.00000E+00 0.00000
            78   2.20000E+02   0.00000E+00  0.00000E+00 0.00000
            79   2.09500E+02   0.00000E+00  0.00000E+00 0.00000
            80   2.07400E+02   0.00000E+00  0.00000E+00 0.00000
            81   2.02000E+02   0.00000E+00  0.00000E+00 0.00000
            82   1.93000E+02   0.00000E+00  0.00000E+00 0.00000
            83   1.91500E+02   0.00000E+00  0.00000E+00 0.00000
            84   1.88500E+02   0.00000E+00  0.00000E+00 0.00000
            85   1.87700E+02   0.00000E+00  0.00000E+00 0.00000
            86   1.80000E+02   0.00000E+00  0.00000E+00 0.00000
            87   1.70000E+02   0.00000E+00  0.00000E+00 0.00000
            88   1.43000E+02   0.00000E+00  0.00000E+00 0.00000
            89   1.22000E+02   0.00000E+00  0.00000E+00 0.00000
            90   1.19000E+02   0.00000E+00  0.00000E+00 0.00000
            91   1.17500E+02   0.00000E+00  0.00000E+00 0.00000
            92   1.16000E+02   0.00000E+00  0.00000E+00 0.00000
            93   1.13000E+02   0.00000E+00  0.00000E+00 0.00000
            94   1.08000E+02   0.00000E+00  0.00000E+00 0.00000
            95   1.05000E+02   0.00000E+00  0.00000E+00 0.00000
            96   1.01200E+02   0.00000E+00  0.00000E+00 0.00000
            97   9.70000E+01   0.00000E+00  0.00000E+00 0.00000
            98   9.00000E+01   0.00000E+00  0.00000E+00 0.00000
            99   8.17000E+01   0.00000E+00  0.00000E+00 0.00000
           100   8.00000E+01   0.00000E+00  0.00000E+00 0.00000
           101   7.60000E+01   0.00000E+00  0.00000E+00 0.00000
           102   7.20000E+01   0.00000E+00  0.00000E+00 0.00000
           103   6.75000E+01   0.00000E+00  0.00000E+00 0.00000
           104   6.50000E+01   0.00000E+00  0.00000E+00 0.00000
           105   6.30000E+01   0.00000E+00  0.00000E+00 0.00000
           106   6.10000E+01   0.00000E+00  0.00000E+00 0.00000
           107   5.80000E+01   0.00000E+00  0.00000E+00 0.00000
           108   5.34000E+01   0.00000E+00  0.00000E+00 0.00000
           109   5.06000E+01   0.00000E+00  0.00000E+00 0.00000
           110   4.83000E+01   0.00000E+00  0.00000E+00 0.00000
           111   4.52000E+01   0.00000E+00  0.00000E+00 0.00000
           112   4.40000E+01   0.00000E+00  0.00000E+00 0.00000
           113   4.24000E+01   0.00000E+00  0.00000E+00 0.00000
           114   4.10000E+01   0.00000E+00  0.00000E+00 0.00000
           115   3.96000E+01   0.00000E+00  0.00000E+00 0.00000
           116   3.91000E+01   0.00000E+00  0.00000E+00 0.00000
           117   3.80000E+01   0.00000E+00  0.00000E+00 0.00000
           118   3.76300E+01   0.00000E+00  0.00000E+00 0.00000
           119   3.72700E+01   0.00000E+00  0.00000E+00 0.00000
           120   3.71300E+01   0.00000E+00  0.00000E+00 0.00000
           121   3.70000E+01   0.00000E+00  0.00000E+00 0.00000
           122   3.60000E+01   0.00000E+00  0.00000E+00 0.00000
           123   3.55000E+01   0.00000E+00  0.00000E+00 0.00000
           124   3.50000E+01   0.00000E+00  0.00000E+00 0.00000
           125   3.37500E+01   0.00000E+00  0.00000E+00 0.00000
           126   3.32500E+01   0.00000E+00  0.00000E+00 0.00000
           127   3.17500E+01   0.00000E+00  0.00000E+00 0.00000
           128   3.12500E+01   0.00000E+00  0.00000E+00 0.00000
           129   3.00000E+01   0.00000E+00  0.00000E+00 0.00000
           130   2.75000E+01   0.00000E+00  0.00000E+00 0.00000
           131   2.50000E+01   0.00000E+00  0.00000E+00 0.00000
           132   2.25000E+01   0.00000E+00  0.00000E+00 0.00000
           133   2.17500E+01   0.00000E+00  0.00000E+00 0.00000
           134   2.12000E+01   0.00000E+00  0.00000E+00 0.00000
           135   2.05000E+01   0.00000E+00  0.00000E+00 0.00000
           136   2.00000E+01   0.00000E+00  0.00000E+00 0.00000
           137   1.94000E+01   0.00000E+00  0.00000E+00 0.00000
           138   1.85000E+01   0.00000E+00  0.00000E+00 0.00000
           139   1.70000E+01   0.00000E+00  0.00000E+00 0.00000
           140   1.60000E+01   0.00000E+00  0.00000E+00 0.00000
           141   1.44000E+01   0.00000E+00  0.00000E+00 0.00000
           142   1.29000E+01   0.00000E+00  0.00000E+00 0.00000
           143   1.19000E+01   0.00000E+00  0.00000E+00 0.00000
           144   1.15000E+01   0.00000E+00  0.00000E+00 0.00000
           145   1.00000E+01   0.00000E+00  0.00000E+00 0.00000
           146   9.10000E+00   0.00000E+00  0.00000E+00 0.00000
           147   8.10000E+00   0.00000E+00  0.00000E+00 0.00000
           148   7.15000E+00   0.00000E+00  0.00000E+00 0.00000
           149   7.00000E+00   0.00000E+00  0.00000E+00 0.00000
           150   6.87500E+00   0.00000E+00  0.00000E+00 0.00000
           151   6.75000E+00   0.00000E+00  0.00000E+00 0.00000
           152   6.50000E+00   0.00000E+00  0.00000E+00 0.00000
           153   6.25000E+00   0.00000E+00  0.00000E+00 0.00000
           154   6.00000E+00   0.00000E+00  0.00000E+00 0.00000
           155   5.40000E+00   0.00000E+00  0.00000E+00 0.00000
           156   5.00000E+00   0.00000E+00  0.00000E+00 0.00000
           157   4.70000E+00   0.00000E+00  0.00000E+00 0.00000
           158   4.10000E+00   0.00000E+00  0.00000E+00 0.00000
           159   3.73000E+00   0.00000E+00  0.00000E+00 0.00000
           160   3.50000E+00   0.00000E+00  0.00000E+00 0.00000
           161   3.20000E+00   0.00000E+00  0.00000E+00 0.00000
           162   3.10000E+00   0.00000E+00  0.00000E+00 0.00000
           163   3.00000E+00   0.00000E+00  0.00000E+00 0.00000
           164   2.97000E+00   0.00000E+00  0.00000E+00 0.00000
           165   2.87000E+00   0.00000E+00  0.00000E+00 0.00000
           166   2.77000E+00   0.00000E+00  0.00000E+00 0.00000
           167   2.67000E+00   0.00000E+00  0.00000E+00 0.00000
           168   2.57000E+00   0.00000E+00  0.00000E+00 0.00000
           169   2.47000E+00   0.00000E+00  0.00000E+00 0.00000
           170   2.38000E+00   0.00000E+00  0.00000E+00 0.00000
           171   2.30000E+00   0.00000E+00  0.00000E+00 0.00000
           172   2.21000E+00   0.00000E+00  0.00000E+00 0.00000
           173   2.12000E+00   0.00000E+00  0.00000E+00 0.00000
           174   2.00000E+00   0.00000E+00  0.00000E+00 0.00000
           175   1.94000E+00   0.00000E+00  0.00000E+00 0.00000
           176   1.86000E+00   0.00000E+00  0.00000E+00 0.00000
           177   1.77000E+00   0.00000E+00  0.00000E+00 0.00000
           178   1.68000E+00   0.00000E+00  0.00000E+00 0.00000
           179   1.59000E+00   0.00000E+00  0.00000E+00 0.00000
           180   1.50000E+00   0.00000E+00  0.00000E+00 0.00000
           181   1.45000E+00   0.00000E+00  0.00000E+00 0.00000
           182   1.40000E+00   0.00000E+00  0.00000E+00 0.00000
           183   1.35000E+00   0.00000E+00  0.00000E+00 0.00000
           184   1.30000E+00   0.00000E+00  0.00000E+00 0.00000
           185   1.25000E+00   0.00000E+00  0.00000E+00 0.00000
           186   1.22500E+00   0.00000E+00  0.00000E+00 0.00000
           187   1.20000E+00   0.00000E+00  0.00000E+00 0.00000
           188   1.17500E+00   0.00000E+00  0.00000E+00 0.00000
           189   1.15000E+00   0.00000E+00  0.00000E+00 0.00000
           190   1.14000E+00   0.00000E+00  0.00000E+00 0.00000
           191   1.13000E+00   0.00000E+00  0.00000E+00 0.00000
           192   1.12000E+00   0.00000E+00  0.00000E+00 0.00000
           193   1.11000E+00   0.00000E+00  0.00000E+00 0.00000
           194   1.10000E+00   0.00000E+00  0.00000E+00 0.00000
           195   1.09000E+00   0.00000E+00  0.00000E+00 0.00000
           196   1.08000E+00   0.00000E+00  0.00000E+00 0.00000
           197   1.07000E+00   0.00000E+00  0.00000E+00 0.00000
           198   1.06000E+00   0.00000E+00  0.00000E+00 0.00000
           199   1.05000E+00   0.00000E+00  0.00000E+00 0.00000
           200   1.04000E+00   0.00000E+00  0.00000E+00 0.00000
           201   1.03000E+00   0.00000E+00  0.00000E+00 0.00000
           202   1.02000E+00   0.00000E+00  0.00000E+00 0.00000
           203   1.01000E+00   0.00000E+00  0.00000E+00 0.00000
           204   1.00000E+00   0.00000E+00  0.00000E+00 0.00000
           205   9.75000E-01   0.00000E+00  0.00000E+00 0.00000
           206   9.50000E-01   0.00000E+00  0.00000E+00 0.00000
           207   9.25000E-01   0.00000E+00  0.00000E+00 0.00000
           208   9.00000E-01   0.00000E+00  0.00000E+00 0.00000
           209   8.50000E-01   0.00000E+00  0.00000E+00 0.00000
           210   8.00000E-01   0.00000E+00  0.00000E+00 0.00000
           211   7.50000E-01   0.00000E+00  0.00000E+00 0.00000
           212   7.00000E-01   0.00000E+00  0.00000E+00 0.00000
           213   6.50000E-01   0.00000E+00  0.00000E+00 0.00000
           214   6.25000E-01   0.00000E+00  0.00000E+00 0.00000
           215   6.00000E-01   0.00000E+00  0.00000E+00 0.00000
           216   5.50000E-01   0.00000E+00  0.00000E+00 0.00000
           217   5.00000E-01   0.00000E+00  0.00000E+00 0.00000
           218   4.50000E-01   0.00000E+00  0.00000E+00 0.00000
           219   4.00000E-01   0.00000E+00  0.00000E+00 0.00000
           220   3.75000E-01   0.00000E+00  0.00000E+00 0.00000
           221   3.50000E-01   0.00000E+00  0.00000E+00 0.00000
           222   3.25000E-01   0.00000E+00  0.00000E+00 0.00000
           223   3.00000E-01   0.00000E+00  0.00000E+00 0.00000
           224   2.75000E-01   0.00000E+00  0.00000E+00 0.00000
           225   2.50000E-01   0.00000E+00  0.00000E+00 0.00000
           226   2.25000E-01   0.00000E+00  0.00000E+00 0.00000
           227   2.00000E-01   0.00000E+00  0.00000E+00 0.00000
           228   1.75000E-01   0.00000E+00  0.00000E+00 0.00000
           229   1.50000E-01   0.00000E+00  0.00000E+00 0.00000
           230   1.25000E-01   0.00000E+00  0.00000E+00 0.00000
           231   1.00000E-01   0.00000E+00  0.00000E+00 0.00000
           232   9.00000E-02   0.00000E+00  0.00000E+00 0.00000
           233   8.00000E-02   0.00000E+00  0.00000E+00 0.00000
           234   7.00000E-02   0.00000E+00  0.00000E+00 0.00000
           235   6.00000E-02   0.00000E+00  0.00000E+00 0.00000
           236   5.00000E-02   0.00000E+00  0.00000E+00 0.00000
           237   4.00000E-02   0.00000E+00  0.00000E+00 0.00000
           238   3.00000E-02   0.00000E+00  0.00000E+00 0.00000
           239   2.53000E-02   0.00000E+00  0.00000E+00 0.00000
           240   1.00000E-02   0.00000E+00  0.00000E+00 0.00000
           241   7.50000E-03   0.00000E+00  0.00000E+00 0.00000
           242   5.00000E-03   0.00000E+00  0.00000E+00 0.00000
           243   4.00000E-03   0.00000E+00  0.00000E+00 0.00000
           244   3.00000E-03   0.00000E+00  0.00000E+00 0.00000
           245   2.50000E-03   0.00000E+00  0.00000E+00 0.00000
           246   2.00000E-03   0.00000E+00  0.00000E+00 0.00000
           247   1.50000E-03   0.00000E+00  0.00000E+00 0.00000
           248   1.20000E-03   0.00000E+00  0.00000E+00 0.00000
           249   1.00000E-03   0.00000E+00  0.00000E+00 0.00000
           250   7.50000E-04   0.00000E+00  0.00000E+00 0.00000
           251   5.00000E-04   0.00000E+00  0.00000E+00 0.00000
           252   1.00000E-04   0.00000E+00  0.00000E+00 0.00000
         -----  ------------  ------------ ------------ -------

         Total Response - over all energy groups and time bins

                upper energy
         group      (eV)             value  uncertainty     rel
         -----  ------------  ------------ ------------ -------
         total                 1.54492E-07  5.05711E-10 0.00327
         -----  ------------  ------------ ------------ -------

         Response: 142 (using track-length fluxes)
              Al-27 (n,p) 27-Mg Foil Macro

             for time bin 1 ( 0.0000000E+00 to  1.0000000E+06 sec)

                upper energy
         group      (eV)             value  uncertainty     rel
         -----  ------------  ------------ ------------ -------
             1   2.00000E+07   0.00000E+00  0.00000E+00 0.00000
             2   1.73300E+07   0.00000E+00  0.00000E+00 0.00000
             3   1.56800E+07   0.00000E+00  0.00000E+00 0.00000
             4   1.45500E+07   7.99180E-08  2.79352E-10 0.00350
             5   1.38400E+07   6.90476E-09  7.99386E-11 0.01158
             6   1.28400E+07   7.25890E-09  8.62976E-11 0.01189
             7   1.00000E+07   5.54551E-09  7.02928E-11 0.01268
             8   8.18700E+06   6.05623E-09  6.14468E-11 0.01015
             9   6.43400E+06   5.35806E-09  4.42839E-11 0.00826
            10   4.80000E+06   1.12244E-09  1.22799E-11 0.01094
            11   4.30400E+06   1.83744E-09  9.62027E-12 0.00524
            12   3.00000E+06   9.56010E-11  5.40113E-13 0.00565
            13   2.47900E+06   1.57520E-12  1.46981E-14 0.00933
            14   2.35400E+06   4.11718E-13  1.84044E-15 0.00447
            15   1.85000E+06   0.00000E+00  0.00000E+00 0.00000
            16   1.50000E+06   0.00000E+00  0.00000E+00 0.00000
            17   1.40000E+06   0.00000E+00  0.00000E+00 0.00000
            18   1.35600E+06   0.00000E+00  0.00000E+00 0.00000
            19   1.31700E+06   0.00000E+00  0.00000E+00 0.00000
            20   1.25000E+06   0.00000E+00  0.00000E+00 0.00000
            21   1.20000E+06   0.00000E+00  0.00000E+00 0.00000
            22   1.10000E+06   0.00000E+00  0.00000E+00 0.00000
            23   1.01000E+06   0.00000E+00  0.00000E+00 0.00000
            24   9.20000E+05   0.00000E+00  0.00000E+00 0.00000
            25   9.00000E+05   0.00000E+00  0.00000E+00 0.00000
            26   8.75000E+05   0.00000E+00  0.00000E+00 0.00000
            27   8.61100E+05   0.00000E+00  0.00000E+00 0.00000
            28   8.20000E+05   0.00000E+00  0.00000E+00 0.00000
            29   7.50000E+05   0.00000E+00  0.00000E+00 0.00000
            30   6.79000E+05   0.00000E+00  0.00000E+00 0.00000
            31   6.70000E+05   0.00000E+00  0.00000E+00 0.00000
            32   6.00000E+05   0.00000E+00  0.00000E+00 0.00000
            33   5.73000E+05   0.00000E+00  0.00000E+00 0.00000
            34   5.50000E+05   0.00000E+00  0.00000E+00 0.00000
            35   4.92000E+05   0.00000E+00  0.00000E+00 0.00000
            36   4.70000E+05   0.00000E+00  0.00000E+00 0.00000
            37   4.40000E+05   0.00000E+00  0.00000E+00 0.00000
            38   4.20000E+05   0.00000E+00  0.00000E+00 0.00000
            39   4.00000E+05   0.00000E+00  0.00000E+00 0.00000
            40   3.30000E+05   0.00000E+00  0.00000E+00 0.00000
            41   2.70000E+05   0.00000E+00  0.00000E+00 0.00000
            42   2.00000E+05   0.00000E+00  0.00000E+00 0.00000
            43   1.49000E+05   0.00000E+00  0.00000E+00 0.00000
            44   1.28300E+05   0.00000E+00  0.00000E+00 0.00000
            45   1.00000E+05   0.00000E+00  0.00000E+00 0.00000
            46   8.50000E+04   0.00000E+00  0.00000E+00 0.00000
            47   8.20000E+04   0.00000E+00  0.00000E+00 0.00000
            48   7.50000E+04   0.00000E+00  0.00000E+00 0.00000
            49   7.30000E+04   0.00000E+00  0.00000E+00 0.00000
            50   6.00000E+04   0.00000E+00  0.00000E+00 0.00000
            51   5.20000E+04   0.00000E+00  0.00000E+00 0.00000
            52   5.00000E+04   0.00000E+00  0.00000E+00 0.00000
            53   4.50000E+04   0.00000E+00  0.00000E+00 0.00000
            54   3.00000E+04   0.00000E+00  0.00000E+00 0.00000
            55   2.00000E+04   0.00000E+00  0.00000E+00 0.00000
            56   1.70000E+04   0.00000E+00  0.00000E+00 0.00000
            57   1.30000E+04   0.00000E+00  0.00000E+00 0.00000
            58   9.50000E+03   0.00000E+00  0.00000E+00 0.00000
            59   8.03000E+03   0.00000E+00  0.00000E+00 0.00000
            60   5.70000E+03   0.00000E+00  0.00000E+00 0.00000
            61   3.90000E+03   0.00000E+00  0.00000E+00 0.00000
            62   3.74000E+03   0.00000E+00  0.00000E+00 0.00000
            63   3.00000E+03   0.00000E+00  0.00000E+00 0.00000
            64   2.50000E+03   0.00000E+00  0.00000E+00 0.00000
            65   2.25000E+03   0.00000E+00  0.00000E+00 0.00000
            66   2.20000E+03   0.00000E+00  0.00000E+00 0.00000
            67   1.80000E+03   0.00000E+00  0.00000E+00 0.00000
            68   1.55000E+03   0.00000E+00  0.00000E+00 0.00000
            69   1.50000E+03   0.00000E+00  0.00000E+00 0.00000
            70   1.15000E+03   0.00000E+00  0.00000E+00 0.00000
            71   9.50000E+02   0.00000E+00  0.00000E+00 0.00000
            72   6.83000E+02   0.00000E+00  0.00000E+00 0.00000
            73   6.70000E+02   0.00000E+00  0.00000E+00 0.00000
            74   5.50000E+02   0.00000E+00  0.00000E+00 0.00000
            75   3.05000E+02   0.00000E+00  0.00000E+00 0.00000
            76   2.85000E+02   0.00000E+00  0.00000E+00 0.00000
            77   2.40000E+02   0.00000E+00  0.00000E+00 0.00000
            78   2.20000E+02   0.00000E+00  0.00000E+00 0.00000
            79   2.09500E+02   0.00000E+00  0.00000E+00 0.00000
            80   2.07400E+02   0.00000E+00  0.00000E+00 0.00000
            81   2.02000E+02   0.00000E+00  0.00000E+00 0.00000
            82   1.93000E+02   0.00000E+00  0.00000E+00 0.00000
            83   1.91500E+02   0.00000E+00  0.00000E+00 0.00000
            84   1.88500E+02   0.00000E+00  0.00000E+00 0.00000
            85   1.87700E+02   0.00000E+00  0.00000E+00 0.00000
            86   1.80000E+02   0.00000E+00  0.00000E+00 0.00000
            87   1.70000E+02   0.00000E+00  0.00000E+00 0.00000
            88   1.43000E+02   0.00000E+00  0.00000E+00 0.00000
            89   1.22000E+02   0.00000E+00  0.00000E+00 0.00000
            90   1.19000E+02   0.00000E+00  0.00000E+00 0.00000
            91   1.17500E+02   0.00000E+00  0.00000E+00 0.00000
            92   1.16000E+02   0.00000E+00  0.00000E+00 0.00000
            93   1.13000E+02   0.00000E+00  0.00000E+00 0.00000
            94   1.08000E+02   0.00000E+00  0.00000E+00 0.00000
            95   1.05000E+02   0.00000E+00  0.00000E+00 0.00000
            96   1.01200E+02   0.00000E+00  0.00000E+00 0.00000
            97   9.70000E+01   0.00000E+00  0.00000E+00 0.00000
            98   9.00000E+01   0.00000E+00  0.00000E+00 0.00000
            99   8.17000E+01   0.00000E+00  0.00000E+00 0.00000
           100   8.00000E+01   0.00000E+00  0.00000E+00 0.00000
           101   7.60000E+01   0.00000E+00  0.00000E+00 0.00000
           102   7.20000E+01   0.00000E+00  0.00000E+00 0.00000
           103   6.75000E+01   0.00000E+00  0.00000E+00 0.00000
           104   6.50000E+01   0.00000E+00  0.00000E+00 0.00000
           105   6.30000E+01   0.00000E+00  0.00000E+00 0.00000
           106   6.10000E+01   0.00000E+00  0.00000E+00 0.00000
           107   5.80000E+01   0.00000E+00  0.00000E+00 0.00000
           108   5.34000E+01   0.00000E+00  0.00000E+00 0.00000
           109   5.06000E+01   0.00000E+00  0.00000E+00 0.00000
           110   4.83000E+01   0.00000E+00  0.00000E+00 0.00000
           111   4.52000E+01   0.00000E+00  0.00000E+00 0.00000
           112   4.40000E+01   0.00000E+00  0.00000E+00 0.00000
           113   4.24000E+01   0.00000E+00  0.00000E+00 0.00000
           114   4.10000E+01   0.00000E+00  0.00000E+00 0.00000
           115   3.96000E+01   0.00000E+00  0.00000E+00 0.00000
           116   3.91000E+01   0.00000E+00  0.00000E+00 0.00000
           117   3.80000E+01   0.00000E+00  0.00000E+00 0.00000
           118   3.76300E+01   0.00000E+00  0.00000E+00 0.00000
           119   3.72700E+01   0.00000E+00  0.00000E+00 0.00000
           120   3.71300E+01   0.00000E+00  0.00000E+00 0.00000
           121   3.70000E+01   0.00000E+00  0.00000E+00 0.00000
           122   3.60000E+01   0.00000E+00  0.00000E+00 0.00000
           123   3.55000E+01   0.00000E+00  0.00000E+00 0.00000
           124   3.50000E+01   0.00000E+00  0.00000E+00 0.00000
           125   3.37500E+01   0.00000E+00  0.00000E+00 0.00000
           126   3.32500E+01   0.00000E+00  0.00000E+00 0.00000
           127   3.17500E+01   0.00000E+00  0.00000E+00 0.00000
           128   3.12500E+01   0.00000E+00  0.00000E+00 0.00000
           129   3.00000E+01   0.00000E+00  0.00000E+00 0.00000
           130   2.75000E+01   0.00000E+00  0.00000E+00 0.00000
           131   2.50000E+01   0.00000E+00  0.00000E+00 0.00000
           132   2.25000E+01   0.00000E+00  0.00000E+00 0.00000
           133   2.17500E+01   0.00000E+00  0.00000E+00 0.00000
           134   2.12000E+01   0.00000E+00  0.00000E+00 0.00000
           135   2.05000E+01   0.00000E+00  0.00000E+00 0.00000
           136   2.00000E+01   0.00000E+00  0.00000E+00 0.00000
           137   1.94000E+01   0.00000E+00  0.00000E+00 0.00000
           138   1.85000E+01   0.00000E+00  0.00000E+00 0.00000
           139   1.70000E+01   0.00000E+00  0.00000E+00 0.00000
           140   1.60000E+01   0.00000E+00  0.00000E+00 0.00000
           141   1.44000E+01   0.00000E+00  0.00000E+00 0.00000
           142   1.29000E+01   0.00000E+00  0.00000E+00 0.00000
           143   1.19000E+01   0.00000E+00  0.00000E+00 0.00000
           144   1.15000E+01   0.00000E+00  0.00000E+00 0.00000
           145   1.00000E+01   0.00000E+00  0.00000E+00 0.00000
           146   9.10000E+00   0.00000E+00  0.00000E+00 0.00000
           147   8.10000E+00   0.00000E+00  0.00000E+00 0.00000
           148   7.15000E+00   0.00000E+00  0.00000E+00 0.00000
           149   7.00000E+00   0.00000E+00  0.00000E+00 0.00000
           150   6.87500E+00   0.00000E+00  0.00000E+00 0.00000
           151   6.75000E+00   0.00000E+00  0.00000E+00 0.00000
           152   6.50000E+00   0.00000E+00  0.00000E+00 0.00000
           153   6.25000E+00   0.00000E+00  0.00000E+00 0.00000
           154   6.00000E+00   0.00000E+00  0.00000E+00 0.00000
           155   5.40000E+00   0.00000E+00  0.00000E+00 0.00000
           156   5.00000E+00   0.00000E+00  0.00000E+00 0.00000
           157   4.70000E+00   0.00000E+00  0.00000E+00 0.00000
           158   4.10000E+00   0.00000E+00  0.00000E+00 0.00000
           159   3.73000E+00   0.00000E+00  0.00000E+00 0.00000
           160   3.50000E+00   0.00000E+00  0.00000E+00 0.00000
           161   3.20000E+00   0.00000E+00  0.00000E+00 0.00000
           162   3.10000E+00   0.00000E+00  0.00000E+00 0.00000
           163   3.00000E+00   0.00000E+00  0.00000E+00 0.00000
           164   2.97000E+00   0.00000E+00  0.00000E+00 0.00000
           165   2.87000E+00   0.00000E+00  0.00000E+00 0.00000
           166   2.77000E+00   0.00000E+00  0.00000E+00 0.00000
           167   2.67000E+00   0.00000E+00  0.00000E+00 0.00000
           168   2.57000E+00   0.00000E+00  0.00000E+00 0.00000
           169   2.47000E+00   0.00000E+00  0.00000E+00 0.00000
           170   2.38000E+00   0.00000E+00  0.00000E+00 0.00000
           171   2.30000E+00   0.00000E+00  0.00000E+00 0.00000
           172   2.21000E+00   0.00000E+00  0.00000E+00 0.00000
           173   2.12000E+00   0.00000E+00  0.00000E+00 0.00000
           174   2.00000E+00   0.00000E+00  0.00000E+00 0.00000
           175   1.94000E+00   0.00000E+00  0.00000E+00 0.00000
           176   1.86000E+00   0.00000E+00  0.00000E+00 0.00000
           177   1.77000E+00   0.00000E+00  0.00000E+00 0.00000
           178   1.68000E+00   0.00000E+00  0.00000E+00 0.00000
           179   1.59000E+00   0.00000E+00  0.00000E+00 0.00000
           180   1.50000E+00   0.00000E+00  0.00000E+00 0.00000
           181   1.45000E+00   0.00000E+00  0.00000E+00 0.00000
           182   1.40000E+00   0.00000E+00  0.00000E+00 0.00000
           183   1.35000E+00   0.00000E+00  0.00000E+00 0.00000
           184   1.30000E+00   0.00000E+00  0.00000E+00 0.00000
           185   1.25000E+00   0.00000E+00  0.00000E+00 0.00000
           186   1.22500E+00   0.00000E+00  0.00000E+00 0.00000
           187   1.20000E+00   0.00000E+00  0.00000E+00 0.00000
           188   1.17500E+00   0.00000E+00  0.00000E+00 0.00000
           189   1.15000E+00   0.00000E+00  0.00000E+00 0.00000
           190   1.14000E+00   0.00000E+00  0.00000E+00 0.00000
           191   1.13000E+00   0.00000E+00  0.00000E+00 0.00000
           192   1.12000E+00   0.00000E+00  0.00000E+00 0.00000
           193   1.11000E+00   0.00000E+00  0.00000E+00 0.00000
           194   1.10000E+00   0.00000E+00  0.00000E+00 0.00000
           195   1.09000E+00   0.00000E+00  0.00000E+00 0.00000
           196   1.08000E+00   0.00000E+00  0.00000E+00 0.00000
           197   1.07000E+00   0.00000E+00  0.00000E+00 0.00000
           198   1.06000E+00   0.00000E+00  0.00000E+00 0.00000
           199   1.05000E+00   0.00000E+00  0.00000E+00 0.00000
           200   1.04000E+00   0.00000E+00  0.00000E+00 0.00000
           201   1.03000E+00   0.00000E+00  0.00000E+00 0.00000
           202   1.02000E+00   0.00000E+00  0.00000E+00 0.00000
           203   1.01000E+00   0.00000E+00  0.00000E+00 0.00000
           204   1.00000E+00   0.00000E+00  0.00000E+00 0.00000
           205   9.75000E-01   0.00000E+00  0.00000E+00 0.00000
           206   9.50000E-01   0.00000E+00  0.00000E+00 0.00000
           207   9.25000E-01   0.00000E+00  0.00000E+00 0.00000
           208   9.00000E-01   0.00000E+00  0.00000E+00 0.00000
           209   8.50000E-01   0.00000E+00  0.00000E+00 0.00000
           210   8.00000E-01   0.00000E+00  0.00000E+00 0.00000
           211   7.50000E-01   0.00000E+00  0.00000E+00 0.00000
           212   7.00000E-01   0.00000E+00  0.00000E+00 0.00000
           213   6.50000E-01   0.00000E+00  0.00000E+00 0.00000
           214   6.25000E-01   0.00000E+00  0.00000E+00 0.00000
           215   6.00000E-01   0.00000E+00  0.00000E+00 0.00000
           216   5.50000E-01   0.00000E+00  0.00000E+00 0.00000
           217   5.00000E-01   0.00000E+00  0.00000E+00 0.00000
           218   4.50000E-01   0.00000E+00  0.00000E+00 0.00000
           219   4.00000E-01   0.00000E+00  0.00000E+00 0.00000
           220   3.75000E-01   0.00000E+00  0.00000E+00 0.00000
           221   3.50000E-01   0.00000E+00  0.00000E+00 0.00000
           222   3.25000E-01   0.00000E+00  0.00000E+00 0.00000
           223   3.00000E-01   0.00000E+00  0.00000E+00 0.00000
           224   2.75000E-01   0.00000E+00  0.00000E+00 0.00000
           225   2.50000E-01   0.00000E+00  0.00000E+00 0.00000
           226   2.25000E-01   0.00000E+00  0.00000E+00 0.00000
           227   2.00000E-01   0.00000E+00  0.00000E+00 0.00000
           228   1.75000E-01   0.00000E+00  0.00000E+00 0.00000
           229   1.50000E-01   0.00000E+00  0.00000E+00 0.00000
           230   1.25000E-01   0.00000E+00  0.00000E+00 0.00000
           231   1.00000E-01   0.00000E+00  0.00000E+00 0.00000
           232   9.00000E-02   0.00000E+00  0.00000E+00 0.00000
           233   8.00000E-02   0.00000E+00  0.00000E+00 0.00000
           234   7.00000E-02   0.00000E+00  0.00000E+00 0.00000
           235   6.00000E-02   0.00000E+00  0.00000E+00 0.00000
           236   5.00000E-02   0.00000E+00  0.00000E+00 0.00000
           237   4.00000E-02   0.00000E+00  0.00000E+00 0.00000
           238   3.00000E-02   0.00000E+00  0.00000E+00 0.00000
           239   2.53000E-02   0.00000E+00  0.00000E+00 0.00000
           240   1.00000E-02   0.00000E+00  0.00000E+00 0.00000
           241   7.50000E-03   0.00000E+00  0.00000E+00 0.00000
           242   5.00000E-03   0.00000E+00  0.00000E+00 0.00000
           243   4.00000E-03   0.00000E+00  0.00000E+00 0.00000
           244   3.00000E-03   0.00000E+00  0.00000E+00 0.00000
           245   2.50000E-03   0.00000E+00  0.00000E+00 0.00000
           246   2.00000E-03   0.00000E+00  0.00000E+00 0.00000
           247   1.50000E-03   0.00000E+00  0.00000E+00 0.00000
           248   1.20000E-03   0.00000E+00  0.00000E+00 0.00000
           249   1.00000E-03   0.00000E+00  0.00000E+00 0.00000
           250   7.50000E-04   0.00000E+00  0.00000E+00 0.00000
           251   5.00000E-04   0.00000E+00  0.00000E+00 0.00000
           252   1.00000E-04   0.00000E+00  0.00000E+00 0.00000
         -----  ------------  ------------ ------------ -------

         Total Response - over all energy groups and time bins

                upper energy
         group      (eV)             value  uncertainty     rel
         -----  ------------  ------------ ------------ -------
         total                 1.14099E-07  3.51096E-10 0.00308
         -----  ------------  ------------ ------------ -------


