CRM Thesis_10|2017-08-16T16:58:48-08:00|-84.082090|39.777615
0   0   0   0   0   0                               
100.0     100.0     100.0     1277.0              1.0       
            
0.0       0.0       0.0       
2.6       0.407     4.0       
Alt(m)   Temp(C)   Press(mb) RHum(%)   U.S. Standard Atmosphere
(6f10.0)
1.0       1.0       100.0     1.0       1.0       1.0       0.0       273.15    
1   2   3   4   5   6   
0.0       15.0      1013.3    0.0       
1000.0    8.5       898.8     0.0       
2000.0    2.0       795.0     0.0       
3000.0    -4.49     701.2     0.0       
4000.0    -10.98    616.6     0.0       
5000.0    -17.47    540.5     0.0       
6000.0    -23.96    472.2     0.0       
8000.0    -36.93    356.5     0.0       
10000.0   -49.9     265.0     0.0       
12000.0   -56.5     194.0     0.0       
15000.0   -56.5     121.1     0.0       
20000.0   -56.5     55.29     0.0       
25000.0   -51.6     25.49     0.0       
30000.0   -46.64    11.97     0.0       
35000.0   -36.64    5.746     0.0       
40000.0   -22.8     2.871     0.0       
45000.0   -8.99     1.491     0.0       
50000.0   -2.5      0.7978    0.0       
999999.
wind  meteorological  Effective Wind: dir=270, speed=15mph
(3f10.0)
1.0       1.0       1.0       0.0       0.0       
1   2   3   
2000.0    270.0     6.7056    
5000.0    270.0     6.7056    
10000.0   270.0     6.7056    
20000.0   270.0     6.7056    
999999.
DTM Thesis_10
1   0   1   1   0   0   
4   4   1   
13950.0   -16250.0  -27950.0  28.0                
1 1 1 1 1 1 1 1 1 1 1 1 1 1 1 1
wind layer center altitudes
2000.0    5000.0    10000.0   20000.0   999999.
wind  meteorological        1 0.0         Alt(m) Dir(deg) HSpd(m/s) VSpd(m/s) X(m) Y(m) Lon Lat
25000.0   55800.0   5   
(6f10.0)
1.0       1.0       1.0       0.0       0.0       
1   2   3   4   5   6   
2000.0    270.0     6.7056    0.0       0.0       0.0       -84.08209 39.777615 
5000.0    270.0     6.7056    0.0       0.0       0.0       -84.08209 39.777615 
10000.0   270.0     6.7056    0.0       0.0       0.0       -84.08209 39.777615 
20000.0   270.0     6.7056    0.0       0.0       0.0       -84.08209 39.777615 
999999.
turb  wilkins method        1 0.0       

no more data
OPM Thesis_10
0   0                  1   1                    
          
u235fi    1.5       0.0       
-2300.000025600.0   -12500.0  12400.0   27.246093727.24609370.7       
3    4    0    0    24.0                                    
11   4    0    0                                            
14   4    0    89   0.0                 1.0                 
14   4    0    95   0.0                 1.0                 
14   4    0    99   0.0                 1.0                 
14   4    0    140  0.0                 1.0                 
17   4    0    0                                            
18   4    0    0                                            



